36.24
42
3261.482725756998
3010.0302087440004
2833.7942098238677
2958.058536820944
3066.4083835463884
2924.891663564773
2750.47748283374
2538.6450933527367
2867.014584962805
2960.0255162874832
2533.4651286874664
3238.559914477193
2952.9749632086077
2856.4985424224037
2894.813430757074
2989.659017976541
3208.2276055695665
2646.458776355602
2724.89853069317
3048.2191383495165
3081.3158284584742
2941.364756384401
2941.501650386318
2718.6643238330043
2656.992673668176
2877.412866971039
3201.5206759851903
2654.211007292477
3005.8778072152613
3115.2359141079783
2956.691084667512
3058.9037248234404
2862.316156661772
3036.3702809250576
3012.4281219061327
3094.9261056734704
3253.954037903349
3048.3352792840146
3209.0291059732026
3086.5295414849043
2933.2921416920935
2720.7693314412036
2311.8898514106295
2808.1970481126796
2544.2343788993767
2524.2013874211857
2582.334561128888
2613.874376806141
2535.7891831018137
2434.6490136012353
2334.0593036175824
2528.329669963527
2610.615550846882
2311.8898514106295
2788.296758520961
2548.957678605636
2448.2938045002875
2456.3450409597112
2618.158905887936
2839.8873237472435
2466.6283405947643
2441.263100563161
2733.1303118892074
2192.9450814934476
2538.0226950017636
2575.770417635844
2346.7406587919672
2399.6355394126836
2494.5480446756897
2778.69527513877
2346.3054301209186
2291.219661847334
2756.290624923465
2644.5566209203143
2715.863589784266
2125.6055939981284
2644.4675869038188
2423.120531854873
2299.5411197816647
2265.677630201241
2746.122325964778
2887.9872884426077
2399.8300456694274
2573.963495606465
2335.3587077691645
1994.63153785435
2125.6055939981284
2243.2382877456807
2125.6055939981284
2319.6635957089475
2402.844836136911
2285.437722132256
2200.9712608327195
2144.5004195937527
2236.4100614269164
2401.872954454351
2271.461779984768
2437.9427980294154
2262.973685648737
2253.0520956341934
2230.7238981838623
2378.5601844390712
2562.6448873434956
2260.9527600772217
2274.355891508715
2461.768450079987
2042.6121507299904
2275.6266335490072
2272.017619582159
2022.6006087145126
2203.5506120122295
2200.78527833073
2493.336759435498
2125.6055939981284
2132.1847507111643
2457.7274394677756
2352.5086006424913
2125.6055939981284
1994.63153785435
2311.3334386384317
2189.343119191754
2125.391906578323
2110.305876683733
2545.807784205535
2600.472281994293
2134.784286364471
2293.08259863067
2108.858169037523
1864.5361624569218
1955.2537752422816
1994.180799419985
1994.63153785435
2129.7754547821182
1994.63153785435
2055.4071050831585
2025.4171582414237
1946.0198001191557
1964.4063470616695
2221.494192268079
1994.63153785435
2216.0099982896295
2042.7151227294262
2035.4170024409007
1994.63153785435
2224.9649356044492
2288.3670918595253
1994.63153785435
2083.8038514632876
2169.2660955258057
1934.3454421458762
2057.6719821940037
2075.661032352943
1821.1296867113188
2011.3772873671332
1994.63153785435
1994.63153785435
1960.2606774165033
2019.2285347138843
2257.7534886215076
2137.4785818848964
1955.2537752422816
1864.5361624569218
1841.113479419191
2019.5835729129417
2010.8149133532047
1907.6545058644351
2399.3013075273225
1853.1730483528684
1771.1404546304138
2094.9846963463683
1853.1730483528684
1568.8874752032987
1846.9870666581676
1829.0100866392327
1872.9262943694562
1734.716055913757
1771.1404546304138
1903.8461749691728
1911.500882879466
1812.5944998187701
1771.1404546304138
2047.376627276488
1771.1404546304138
2055.3497882645966
1741.8524987387277
1882.9334005139146
1886.3648292702358
1771.1404546304138
1771.1404546304138
1886.3648292702358
1941.210746953474
1988.96234024249
1805.4635034689989
1886.7757364875883
1769.4696818060977
1730.6821168585939
1771.1404546304138
1886.3648292702358
1886.3648292702358
1851.9939688323893
1771.1404546304138
2074.0014385135073
2017.353846291996
1846.9870666581676
1735.6542237800443
1736.123748518464
1892.519524004156
1819.5396963073558
1821.95714789961
2206.7701375202773
1723.1859571855653
1568.8874752032987
1922.114980134788
1568.8874752032984
1438.407729237564
1718.10512798129
1543.011454530305
1559.820347503736
1492.47926040294
1537.3207760821665
1759.4777942603655
1804.002924342282
1710.3410699457718
1568.8874752032984
1568.8874752032984
1568.8874752032984
1934.346675826111
1539.5995193116125
1699.3286015633016
1757.4828905933582
1548.0998639202467
1568.8874752032984
1540.6618967520483
1495.0004060007834
1531.3027479691518
1664.6920003075152
1540.6618967520483
1509.4726083338087
1646.540257907074
1548.0998639202467
1559.820347503736
1757.4828905933582
1763.92856163759
1537.3207760821665
1933.9135063783708
1893.0913436231313
1540.6618967520483
1625.9620890973613
1626.431613835781
1568.8874752032984
1568.8874752032984
1541.0940114045216
2029.6546429354928
1558.1156319458632
1542.8611200693701
1504.6659545336513
1438.407729237564
1385.5112687700052
1608.412993298607
1433.3193198476222
1559.820347503736
1382.787125720257
1363.758916651708
1592.2858887
1719.7725532584236
1438.4077292375637
1438.4077292375637
1459.1953405206154
1438.4077292375637
1819.8316116962833
1429.9073846289298
1550.6000596496613
1757.4828905933582
1438.407729237564
1459.195340520616
1430.9697620693653
1385.3082713181004
1421.610613286469
1534.8685449833467
1430.9697620693653
1399.780473651126
1562.0155274758
1438.407729237564
1450.128212821053
1438.4077292375637
1612.5664612941634
1363.758916651708
1438.4077292375637
1438.4077292375637
1431.4362254245182
1438.4077292375637
1532.0735310702146
1438.4077292375637
1459.1953405206154
1431.4018767218386
1438.4077292375637
1386.024188963774
1433.1689853866872
1394.9738198509688
1385.5112687700052
1319.7484845774968
1516.2257065167719
1381.7440073583616
1438.4077292375637
1382.787125720257
1319.7484845774968
1319.7484845774968
1319.7484845774968
1319.7484845774968
1385.511268770005
1388.6593466575728
1319.7484845774968
1319.7484845774968
1319.7484845774968
1319.7484845774968
1319.7484845774968
1319.7484845774968
1319.7484845774968
1319.7484845774968
1310.894039780833
1370.035300797208
1449.1196467192487
1319.7484845774968
1316.3162788451432
1488.3610630824094
1319.7484845774968
1319.7484845774968
1385.511268770005
1319.7484845774968
1319.7484845774968
1385.511268770005
1385.511268770005
1362.0134569000102
1319.7484845774968
1319.7484845774968
1421.4012844875592
1388.6593466575728
1379.8265642325778
1319.7484845774968
1319.7484845774968
1381.5936728974264
1340.5673400193632
1296.1461668862316
1241.5671113083226
1451.532360253907
1296.1461668862314
1385.511268770005
1296.1461668862314
1285.9882002486736
1296.1461668862314
1296.1461668862314
1296.1461668862314
1385.511268770005
1296.1461668862314
1319.7484845774968
1285.9882002486734
1296.1461668862314
1296.1461668862314
1285.9882002486734
1296.1461668862314
1285.9882002486734
1285.9882002486734
1259.3187272915725
1296.1461668862314
1296.1461668862314
1285.9882002486734
1296.1461668862314
1426.6928204195556
1285.9882002486734
1296.1461668862314
1328.52142576858
1285.9882002486734
1285.9882002486736
1296.1461668862314
1296.1461668862314
1310.4381444107494
1296.1461668862314
1285.9882002486734
1296.1461668862314
1296.1461668862314
1296.1461668862314
1285.9882002486734
1296.1461668862314
1337.5832408232152
1296.1461668862314
1241.5671113083226
1207.8068269794992
1349.9735602028331
1241.5671113083224
1328.52142576858
1241.5671113083224
1241.5671113083224
1241.5671113083224
1241.5671113083224
1241.5671113083224
1241.5671113083224
1241.5671113083224
1241.5671113083224
1241.5671113083224
1241.5671113083224
1241.5671113083224
1241.5671113083224
1241.5671113083224
1241.5671113083224
1241.5671113083224
1241.5671113083224
1241.5671113083224
1241.5671113083224
1248.5163672105268
1241.5671113083224
1241.5671113083224
1248.5163672105268
1241.5671113083224
1241.5671113083224
1241.5671113083224
1241.5671113083224
1241.5671113083224
1241.5671113083224
1241.5671113083224
1241.5671113083224
1241.5671113083224
1241.5671113083224
1296.1461668862314
1241.5671113083224
1241.5671113083224
1241.5671113083224
1241.5671113083224
1241.5671113083224
1207.8068269794992
1179.2736908832092
1207.8068269794992
1207.8068269794992
1276.9461132793192
1207.8068269794992
1207.8068269794992
1207.8068269794992
1207.8068269794992
1207.8068269794992
1207.8068269794992
1207.8068269794992
1207.8068269794992
1207.8068269794992
1207.8068269794992
1207.8068269794992
1207.8068269794992
1207.8068269794992
1207.8068269794992
1207.8068269794992
1207.8068269794992
1207.8068269794992
1207.8068269794992
1207.8068269794992
1207.8068269794992
1207.8068269794992
1207.8068269794992
1207.8068269794992
1207.8068269794992
1207.8068269794992
1207.8068269794992
1207.8068269794992
1207.8068269794992
1207.8068269794992
1207.8068269794992
1207.8068269794992
1207.8068269794992
1241.5671113083224
1207.8068269794992
1207.8068269794992
1207.8068269794992
1207.8068269794992
1207.8068269794992
1179.2736908832092
1132.488432519026
1179.2736908832092
1179.2736908832092
1276.9461132793192
1179.2736908832092
1179.2736908832092
1179.2736908832092
1179.2736908832092
1179.2736908832092
1179.2736908832092
1207.8068269794992
1179.2736908832092
1179.2736908832092
1179.2736908832092
1179.2736908832092
1179.2736908832092
1179.2736908832092
1179.2736908832092
1179.2736908832092
1179.2736908832092
1179.2736908832092
1179.2736908832092
1179.2736908832092
1179.2736908832092
1179.2736908832092
1179.2736908832092
1179.2736908832092
1179.2736908832092
1179.2736908832092
1179.2736908832092
1179.2736908832092
1179.2736908832092
1179.2736908832092
1179.2736908832092
1179.2736908832092
1179.2736908832092
1207.8068269794992
1179.2736908832092
1179.2736908832092
1179.2736908832092
1179.2736908832092
1179.2736908832092
1132.488432519026
1132.488432519026
1132.4884325190262
1132.4884325190262
1132.4884325190262
1132.4884325190262
1132.488432519026
1132.4884325190262
1132.4884325190262
1132.488432519026
1132.488432519026
1132.4884325190262
1132.4884325190262
1132.4884325190262
1132.4884325190262
1132.4884325190262
1132.4884325190262
1132.488432519026
1132.4884325190262
1132.4884325190262
1132.488432519026
1158.5732975104795
1132.488432519026
1179.2736908832092
1132.488432519026
1132.4884325190262
1132.4884325190262
1132.4884325190262
1132.4884325190262
1132.4884325190262
1132.488432519026
1132.4884325190262
1132.4884325190262
1132.4884325190262
1132.4884325190262
1132.4884325190262
1132.4884325190262
1200.7551816036894
1132.4884325190262
1132.4884325190262
1132.4884325190262
1132.4884325190262
1132.4884325190262
1132.488432519026
1105.1057369371467
1132.4884325190262
1132.488432519026
1132.4884325190262
1105.1057369371467
1132.488432519026
1105.105736937147
1105.105736937147
1132.488432519026
1105.1057369371467
1105.1057369371467
1132.4884325190262
1105.105736937147
1105.1057369371467
1105.1057369371467
1105.105736937147
1132.488432519026
1105.1057369371467
1105.1057369371467
1105.1057369371467
1131.1906019286002
1132.488432519026
1132.4884325190262
1105.1057369371467
1105.105736937147
1105.1057369371467
1132.4884325190262
1132.4884325190262
1132.4884325190262
1132.488432519026
1132.4884325190262
1132.4884325190262
1105.105736937147
1105.1057369371467
1105.1057369371467
1105.105736937147
1132.4884325190262
1132.4884325190262
1132.4884325190262
1105.105736937147
1132.4884325190262
1105.1057369371467
1105.1057369371467
1076.3835554669693
1105.105736937147
1105.1057369371467
1105.1057369371467
1105.1057369371467
1105.1057369371467
1105.1057369371467
1105.1057369371467
1105.1057369371467
1076.3835554669693
1105.1057369371467
1105.1057369371467
1105.105736937147
1076.3835554669693
1076.3835554669693
1076.3835554669693
1105.1057369371467
1076.3835554669693
1105.1057369371467
1076.3835554669693
1105.1057369371467
1105.1057369371467
1105.1057369371467
1076.3835554669693
1076.3835554669693
1105.1057369371467
1105.1057369371467
1105.1057369371467
1105.1057369371467
1105.1057369371467
1105.1057369371467
1105.1057369371467
1076.3835554669693
1076.3835554669693
1105.1057369371467
1105.1057369371467
1105.1057369371467
1105.1057369371467
1105.1057369371467
1105.1057369371467
1105.1057369371467
1105.1057369371467
1076.3835554669693
1076.3835554669693
1076.3835554669693
1076.3835554669693
1076.3835554669693
1076.3835554669693
1076.3835554669693
1076.3835554669693
1105.1057369371467
1076.3835554669693
1048.7493253842392
1076.3835554669693
1076.3835554669693
1076.3835554669693
1076.3835554669693
1048.7493253842392
1048.7493253842392
1076.3835554669693
1048.7493253842392
1076.3835554669693
1048.7493253842392
1105.1057369371467
1076.3835554669693
1076.3835554669693
1048.7493253842392
1048.7493253842392
1076.3835554669693
1076.3835554669693
1076.3835554669693
1076.3835554669693
1076.3835554669693
1105.1057369371467
1076.3835554669693
1048.7493253842392
1048.7493253842392
1076.3835554669693
1076.3835554669693
1105.1057369371467
1076.3835554669693
1076.3835554669693
1076.3835554669693
1076.3835554669693
1076.3835554669693
1076.3835554669693
1048.7493253842392
1048.7493253842392
1048.7493253842392
1048.7493253842392
1048.7493253842392
1048.7493253842392
1076.3835554669693
1048.7493253842392
1048.7493253842392
1048.7493253842392
1048.7493253842392
1048.7493253842392
1076.3835554669693
1048.7493253842392
1048.7493253842392
1036.3577745818857
1048.7493253842392
1048.7493253842392
1048.7493253842392
1036.357774581886
1048.7493253842392
1048.7493253842392
1048.7493253842392
1048.7493253842392
1036.3577745818857
1048.7493253842392
1048.7493253842392
1048.7493253842392
1048.7493253842392
1048.7493253842392
1048.7493253842392
1048.7493253842392
1048.7493253842392
1048.7493253842392
1076.3835554669693
1048.7493253842392
1048.7493253842392
1048.7493253842392
1048.7493253842392
1048.7493253842392
1048.7493253842392
1048.7493253842392
1048.7493253842392
1025.8605810525387
1048.7493253842392
1036.357774581886
1036.357774581886
1036.357774581886
1036.357774581886
1048.7493253842392
1036.357774581886
1036.3577745818857
1036.357774581886
1036.357774581886
1036.357774581886
1036.357774581886
1036.3577745818857
1036.357774581886
1025.8605810525387
1025.8605810525387
1025.8605810525387
1025.8605810525387
1025.8605810525387
1025.8605810525387
1025.8605810525387
1048.7493253842392
1025.8605810525387
1025.8605810525387
1036.3577745818857
1036.3577745818857
1025.8605810525387
1025.8605810525387
1025.8605810525387
1025.8605810525387
1048.7493253842392
1025.8605810525387
1025.8605810525387
1025.8605810525387
1025.8605810525387
1025.8605810525387
1025.8605810525387
1025.8605810525387
1025.8605810525387
1025.8605810525387
1025.8605810525387
1025.8605810525387
1025.8605810525387
1036.357774581886
1025.8605810525387
1025.8605810525387
1025.8605810525387
1025.8605810525387
1025.8605810525387
1025.8605810525387
1025.8605810525385
1025.8605810525387
1025.8605810525387
1025.8605810525387
1025.8605810525387
1025.8605810525387
1025.8605810525387
1025.8605810525387
1025.8605810525387
1025.8605810525387
1015.9036214603996
1025.8605810525385
1015.9036214603996
1015.9036214603996
1025.8605810525387
1015.9036214603996
1025.8605810525387
1025.8605810525387
1025.8605810525387
1025.8605810525387
1025.8605810525385
1015.9036214603996
1015.9036214603996
1025.8605810525387
1015.9036214603996
1025.8605810525385
1025.8605810525387
1015.9036214603996
1025.8605810525385
1025.8605810525387
1025.8605810525385
1025.8605810525387
1025.8605810525385
1025.8605810525387
1025.8605810525385
1008.0680999509464
1036.357774581886
1015.9036214603994
1015.9036214603996
1025.8605810525387
1015.9036214603994
1015.9036214603996
1015.9036214603994
1015.9036214603994
1015.9036214603996
1015.9036214603994
1025.8605810525387
1015.9036214603994
1015.9036214603996
1015.9036214603994
1015.9036214603994
1015.9036214603994
1015.9036214603994
1008.0680999509464
1008.0680999509465
1008.0680999509465
1008.0680999509465
1008.0680999509465
1008.0680999509465
1008.0680999509465
1008.0680999509465
1015.9036214603996
1008.0680999509465
1008.0680999509465
1008.0680999509465
1008.0680999509465
1008.0680999509465
1008.0680999509465
1008.0680999509465
1008.0680999509465
1008.0680999509465
1008.0680999509465
1008.0680999509465
1008.0680999509465
1008.0680999509465
1008.0680999509465
1008.0680999509465
1015.9036214603994
1003.6110100172451
1008.0680999509465
1008.0680999509464
1008.0680999509465
1008.0680999509465
1008.0680999509465
1008.0680999509465
1008.0680999509465
1015.9036214603994
1008.0680999509465
1008.0680999509465
1008.0680999509465
1008.0680999509465
1008.0680999509465
1008.0680999509464
1008.0680999509465
1008.0680999509464
1008.0680999509465
1003.6110100172451
1003.6110100172453
1003.6110100172453
1003.6110100172452
1003.6110100172453
1003.6110100172453
1003.6110100172453
1008.0680999509465
1003.6110100172453
1003.6110100172453
1003.6110100172453
1003.6110100172453
1003.6110100172453
1003.6110100172453
1003.6110100172452
1003.6110100172453
1003.6110100172453
1003.6110100172453
1003.6110100172453
1003.6110100172453
1003.6110100172453
1003.6110100172453
1003.6110100172453
1003.6110100172453
1003.6110100172453
1003.6110100172451
1003.6110100172453
1003.6110100172451
1003.6110100172453
1003.6110100172453
1003.6110100172453
1003.6110100172453
1003.6110100172453
1003.6110100172453
1003.6110100172453
1003.6110100172453
1003.6110100172453
1003.6110100172453
1003.6110100172453
1003.6110100172451
1003.6110100172453
1003.6110100172453
1008.0680999509465
1003.6110100172451
1001.1040243633608
1003.6110100172452
1001.1040243633608
1001.1040243633608
1003.6110100172453
1003.6110100172453
1003.6110100172453
1001.1040243633608
1001.1040243633608
1003.6110100172453
1003.6110100172453
1003.6110100172452
1001.1040243633608
1003.6110100172452
1001.1040243633608
1003.6110100172453
1003.6110100172453
1003.6110100172453
1003.6110100172453
1003.6110100172453
1001.1040243633608
1001.1040243633608
1003.6110100172452
1003.6110100172453
999.1613603437456
1001.1040243633607
1001.1040243633607
1003.6110100172453
1001.1040243633607
1001.1040243633607
1001.1040243633607
1001.1040243633607
1001.1040243633607
1001.1040243633607
1001.1040243633607
1001.1040243633608
1001.1040243633607
1001.1040243633607
1001.1040243633606
1001.1040243633607
1001.1040243633607
1001.1040243633607
1001.1040243633606
999.1613603437456
1001.1040243633607
999.1613603437456
999.1613603437457
999.1613603437456
999.1613603437456
999.1613603437456
999.1613603437456
999.1613603437457
999.1613603437456
999.1613603437456
999.1613603437456
999.1613603437457
999.1613603437456
999.1613603437456
999.1613603437456
999.1613603437456
999.1613603437456
999.1613603437456
999.1613603437456
999.1613603437456
999.1613603437456
999.1613603437456
999.1613603437456
998.3656073655407
999.1613603437456
999.1613603437456
999.1613603437456
999.1613603437456
999.1613603437456
999.1613603437456
999.1613603437456
999.1613603437456
999.1613603437456
999.1613603437456
999.1613603437457
999.1613603437456
999.1613603437456
999.1613603437456
999.1613603437456
999.1613603437456
999.1613603437456
999.1613603437456
998.3656073655407
998.3656073655405
998.3656073655405
998.3656073655405
998.3656073655405
998.3656073655405
999.1613603437456
998.3656073655405
998.3656073655405
998.3656073655405
998.3656073655405
998.3656073655405
998.3656073655405
998.3656073655405
998.3656073655405
998.3656073655405
998.3656073655405
998.3656073655405
998.3656073655405
998.3656073655405
998.3656073655405
999.1613603437456
998.3656073655405
998.3656073655405
998.3656073655405
998.3656073655407
998.3656073655407
998.3656073655407
998.3656073655407
998.3656073655407
998.3656073655407
998.3656073655407
998.3656073655407
998.3656073655405
998.3656073655405
998.3656073655407
998.3656073655407
998.3656073655407
998.3656073655405
998.3656073655407
998.3656073655407
998.3656073655405
998.3656073655407
998.3656073655407
998.3656073655405
982.7357499338451
998.3656073655405
998.3656073655405
998.3656073655405
999.1613603437456
998.3656073655405
998.3656073655405
982.7357499338451
998.3656073655405
998.3656073655405
998.3656073655405
998.3656073655405
982.7357499338451
990.0050407211179
998.3656073655405
998.3656073655405
998.3656073655405
998.3656073655405
998.3656073655405
998.3656073655407
998.3656073655405
998.3656073655405
982.7357499338451
982.7357499338452
990.0050407211179
982.7357499338452
982.7357499338452
982.7357499338452
990.0050407211179
982.7357499338452
982.7357499338452
982.7357499338452
982.7357499338452
982.7357499338452
998.3656073655407
982.7357499338452
982.7357499338452
982.7357499338452
998.3656073655407
982.7357499338452
982.7357499338452
982.7357499338452
982.7357499338452
982.7357499338451
982.7357499338452
982.7357499338452
982.7357499338452
982.7357499338452
982.7357499338452
982.7357499338452
981.7298255844
982.7357499338452
998.3656073655405
982.7357499338452
982.7357499338452
982.7357499338451
982.7357499338452
982.7357499338452
982.7357499338452
982.7357499338452
982.7357499338452
982.7357499338452
982.7357499338452
982.7357499338452
982.7357499338452
981.7298255844
981.7298255844
981.7298255844
981.7298255844
981.7298255844
981.7298255844
981.7298255844
981.7298255844
981.7298255844
981.7298255844
981.7298255844
982.7357499338452
981.7298255844
981.7298255844
981.7298255844
981.7298255844
981.7298255844
981.7298255844
981.7298255844
981.7298255844
981.7298255844
981.7298255844
981.7298255844
981.7298255844
981.7298255844
981.7298255844
981.7298255844
982.7357499338452
981.7298255844
981.7298255844
981.7298255844
981.7298255844
981.7298255844
982.7357499338451
981.7298255844
981.7298255844
981.7298255844
981.7298255844
981.7298255844
981.7298255844
981.7298255844
981.7298255844
981.7298255844
958.7693869435989
981.7298255844
981.7298255843999
958.7693869435991
981.7298255843999
958.7693869435991
981.7298255844
958.7693869435991
981.7298255844
958.7693869435991
981.7298255844
981.7298255844
981.7298255844
978.8919808583196
981.7298255844
958.7693869435991
981.7298255844
981.7298255844
981.7298255844
981.7298255844
958.7693869435991
981.7298255843999
981.7298255844
981.7298255844
981.7298255844
981.7298255844
958.7693869435991
982.7357499338452
958.7693869435989
958.7693869435991
958.7693869435991
958.7693869435991
958.7693869435991
958.7693869435991
958.7693869435991
958.7693869435991
958.7693869435991
958.7693869435991
958.7693869435991
958.7693869435991
958.7693869435991
958.7693869435991
981.7298255844
958.7693869435989
958.7693869435991
958.7693869435991
958.7693869435991
958.7693869435991
958.7693869435991
958.7693869435991
955.0587517711053
958.7693869435991
955.0587517711053
958.7693869435991
981.7298255844
958.7693869435991
958.7693869435991
958.7693869435991
958.769386943599
958.7693869435991
958.7693869435991
958.7693869435991
958.7693869435991
958.7693869435991
958.7693869435991
958.7693869435991
958.7693869435991
958.7693869435991
958.7693869435991
955.0587517711053
981.7298255844
958.7693869435989
958.7693869435991
958.7693869435991
958.7693869435991
955.0587517711053
958.7693869435991
955.0587517711053
955.0587517711053
958.769386943599
958.7693869435991
955.0587517711053
955.0587517711053
955.0587517711053
958.769386943599
958.7693869435991
955.0587517711053
955.0587517711054
955.0587517711054
955.0587517711054
955.0587517711053
955.0587517711054
955.0587517711053
955.0587517711053
955.0587517711054
955.0587517711053
955.0587517711053
955.0587517711054
955.0587517711054
955.0587517711053
955.0587517711054
955.0587517711054
955.0587517711054
955.0587517711054
958.7693869435991
955.0587517711054
955.0587517711054
955.0587517711054
955.0587517711054
955.0587517711054
955.0587517711054
958.7693869435991
955.0587517711053
955.0587517711054
955.0587517711054
955.0587517711053
955.0587517711054
955.0587517711054
955.0587517711053
955.0587517711054
955.0587517711053
955.0587517711053
955.0587517711054
955.0587517711053
955.0587517711053
955.0587517711053
955.0587517711053
955.0587517711054
955.0587517711054
955.0587517711053
955.0587517711054
955.0587517711054
955.0587517711054
955.0587517711053
955.0587517711054
955.0587517711053
955.0587517711053
955.0587517711054
955.0587517711053
955.0587517711053
955.0587517711054
955.0587517711054
955.0587517711053
955.0587517711054
955.0587517711054
955.0587517711054
955.0587517711054
955.0587517711054
955.0587517711054
955.0587517711054
955.0587517711054
955.0587517711054
955.0587517711054
955.0587517711054
958.7693869435991
955.0587517711053
955.0587517711054
955.0587517711054
955.0587517711053
955.0587517711054
955.0587517711054
955.0587517711053
955.0587517711054
955.0587517711053
955.0587517711053
955.0587517711054
955.0587517711053
955.0587517711053
955.0587517711053
955.0587517711053
955.0587517711054
955.0587517711054
955.0587517711053
955.0587517711054
955.0587517711054
955.0587517711054
955.0587517711053
955.0587517711054
955.0587517711053
955.0587517711053
955.0587517711054
955.0587517711053
955.0587517711053
955.0587517711054
955.0587517711054
955.0587517711053
955.0587517711054
955.0587517711054
955.0587517711054
955.0587517711054
955.0587517711054
955.0587517711054
955.0587517711054
955.0587517711054
955.0587517711054
955.0587517711054
955.0587517711054
955.0587517711054
955.0587517711053
955.0587517711054
955.0587517711054
955.0587517711053
955.0587517711054
955.0587517711054
955.0587517711053
955.0587517711054
955.0587517711053
955.0587517711053
955.0587517711054
955.0587517711053
955.0587517711053
955.0587517711053
955.0587517711053
955.0587517711054
955.0587517711054
955.0587517711053
955.0587517711054
955.0587517711054
955.0587517711054
955.0587517711053
955.0587517711054
955.0587517711053
955.0587517711053
955.0587517711054
955.0587517711053
955.0587517711053
955.0587517711054
955.0587517711054
955.0587517711053
955.0587517711054
955.0587517711054
955.0587517711054
955.0587517711054
955.0587517711054
955.0587517711054
955.0587517711054
955.0587517711054
955.0587517711054
955.0587517711054
955.0587517711054
955.0587517711054
955.0587517711053
955.0587517711054
955.0587517711054
955.0587517711053
955.0587517711054
955.0587517711054
955.0587517711053
955.0587517711054
955.0587517711053
955.0587517711053
955.0587517711054
955.0587517711053
955.0587517711053
955.0587517711053
955.0587517711053
955.0587517711054
955.0587517711054
955.0587517711053
955.0587517711054
955.0587517711054
955.0587517711054
955.0587517711053
955.0587517711054
955.0587517711053
955.0587517711053
955.0587517711054
955.0587517711053
955.0587517711053
955.0587517711054
955.0587517711054
955.0587517711053
955.0587517711054
955.0587517711054
955.0587517711054
955.0587517711054
955.0587517711054
955.0587517711054
955.0587517711054
955.0587517711054
955.0587517711054
955.0587517711054
955.0587517711054
955.0587517711054
955.0587517711053
955.0587517711054
955.0587517711054
955.0587517711053
955.0587517711054
955.0587517711054
955.0587517711053
955.0587517711054
955.0587517711053
955.0587517711053
955.0587517711054
955.0587517711053
955.0587517711053
955.0587517711053
955.0587517711053
955.0587517711054
955.0587517711054
955.0587517711053
955.0587517711054
955.0587517711054
955.0587517711054
955.0587517711053
955.0587517711054
955.0587517711053
955.0587517711053
955.0587517711054
955.0587517711053
955.0587517711053
955.0587517711054
955.0587517711054
955.0587517711053
955.0587517711054
955.0587517711054
955.0587517711054
955.0587517711054
955.0587517711054
955.0587517711054
955.0587517711054
955.0587517711054
955.0587517711054
955.0587517711054
955.0587517711054
955.0587517711054
955.0587517711053
955.0587517711054
955.0587517711054
955.0587517711053
955.0587517711054
955.0587517711054
955.0587517711053
955.0587517711054
955.0587517711053
955.0587517711053
955.0587517711054
955.0587517711053
955.0587517711053
955.0587517711053
955.0587517711053
955.0587517711054
955.0587517711054
955.0587517711053
955.0587517711054
955.0587517711054
955.0587517711054
955.0587517711053
955.0587517711054
955.0587517711053
955.0587517711053
955.0587517711054
955.0587517711053
955.0587517711053
955.0587517711054
955.0587517711054
955.0587517711053
955.0587517711054
955.0587517711054
955.0587517711054
955.0587517711054
955.0587517711054
955.0587517711054
955.0587517711054
955.0587517711054
955.0587517711054
955.0587517711054
955.0587517711054
955.0587517711054
955.0587517711053
955.0587517711054
955.0587517711054
955.0587517711053
955.0587517711054
955.0587517711054
955.0587517711053
955.0587517711054
955.0587517711053
955.0587517711053
955.0587517711054
955.0587517711053
955.0587517711053
955.0587517711053
955.0587517711053
955.0587517711054
955.0587517711054
955.0587517711053
955.0587517711054
955.0587517711054
955.0587517711054
955.0587517711053
955.0587517711054
955.0587517711053
955.0587517711053
955.0587517711054
955.0587517711053
955.0587517711053
955.0587517711054
955.0587517711054
955.0587517711053
955.0587517711054
955.0587517711054
955.0587517711054
955.0587517711054
955.0587517711054
955.0587517711054
955.0587517711054
955.0587517711054
955.0587517711054
955.0587517711054
955.0587517711054
955.0587517711054
955.0587517711053
955.0587517711054
955.0587517711054
955.0587517711053
955.0587517711054
955.0587517711054
955.0587517711053
955.0587517711054
955.0587517711053
955.0587517711053
955.0587517711054
955.0587517711053
955.0587517711053
955.0587517711053
955.0587517711053
955.0587517711054
955.0587517711054
955.0587517711053
955.0587517711054
955.0587517711054
955.0587517711054
955.0587517711053
955.0587517711054
955.0587517711053
955.0587517711053
955.0587517711054
955.0587517711053
955.0587517711053
955.0587517711054
955.0587517711054
955.0587517711053
955.0587517711054
955.0587517711054
955.0587517711054
955.0587517711054
955.0587517711054
955.0587517711054
955.0587517711054
955.0587517711054
955.0587517711054
955.0587517711054
955.0587517711054
955.0587517711054
955.0587517711053
955.0587517711054
955.0587517711054
955.0587517711053
955.0587517711054
955.0587517711054
955.0587517711053
955.0587517711054
955.0587517711053
955.0587517711053
955.0587517711054
955.0587517711053
955.0587517711053
955.0587517711053
955.0587517711053
955.0587517711054
955.0587517711054
955.6559196015452
955.0587517711054
955.0587517711054
955.0587517711054
955.0587517711053
955.0587517711054
955.0587517711053
955.0587517711053
955.0587517711054
955.0587517711053
955.0587517711053
955.0587517711054
955.0587517711054
955.0587517711053
955.0587517711054
955.0587517711054
955.0587517711054
955.0587517711054
955.0587517711054
955.0587517711054
955.0587517711054
955.0587517711054
955.0587517711054
955.0587517711054
955.0587517711054
955.0587517711054
955.0587517711053
955.0587517711054
955.0587517711054
955.0587517711053
955.0587517711054
955.0587517711054
955.0587517711053
955.0587517711054
955.0587517711053
955.0587517711053
955.0587517711054
955.0587517711053
955.0587517711053
955.0587517711053
955.0587517711053
955.0587517711054
955.0587517711054
955.0587517711053
955.0587517711054
955.0587517711054
955.0587517711054
955.0587517711053
955.0587517711054
955.0587517711053
955.0587517711053
955.0587517711054
955.0587517711053
955.0587517711053
955.0587517711054
955.0587517711054
955.0587517711053
955.0587517711054
955.0587517711054
955.0587517711054
955.0587517711054
955.0587517711054
955.0587517711054
955.0587517711054
955.0587517711054
955.0587517711054
955.0587517711054
955.0587517711054
955.0587517711054
955.0587517711053
955.0587517711054
955.0587517711054
955.0587517711053
955.0587517711054
955.0587517711054
955.0587517711053
955.0587517711054
955.0587517711053
955.0587517711053
955.0587517711054
955.0587517711053
955.0587517711053
955.0587517711053
955.0587517711053
955.0587517711054
955.0587517711054
955.0587517711053
955.0587517711054
955.0587517711054
955.0587517711054
955.0587517711053
955.0587517711054
955.0587517711053
955.0587517711053
955.0587517711054
955.0587517711053
955.0587517711053
955.0587517711054
955.0587517711054
955.0587517711053
955.0587517711054
955.0587517711054
955.0587517711054
955.0587517711054
955.0587517711054
955.0587517711054
955.0587517711054
955.0587517711054
955.0587517711054
955.0587517711054
955.0587517711054
955.0587517711054
955.0587517711053
955.0587517711054
955.0587517711054
955.0587517711053
955.0587517711054
955.0587517711054
955.0587517711053
955.0587517711054
955.0587517711053
955.0587517711053
955.0587517711054
955.0587517711053
955.0587517711053
955.0587517711053
955.0587517711053
955.0587517711054
955.0587517711054
955.6559196015452
955.0587517711054
955.0587517711054
955.0587517711054
955.0587517711053
955.0587517711054
955.0587517711053
955.0587517711053
955.0587517711054
955.0587517711053
955.0587517711053
955.0587517711054
955.0587517711054
955.0587517711053
955.0587517711054
955.0587517711054
955.0587517711054
955.0587517711054
955.0587517711054
955.0587517711054
955.0587517711054
955.0587517711054
955.0587517711054
955.0587517711054
955.0587517711054
955.0587517711054
955.0587517711053
955.0587517711054
955.0587517711054
955.0587517711053
955.0587517711054
955.0587517711054
955.0587517711053
955.0587517711054
955.0587517711053
955.0587517711053
955.0587517711054
955.0587517711053
955.0587517711053
955.0587517711053
955.0587517711053
955.0587517711054
955.0587517711054
955.0587517711053
955.0587517711054
955.0587517711054
955.0587517711054
955.0587517711053
955.0587517711054
955.0587517711053
955.0587517711053
955.0587517711054
955.0587517711053
955.0587517711053
955.0587517711054
955.0587517711054
955.0587517711053
955.0587517711054
955.0587517711054
955.0587517711054
955.0587517711054
955.0587517711054
955.0587517711054
955.0587517711054
955.0587517711054
955.0587517711054
955.0587517711054
955.0587517711054
955.0587517711054
955.0587517711053
955.0587517711054
955.0587517711054
955.0587517711053
955.0587517711054
955.0587517711054
955.0587517711053
955.0587517711054
955.0587517711053
955.0587517711053
955.0587517711054
955.0587517711053
955.0587517711053
955.0587517711053
955.0587517711053
955.0587517711054
955.0587517711054
955.0587517711053
955.0587517711054
955.0587517711054
955.0587517711054
955.0587517711053
955.0587517711054
955.0587517711053
955.0587517711053
955.0587517711054
955.0587517711053
955.0587517711053
955.0587517711054
955.0587517711054
955.0587517711053
955.0587517711054
955.0587517711054
955.0587517711054
955.0587517711054
955.0587517711054
955.0587517711054
955.0587517711054
955.0587517711054
955.0587517711054
955.0587517711054
955.0587517711054
955.0587517711054
955.0587517711053
955.0587517711054
955.0587517711054
955.0587517711053
955.0587517711054
955.0587517711054
955.0587517711053
955.0587517711054
955.0587517711053
955.0587517711053
955.0587517711054
955.0587517711053
955.0587517711053
955.0587517711053
955.0587517711053
955.0587517711054
955.0587517711054
955.0587517711053
955.0587517711054
955.0587517711054
955.0587517711054
955.0587517711053
955.0587517711054
955.0587517711053
955.0587517711053
955.0587517711054
955.0587517711053
955.0587517711053
955.0587517711054
955.0587517711054
955.0587517711053
955.0587517711054
955.0587517711054
955.0587517711054
955.0587517711054
955.0587517711054
955.0587517711054
955.0587517711054
955.0587517711054
955.0587517711054
955.0587517711054
955.0587517711054
955.0587517711054
955.0587517711053
955.0587517711054
955.0587517711054
955.0587517711053
955.0587517711054
955.0587517711054
955.0587517711053
955.0587517711054
955.0587517711053
955.0587517711053
955.0587517711054
955.0587517711053
955.0587517711053
955.0587517711053
955.0587517711053
955.0587517711054
955.0587517711054
955.0587517711053
955.0587517711054
955.0587517711054
955.0587517711054
955.0587517711053
955.0587517711054
955.0587517711053
955.0587517711053
955.0587517711054
955.0587517711053
955.0587517711053
955.0587517711054
955.0587517711054
955.0587517711053
955.0587517711054
955.0587517711054
955.0587517711054
955.0587517711054
955.0587517711054
955.0587517711054
955.0587517711054
955.0587517711054
955.0587517711054
955.0587517711054
955.0587517711054
955.0587517711054
955.0587517711053
955.0587517711054
955.0587517711054
955.0587517711053
955.0587517711054
955.0587517711054
955.0587517711053
955.0587517711054
955.0587517711053
955.0587517711053
955.0587517711054
955.0587517711053
955.0587517711053
955.0587517711053
955.0587517711053
955.0587517711054
955.0587517711054
955.0587517711053
955.0587517711054
955.0587517711054
955.0587517711054
955.0587517711053
955.0587517711054
955.0587517711053
955.0587517711053
955.0587517711054
955.0587517711053
955.0587517711053
955.0587517711054
955.0587517711054
955.0587517711053
955.0587517711054
955.0587517711054
955.0587517711054
955.0587517711054
955.0587517711054
955.0587517711054
955.0587517711054
955.0587517711054
955.0587517711054
955.0587517711054
955.0587517711054
955.0587517711054
955.0587517711053
955.0587517711054
955.0587517711054
955.0587517711053
955.0587517711054
955.0587517711054
955.0587517711053
955.0587517711054
955.0587517711053
955.0587517711053
955.0587517711054
955.0587517711053
955.0587517711053
955.0587517711053
955.0587517711053
955.0587517711054
955.0587517711054
955.0587517711053
955.0587517711054
955.0587517711054
955.0587517711054
955.0587517711053
955.0587517711054
955.0587517711053
955.0587517711053
955.0587517711054
955.0587517711053
955.0587517711053
955.0587517711054
955.0587517711054
955.0587517711053
955.0587517711054
955.0587517711054
955.0587517711054
955.0587517711054
955.0587517711054
955.0587517711054
955.0587517711054
955.0587517711054
955.0587517711054
955.0587517711054
955.0587517711054
955.0587517711054
955.0587517711053
955.0587517711054
955.0587517711054
955.0587517711053
955.0587517711054
955.0587517711054
955.0587517711053
955.0587517711054
955.0587517711053
955.0587517711053
955.0587517711054
955.0587517711053
955.0587517711053
955.0587517711053
955.0587517711053
955.0587517711054
955.0587517711054
955.0587517711053
955.0587517711054
955.0587517711054
955.0587517711054
955.0587517711053
955.0587517711054
955.0587517711053
955.0587517711053
955.0587517711054
955.0587517711053
955.0587517711053
955.0587517711054
955.0587517711054
955.0587517711053
955.0587517711054
955.0587517711054
955.0587517711054
955.0587517711054
955.0587517711054
955.0587517711054
955.0587517711054
955.0587517711054
955.0587517711054
955.0587517711054
955.0587517711054
955.0587517711054
955.0587517711053
955.0587517711054
955.0587517711054
955.0587517711053
955.0587517711054
955.0587517711054
955.0587517711053
955.0587517711054
955.0587517711053
955.0587517711053
955.0587517711054
955.0587517711053
955.0587517711053
955.0587517711053
955.0587517711053
955.0587517711054
955.0587517711054
955.0587517711053
955.0587517711054
955.0587517711054
955.0587517711054
955.0587517711053
955.0587517711054
955.0587517711053
955.0587517711053
955.0587517711054
955.0587517711053
955.0587517711053
955.0587517711054
955.0587517711054
955.0587517711053
955.0587517711054
955.0587517711054
955.0587517711054
955.0587517711054
955.0587517711054
955.0587517711054
955.0587517711054
955.0587517711054
955.0587517711054
955.0587517711054
955.0587517711054
955.0587517711054
955.0587517711053
955.0587517711054
955.0587517711054
955.0587517711053
955.0587517711054
955.0587517711054
955.0587517711053
955.0587517711054
955.0587517711053
955.0587517711053
955.0587517711054
955.0587517711053
955.0587517711053
955.0587517711053
955.0587517711053
955.0587517711054
955.0587517711054
955.0587517711053
955.0587517711054
955.0587517711054
955.0587517711054
955.0587517711053
955.0587517711054
955.0587517711053
955.0587517711053
955.0587517711054
955.0587517711053
955.0587517711053
955.0587517711054
955.0587517711054
955.0587517711053
955.0587517711054
955.0587517711054
955.0587517711054
955.0587517711054
955.0587517711054
955.0587517711054
955.0587517711054
955.0587517711054
955.0587517711054
955.0587517711054
955.0587517711054
955.0587517711054
955.0587517711053
955.0587517711054
955.0587517711054
955.0587517711053
955.0587517711054
955.0587517711054
955.0587517711053
955.0587517711054
955.0587517711053
955.0587517711053
955.0587517711054
955.0587517711053
955.0587517711053
955.0587517711053
955.0587517711053
955.0587517711054
955.0587517711054
955.0587517711053
955.0587517711054
955.0587517711054
955.0587517711054
955.0587517711053
955.0587517711054
955.0587517711053
955.0587517711053
955.0587517711054
955.0587517711053
955.0587517711053
955.0587517711054
955.0587517711054
955.0587517711053
955.0587517711054
955.0587517711054
955.0587517711054
955.0587517711054
955.0587517711054
955.0587517711054
955.0587517711054
955.0587517711054
955.0587517711054
955.0587517711054
955.0587517711054
955.0587517711054
955.0587517711053
955.0587517711054
955.0587517711054
955.0587517711053
955.0587517711054
955.0587517711054
955.0587517711053
955.0587517711054
955.0587517711053
955.0587517711053
955.0587517711054
955.0587517711053
955.0587517711053
955.0587517711053
955.0587517711053
955.0587517711054
955.0587517711054
955.0587517711053
955.0587517711054
955.0587517711054
955.0587517711054
955.0587517711053
955.0587517711054
955.0587517711053
955.0587517711053
955.0587517711054
955.0587517711053
955.0587517711053
955.0587517711054
955.0587517711054
955.0587517711053
955.0587517711054
955.0587517711054
955.0587517711054
955.0587517711054
955.0587517711054
955.0587517711054
955.0587517711054
955.0587517711054
955.0587517711054
955.0587517711054
955.0587517711054
955.0587517711054
955.0587517711053
955.0587517711054
955.0587517711054
955.0587517711053
955.0587517711054
955.0587517711054
955.0587517711053
955.0587517711054
955.0587517711053
955.0587517711053
955.0587517711054
955.0587517711053
955.0587517711053
955.0587517711053
955.0587517711053
955.0587517711054
955.0587517711054
1032.3869628260518
955.0587517711054
955.0587517711054
955.0587517711054
955.0587517711053
955.0587517711054
955.0587517711053
955.0587517711053
955.0587517711054
955.0587517711053
955.0587517711053
955.0587517711054
955.0587517711054
955.0587517711053
955.0587517711054
955.0587517711054
955.0587517711054
955.0587517711054
955.0587517711054
955.0587517711054
955.0587517711054
955.0587517711054
955.0587517711054
955.0587517711054
955.0587517711054
955.0587517711054
955.0587517711053
955.0587517711054
955.0587517711054
955.0587517711053
955.0587517711054
955.0587517711054
955.0587517711053
955.0587517711054
955.0587517711053
955.0587517711053
955.0587517711054
955.0587517711053
955.0587517711053
955.0587517711053
955.0587517711053
955.0587517711054
955.0587517711054
955.0587517711054
955.0587517711054
955.0587517711054
955.0587517711054
955.0587517711053
955.0587517711054
955.0587517711053
955.0587517711053
955.0587517711054
955.0587517711053
955.0587517711053
955.0587517711054
955.0587517711054
955.0587517711053
955.0587517711054
955.0587517711054
955.0587517711054
955.0587517711054
955.0587517711054
955.0587517711054
955.0587517711054
955.0587517711054
955.0587517711054
955.0587517711054
955.0587517711054
955.0587517711054
955.0587517711053
955.0587517711054
955.0587517711054
955.0587517711053
955.0587517711054
955.0587517711054
955.0587517711053
955.0587517711054
955.0587517711053
955.0587517711053
955.0587517711054
955.0587517711053
955.0587517711053
955.0587517711053
955.0587517711053
952.17114418838
955.0587517711054
952.17114418838
952.1711441883801
952.1711441883801
952.1711441883801
952.1711441883801
952.1711441883801
952.1711441883801
952.1711441883801
952.1711441883801
952.1711441883801
952.1711441883801
952.1711441883801
952.1711441883801
952.1711441883801
952.1711441883801
952.1711441883801
952.1711441883801
952.1711441883801
952.1711441883801
952.1711441883801
952.1711441883801
952.1711441883801
952.1711441883801
952.1711441883801
952.1711441883801
952.1711441883801
952.1711441883801
952.1711441883801
952.1711441883801
952.1711441883801
952.1711441883801
952.1711441883801
952.1711441883801
955.0587517711054
952.1711441883801
952.1711441883801
952.1711441883801
952.1711441883801
952.1711441883801
952.1711441883801
952.1711441883801
952.17114418838
952.1711441883801
952.17114418838
952.1711441883801
952.1711441883801
952.1711441883801
952.17114418838
952.1711441883801
952.1711441883801
952.1711441883801
952.17114418838
952.1711441883801
952.17114418838
952.1711441883801
952.1711441883801
952.1711441883801
952.1711441883801
952.1711441883801
952.1711441883801
951.2661930519257
952.1711441883801
952.17114418838
952.17114418838
952.1711441883801
951.2661930519257
952.17114418838
952.17114418838
952.1711441883801
952.1711441883801
952.1711441883801
952.1711441883801
952.1711441883801
952.1711441883801
952.1711441883801
952.1711441883801
952.1711441883801
952.1711441883801
952.17114418838
952.17114418838
952.17114418838
952.1711441883801
952.1711441883801
952.1711441883801
952.17114418838
952.1711441883801
951.2661930519257
951.2661930519258
951.2661930519258
951.2661930519258
951.2661930519258
951.2661930519258
951.2661930519258
951.2661930519258
951.2661930519258
951.2661930519258
951.2661930519258
951.2661930519257
951.2661930519258
951.2661930519258
951.2661930519258
951.2661930519258
952.1711441883801
951.2661930519257
951.2661930519258
951.2661930519258
951.2661930519258
951.2661930519258
951.2661930519257
951.2661930519258
951.2661930519258
951.2661930519258
951.2661930519258
951.2661930519258
951.2661930519258
951.2661930519258
951.2661930519258
951.2661930519258
951.2661930519258
951.2661930519257
951.2661930519258
951.2661930519258
951.2661930519258
951.2661930519258
951.2661930519258
951.2661930519258
951.2661930519257
951.2661930519258
951.2661930519258
951.2661930519257
951.2661930519258
951.2661930519258
951.2661930519258
951.2661930519258
951.2661930519258
951.2661930519258
951.2661930519258
951.2661930519258
951.2661930519258
951.2661930519258
951.2661930519257
951.2661930519258
951.2661930519258
951.2661930519258
951.2661930519258
951.2661930519258
951.2661930519257
951.2661930519258
951.2661930519258
951.2661930519258
951.2661930519258
951.2661930519257
951.2661930519258
951.2661930519258
951.2661930519258
951.2661930519258
951.2661930519258
951.2661930519258
951.2661930519258
951.2661930519258
951.2661930519258
945.9867753971621
951.2661930519257
951.2661930519258
951.2661930519258
951.2661930519258
945.9867753971621
951.2661930519258
951.2661930519258
951.2661930519257
951.2661930519258
951.2661930519258
945.9867753971621
945.9867753971622
945.9867753971622
945.9867753971622
945.9867753971622
945.9867753971622
951.2661930519258
945.9867753971622
945.9867753971622
945.9867753971622
945.9867753971622
945.9867753971622
945.9867753971622
945.9867753971622
945.9867753971622
945.9867753971622
945.9867753971622
951.2661930519257
945.9867753971622
945.9867753971622
945.9867753971622
945.9867753971622
945.9867753971622
945.9867753971622
945.9867753971622
945.9867753971622
945.9867753971622
945.9867753971622
945.9867753971622
945.9867753971622
945.9867753971622
945.9867753971622
945.9867753971621
945.9867753971622
945.9867753971622
945.9867753971622
945.9867753971622
945.9867753971621
951.2661930519258
945.9867753971622
945.9867753971622
945.9867753971622
945.9867753971622
945.9867753971621
945.9867753971622
940.8878556277224
945.9867753971622
945.9867753971622
945.9867753971622
881.6327312752804
945.9867753971622
940.8878556277224
945.9867753971622
945.9867753971622
945.9867753971622
945.9867753971622
945.9867753971622
945.9867753971622
945.9867753971622
945.9867753971622
945.9867753971622
945.9867753971622
945.9867753971622
945.9867753971622
945.9867753971622
945.9867753971622
945.9867753971622
945.9867753971622
945.9867753971622
940.8878556277224
945.9867753971622
945.9867753971622
945.9867753971622
945.9867753971622
945.9867753971622
945.9867753971621
945.9867753971622
945.9867753971622
945.9867753971622
945.9867753971622
945.9867753971621
945.9867753971622
945.9867753971622
945.9867753971622
945.9867753971622
945.9867753971622
881.6327312752804
881.6327312752804
881.6327312752804
881.6327312752804
881.6327312752804
881.6327312752804
881.6327312752804
881.6327312752804
881.6327312752804
881.6327312752804
881.6327312752804
881.6327312752804
881.6327312752804
881.6327312752804
881.6327312752804
881.6327312752804
881.6327312752804
881.6327312752804
881.6327312752804
945.9867753971622
881.6327312752804
881.6327312752804
881.6327312752804
945.9867753971622
881.6327312752804
945.9867753971622
881.6327312752804
945.9867753971622
881.6327312752804
881.6327312752804
881.6327312752804
881.6327312752804
881.6327312752804
945.9867753971622
881.6327312752804
881.6327312752804
881.6327312752804
881.6327312752804
945.9867753971622
881.6327312752804
881.6327312752804
881.6327312752804
881.6327312752804
881.6327312752804
881.6327312752804
881.6327312752804
881.6327312752804
881.6327312752804
881.6327312752804
881.6327312752804
881.6327312752804
881.6327312752804
881.6327312752804
881.6327312752804
881.6327312752804
881.6327312752804
881.6327312752804
881.6327312752804
881.6327312752804
881.6327312752804
881.6327312752804
881.6327312752804
881.6327312752804
881.6327312752804
881.6327312752804
881.6327312752804
881.6327312752804
881.6327312752804
881.6327312752804
881.6327312752804
881.6327312752804
881.6327312752804
881.6327312752804
881.6327312752804
881.6327312752804
881.6327312752804
881.6327312752804
881.6327312752804
881.6327312752804
881.6327312752804
881.6327312752804
881.6327312752804
881.6327312752804
881.6327312752804
881.6327312752804
881.6327312752804
881.6327312752804
881.6327312752804
881.6327312752804
881.6327312752804
881.6327312752804
881.6327312752804
881.6327312752804
881.6327312752804
881.6327312752804
881.6327312752804
881.6327312752804
881.6327312752804
881.6327312752804
881.6327312752804
881.6327312752804
876.8374387655391
881.6327312752804
881.6327312752804
881.6327312752804
881.6327312752804
881.6327312752804
881.6327312752804
881.6327312752804
881.6327312752804
881.6327312752804
876.8374387655391
881.6327312752804
881.6327312752804
881.6327312752804
881.6327312752804
881.6327312752804
881.6327312752804
881.6327312752804
881.6327312752804
881.6327312752804
881.6327312752804
881.6327312752804
881.6327312752804
881.6327312752804
881.6327312752804
881.6327312752804
881.6327312752804
881.6327312752804
876.837438765539
881.6327312752804
876.837438765539
876.837438765539
876.837438765539
876.837438765539
876.837438765539
876.837438765539
876.837438765539
876.837438765539
876.837438765539
876.837438765539
876.837438765539
876.837438765539
876.837438765539
876.837438765539
876.8374387655391
876.8374387655391
876.8374387655391
876.8374387655391
876.8374387655391
876.8374387655391
876.8374387655391
876.8374387655391
876.8374387655391
876.8374387655391
876.8374387655391
876.8374387655391
876.8374387655391
876.8374387655391
876.8374387655391
876.8374387655391
876.8374387655391
876.8374387655391
881.6327312752804
876.8374387655391
876.8374387655391
876.8374387655391
876.8374387655391
876.8374387655391
876.8374387655391
876.8374387655391
876.8374387655391
876.837438765539
881.6327312752804
876.837438765539
876.837438765539
876.837438765539
876.837438765539
876.837438765539
876.837438765539
876.837438765539
876.837438765539
876.837438765539
876.837438765539
876.837438765539
876.837438765539
876.837438765539
876.837438765539
876.8374387655391
876.8374387655391
876.8374387655391
867.3148031846707
876.8374387655391
876.8374387655391
876.8374387655391
876.8374387655391
876.8374387655391
876.8374387655391
876.8374387655391
876.8374387655391
876.8374387655391
876.8374387655391
867.3148031846707
876.8374387655391
876.8374387655391
876.8374387655391
876.8374387655391
876.8374387655391
876.8374387655391
867.3148031846707
876.8374387655391
876.8374387655391
876.8374387655391
876.8374387655391
876.8374387655391
853.3943948020797
867.3148031846707
853.3943948020797
853.3943948020797
853.3943948020797
853.3943948020797
876.837438765539
853.3943948020797
853.3943948020797
853.3943948020797
853.3943948020797
853.3943948020797
853.3943948020797
853.3943948020797
853.3943948020797
853.3943948020797
876.8374387655391
853.3943948020797
853.3943948020797
853.3943948020797
852.4641803802357
852.4641803802357
852.4641803802357
852.4641803802357
852.4641803802357
852.4641803802357
852.4641803802357
852.4641803802357
852.4641803802357
852.4641803802357
867.3148031846707
852.4641803802357
852.4641803802357
852.4641803802357
852.4641803802357
852.4641803802357
853.3943948020799
852.4641803802357
852.4641803802357
852.4641803802357
852.4641803802357
867.3148031846707
852.4641803802357
824.5148755177795
824.5148755177795
824.5148755177795
824.5148755177795
824.5148755177795
824.5148755177795
824.5148755177795
824.5148755177795
824.5148755177795
824.5148755177795
824.5148755177795
824.5148755177795
824.5148755177795
824.5148755177795
824.5148755177795
824.5148755177795
828.8353902539354
824.5148755177795
824.5148755177795
824.5148755177795
824.5148755177795
824.5148755177795
824.5148755177795
824.5148755177795
824.5148755177795
824.5148755177795
824.5148755177795
824.5148755177795
824.5148755177795
824.5148755177795
824.5148755177795
824.5148755177795
824.5148755177795
824.5148755177795
824.5148755177795
824.5148755177795
824.5148755177795
824.5148755177795
824.5148755177795
824.5148755177795
852.4641803802357
824.5148755177795
824.5148755177795
824.5148755177795
824.5148755177795
824.5148755177795
824.5148755177795
824.5148755177795
824.5148755177795
824.5148755177795
824.5148755177795
824.5148755177795
824.5148755177795
824.5148755177795
824.5148755177795
824.5148755177795
824.5148755177795
824.5148755177795
824.5148755177795
824.5148755177795
824.5148755177795
824.5148755177795
824.5148755177795
824.5148755177795
824.5148755177795
824.5148755177795
824.5148755177795
824.5148755177795
824.5148755177795
824.5148755177795
824.5148755177795
824.5148755177795
824.5148755177795
824.5148755177795
824.5148755177795
824.5148755177795
824.5148755177795
824.5148755177795
824.5148755177795
824.5148755177795
824.5148755177795
824.5148755177795
824.5148755177795
824.5148755177795
824.5148755177795
824.5148755177795
824.5148755177795
824.5148755177795
824.5148755177795
824.5148755177795
824.5148755177795
824.5148755177795
824.5148755177795
824.5148755177795
824.5148755177795
824.5148755177795
824.5148755177795
824.5148755177795
824.5148755177795
824.5148755177795
824.5148755177795
824.5148755177795
824.5148755177795
824.5148755177795
824.5148755177795
824.5148755177795
824.5148755177795
824.5148755177795
824.5148755177795
824.5148755177795
824.5148755177795
824.5148755177795
824.5148755177795
824.5148755177795
824.5148755177795
824.5148755177795
824.5148755177795
824.5148755177795
824.5148755177795
824.5148755177795
824.5148755177795
824.5148755177795
824.5148755177795
824.5148755177795
824.5148755177795
824.5148755177795
824.5148755177795
824.5148755177795
824.5148755177795
824.5148755177795
824.5148755177795
824.5148755177795
824.5148755177795
824.5148755177795
824.5148755177795
824.5148755177795
824.5148755177795
824.5148755177795
824.5148755177795
824.5148755177795
824.5148755177795
824.5148755177795
824.5148755177795
824.5148755177795
824.5148755177795
824.5148755177795
824.5148755177795
824.5148755177795
824.5148755177795
824.5148755177795
824.5148755177795
824.5148755177795
824.5148755177795
824.5148755177795
824.5148755177795
824.5148755177795
824.5148755177795
824.5148755177795
824.5148755177795
824.5148755177795
824.5148755177795
824.5148755177795
824.5148755177795
824.5148755177795
824.5148755177795
824.5148755177795
824.5148755177795
824.5148755177795
824.5148755177795
824.5148755177795
824.5148755177795
824.5148755177795
824.5148755177795
824.5148755177795
824.5148755177795
824.5148755177795
824.5148755177795
824.5148755177795
824.5148755177795
824.5148755177795
824.5148755177795
824.5148755177795
824.5148755177795
824.5148755177795
824.5148755177795
824.5148755177795
824.5148755177795
824.5148755177795
824.5148755177795
824.5148755177795
824.5148755177795
824.5148755177795
824.5148755177795
824.5148755177795
824.5148755177795
824.5148755177795
824.5148755177795
824.5148755177795
824.5148755177795
824.5148755177795
824.5148755177795
824.5148755177795
824.5148755177795
824.5148755177795
824.5148755177795
824.5148755177795
824.5148755177795
824.5148755177795
824.5148755177795
824.5148755177795
824.5148755177795
824.5148755177795
824.5148755177795
824.5148755177795
824.5148755177795
824.5148755177795
824.5148755177795
824.5148755177795
824.5148755177795
824.5148755177795
824.5148755177795
824.5148755177795
824.5148755177795
824.5148755177795
824.5148755177795
824.5148755177795
824.5148755177795
824.5148755177795
824.5148755177795
824.5148755177795
824.5148755177795
824.5148755177795
824.5148755177795
824.5148755177795
824.5148755177795
824.5148755177795
824.5148755177795
824.5148755177795
824.5148755177795
824.5148755177795
824.5148755177795
824.5148755177795
824.5148755177795
824.5148755177795
824.5148755177795
824.5148755177795
824.5148755177795
824.5148755177795
824.5148755177795
824.5148755177795
824.5148755177795
824.5148755177795
824.5148755177795
824.5148755177795
824.5148755177795
824.5148755177795
824.5148755177795
824.5148755177795
824.5148755177795
824.5148755177795
824.5148755177795
824.5148755177795
824.5148755177795
824.5148755177795
824.5148755177795
824.5148755177795
824.5148755177795
824.5148755177795
824.5148755177795
824.5148755177795
824.5148755177795
824.5148755177795
824.5148755177795
824.5148755177795
824.5148755177795
824.5148755177795
824.5148755177795
824.5148755177795
824.5148755177795
824.5148755177795
824.5148755177795
824.5148755177795
824.5148755177795
824.5148755177795
824.5148755177795
824.5148755177795
824.5148755177795
824.5148755177795
824.5148755177795
824.5148755177795
824.5148755177795
824.5148755177795
824.5148755177795
824.5148755177795
824.5148755177795
824.5148755177795
824.5148755177795
824.5148755177795
824.5148755177795
824.5148755177795
824.5148755177795
824.5148755177795
824.5148755177795
824.5148755177795
824.5148755177795
824.5148755177795
824.5148755177795
824.5148755177795
824.5148755177795
824.5148755177795
824.5148755177795
824.5148755177795
824.5148755177795
824.5148755177795
824.5148755177795
824.5148755177795
824.5148755177795
824.5148755177795
824.5148755177795
824.5148755177795
824.5148755177795
824.5148755177795
824.5148755177795
824.5148755177795
824.5148755177795
824.5148755177795
824.5148755177795
824.5148755177795
824.5148755177795
824.5148755177795
824.5148755177795
824.5148755177795
824.5148755177795
824.5148755177795
824.5148755177795
824.5148755177795
824.5148755177795
824.5148755177795
824.5148755177795
824.5148755177795
824.5148755177795
824.5148755177795
824.5148755177795
824.5148755177795
824.5148755177795
824.5148755177795
824.5148755177795
824.5148755177795
824.5148755177795
824.5148755177795
824.5148755177795
824.5148755177795
824.5148755177795
824.5148755177795
824.5148755177795
824.5148755177795
824.5148755177795
824.5148755177795
824.5148755177795
824.5148755177795
824.5148755177795
824.5148755177795
824.5148755177795
824.5148755177795
824.5148755177795
824.5148755177795
824.5148755177795
824.5148755177795
824.5148755177795
824.5148755177795
824.5148755177795
824.5148755177795
824.5148755177795
824.5148755177795
824.5148755177795
824.5148755177795
824.5148755177795
824.5148755177795
824.5148755177795
824.5148755177795
824.5148755177795
824.5148755177795
824.5148755177795
824.5148755177795
824.5148755177795
824.5148755177795
824.5148755177795
824.5148755177795
824.5148755177795
824.5148755177795
824.5148755177795
824.5148755177795
824.5148755177795
824.5148755177795
824.5148755177795
824.5148755177795
824.5148755177795
824.5148755177795
824.5148755177795
824.5148755177795
824.5148755177795
824.5148755177795
824.5148755177795
824.5148755177795
824.5148755177795
824.5148755177795
824.5148755177795
824.5148755177795
824.5148755177795
824.5148755177795
824.5148755177795
824.5148755177795
824.5148755177795
824.5148755177795
824.5148755177795
824.5148755177795
824.5148755177795
824.5148755177795
824.5148755177795
824.5148755177795
824.5148755177795
824.5148755177795
824.5148755177795
824.5148755177795
824.5148755177795
824.5148755177795
824.5148755177795
824.5148755177795
824.5148755177795
824.5148755177795
824.5148755177795
824.5148755177795
824.5148755177795
824.5148755177795
824.5148755177795
824.5148755177795
824.5148755177795
824.5148755177795
824.5148755177795
824.5148755177795
824.5148755177795
824.5148755177795
824.5148755177795
824.5148755177795
824.5148755177795
824.5148755177795
824.5148755177795
824.5148755177795
824.5148755177795
824.5148755177795
824.5148755177795
824.5148755177795
824.5148755177795
824.5148755177795
824.5148755177795
824.5148755177795
824.5148755177795
824.5148755177795
824.5148755177795
824.5148755177795
824.5148755177795
824.5148755177795
824.5148755177795
824.5148755177795
824.5148755177795
824.5148755177795
824.5148755177795
824.5148755177795
824.5148755177795
824.5148755177795
824.5148755177795
824.5148755177795
824.5148755177795
824.5148755177795
824.5148755177795
824.5148755177795
824.5148755177795
824.5148755177795
824.5148755177795
824.5148755177795
824.5148755177795
824.5148755177795
824.5148755177795
824.5148755177795
824.5148755177795
824.5148755177795
824.5148755177795
824.5148755177795
824.5148755177795
824.5148755177795
824.5148755177795
824.5148755177795
824.5148755177795
824.5148755177795
824.5148755177795
824.5148755177795
824.5148755177795
824.5148755177795
824.5148755177795
824.5148755177795
824.5148755177795
824.5148755177795
824.5148755177795
824.5148755177795
824.5148755177795
824.5148755177795
824.5148755177795
824.5148755177795
824.5148755177795
824.5148755177795
824.5148755177795
824.5148755177795
824.5148755177795
824.5148755177795
824.5148755177795
824.5148755177795
824.5148755177795
824.5148755177795
824.5148755177795
824.5148755177795
824.5148755177795
824.5148755177795
824.5148755177795
824.5148755177795
824.5148755177795
824.5148755177795
824.5148755177795
824.5148755177795
824.5148755177795
824.5148755177795
824.5148755177795
824.5148755177795
824.5148755177795
824.5148755177795
824.5148755177795
824.5148755177795
824.5148755177795
824.5148755177795
824.5148755177795
824.5148755177795
824.5148755177795
824.5148755177795
824.5148755177795
824.5148755177795
824.5148755177795
824.5148755177795
824.5148755177795
824.5148755177795
824.5148755177795
824.5148755177795
824.5148755177795
824.5148755177795
824.5148755177795
824.5148755177795
824.5148755177795
824.5148755177795
824.5148755177795
824.5148755177795
824.5148755177795
824.5148755177795
824.5148755177795
824.5148755177795
824.5148755177795
824.5148755177795
824.5148755177795
824.5148755177795
824.5148755177795
824.5148755177795
824.5148755177795
824.5148755177795
824.5148755177795
824.5148755177795
824.5148755177795
824.5148755177795
824.5148755177795
824.5148755177795
824.5148755177795
824.5148755177795
824.5148755177795
824.5148755177795
824.5148755177795
824.5148755177795
824.5148755177795
824.5148755177795
824.5148755177795
824.5148755177795
824.5148755177795
824.5148755177795
824.5148755177795
824.5148755177795
824.5148755177795
824.5148755177795
824.5148755177795
824.5148755177795
824.5148755177795
824.5148755177795
824.5148755177795
824.5148755177795
824.5148755177795
824.5148755177795
824.5148755177795
824.5148755177795
824.5148755177795
824.5148755177795
824.5148755177795
824.5148755177795
824.5148755177795
824.5148755177795
824.5148755177795
824.5148755177795
824.5148755177795
824.5148755177795
824.5148755177795
824.5148755177795
824.5148755177795
824.5148755177795
824.5148755177795
824.5148755177795
824.5148755177795
824.5148755177795
824.5148755177795
824.5148755177795
824.5148755177795
824.5148755177795
824.5148755177795
824.5148755177795
824.5148755177795
824.5148755177795
824.5148755177795
824.5148755177795
824.5148755177795
824.5148755177795
824.5148755177795
824.5148755177795
824.5148755177795
824.5148755177795
824.5148755177795
824.5148755177795
824.5148755177795
824.5148755177795
824.5148755177795
824.5148755177795
824.5148755177795
824.5148755177795
824.5148755177795
824.5148755177795
824.5148755177795
824.5148755177795
824.5148755177795
824.5148755177795
824.5148755177795
824.5148755177795
824.5148755177795
824.5148755177795
824.5148755177795
824.5148755177795
824.5148755177795
824.5148755177795
824.5148755177795
824.5148755177795
824.5148755177795
824.5148755177795
824.5148755177795
824.5148755177795
824.5148755177795
824.5148755177795
824.5148755177795
824.5148755177795
824.5148755177795
824.5148755177795
824.5148755177795
824.5148755177795
824.5148755177795
824.5148755177795
824.5148755177795
824.5148755177795
824.5148755177795
824.5148755177795
824.5148755177795
824.5148755177795
824.5148755177795
824.5148755177795
824.5148755177795
824.5148755177795
824.5148755177795
824.5148755177795
824.5148755177795
824.5148755177795
824.5148755177795
824.5148755177795
824.5148755177795
824.5148755177795
824.5148755177795
824.5148755177795
824.5148755177795
824.5148755177795
824.5148755177795
824.5148755177795
824.5148755177795
824.5148755177795
824.5148755177795
824.5148755177795
824.5148755177795
824.5148755177795
824.5148755177795
824.5148755177795
824.5148755177795
824.5148755177795
824.5148755177795
824.5148755177795
824.5148755177795
824.5148755177795
824.5148755177795
824.5148755177795
824.5148755177795
824.5148755177795
824.5148755177795
824.5148755177795
824.5148755177795
824.5148755177795
824.5148755177795
824.5148755177795
824.5148755177795
824.5148755177795
824.5148755177795
824.5148755177795
824.5148755177795
824.5148755177795
824.5148755177795
824.5148755177795
824.5148755177795
824.5148755177795
824.5148755177795
824.5148755177795
824.5148755177795
824.5148755177795
824.5148755177795
824.5148755177795
824.5148755177795
824.5148755177795
824.5148755177795
824.5148755177795
824.5148755177795
824.5148755177795
824.5148755177795
824.5148755177795
824.5148755177795
824.5148755177795
824.5148755177795
824.5148755177795
824.5148755177795
824.5148755177795
824.5148755177795
824.5148755177795
824.5148755177795
824.5148755177795
824.5148755177795
824.5148755177795
824.5148755177795
824.5148755177795
824.5148755177795
824.5148755177795
824.5148755177795
824.5148755177795
824.5148755177795
824.5148755177795
824.5148755177795
824.5148755177795
824.5148755177795
824.5148755177795
824.5148755177795
824.5148755177795
824.5148755177795
824.5148755177795
824.5148755177795
824.5148755177795
824.5148755177795
824.5148755177795
824.5148755177795
824.5148755177795
824.5148755177795
824.5148755177795
824.5148755177795
824.5148755177795
824.5148755177795
824.5148755177795
824.5148755177795
824.5148755177795
824.5148755177795
824.5148755177795
824.5148755177795
824.5148755177795
824.5148755177795
824.5148755177795
824.5148755177795
824.5148755177795
824.5148755177795
824.5148755177795
824.5148755177795
824.5148755177795
824.5148755177795
824.5148755177795
824.5148755177795
824.5148755177795
824.5148755177795
824.5148755177795
824.5148755177795
824.5148755177795
824.5148755177795
824.5148755177795
824.5148755177795
824.5148755177795
824.5148755177795
824.5148755177795
824.5148755177795
824.5148755177795
824.5148755177795
824.5148755177795
824.5148755177795
824.5148755177795
824.5148755177795
824.5148755177795
824.5148755177795
824.5148755177795
824.5148755177795
824.5148755177795
824.5148755177795
824.5148755177795
824.5148755177795
824.5148755177795
824.5148755177795
824.5148755177795
824.5148755177795
824.5148755177795
824.5148755177795
824.5148755177795
824.5148755177795
824.5148755177795
824.5148755177795
824.5148755177795
824.5148755177795
824.5148755177795
824.5148755177795
824.5148755177795
824.5148755177795
824.5148755177795
824.5148755177795
824.5148755177795
824.5148755177795
824.5148755177795
824.5148755177795
824.5148755177795
824.5148755177795
824.5148755177795
824.5148755177795
824.5148755177795
824.5148755177795
824.5148755177795
824.5148755177795
824.5148755177795
824.5148755177795
824.5148755177795
824.5148755177795
824.5148755177795
824.5148755177795
824.5148755177795
824.5148755177795
824.5148755177795
824.5148755177795
824.5148755177795
824.5148755177795
824.5148755177795
824.5148755177795
824.5148755177795
824.5148755177795
824.5148755177795
824.5148755177795
824.5148755177795
824.5148755177795
824.5148755177795
824.5148755177795
824.5148755177795
824.5148755177795
824.5148755177795
824.5148755177795
824.5148755177795
824.5148755177795
824.5148755177795
824.5148755177795
824.5148755177795
824.5148755177795
824.5148755177795
824.5148755177795
824.5148755177795
824.5148755177795
824.5148755177795
824.5148755177795
824.5148755177795
824.5148755177795
824.5148755177795
824.5148755177795
824.5148755177795
824.5148755177795
824.5148755177795
824.5148755177795
824.5148755177795
824.5148755177795
824.5148755177795
824.5148755177795
824.5148755177795
824.5148755177795
824.5148755177795
824.5148755177795
824.5148755177795
824.5148755177795
824.5148755177795
824.5148755177795
824.5148755177795
824.5148755177795
824.5148755177795
824.5148755177795
824.5148755177795
824.5148755177795
824.5148755177795
824.5148755177795
824.5148755177795
824.5148755177795
824.5148755177795
824.5148755177795
824.5148755177795
824.5148755177795
824.5148755177795
824.5148755177795
824.5148755177795
824.5148755177795
824.5148755177795
824.5148755177795
824.5148755177795
824.5148755177795
824.5148755177795
824.5148755177795
824.5148755177795
824.5148755177795
824.5148755177795
824.5148755177795
824.5148755177795
1153.595834346578
824.5148755177795
824.5148755177795
824.5148755177795
824.5148755177795
824.5148755177795
824.5148755177795
824.5148755177795
824.5148755177795
824.5148755177795
824.5148755177795
824.5148755177795
824.5148755177795
824.5148755177795
824.5148755177795
824.5148755177795
824.5148755177795
824.5148755177795
824.5148755177795
824.5148755177795
824.5148755177795
824.5148755177795
824.5148755177795
824.5148755177795
824.5148755177795
824.5148755177795
824.5148755177795
824.5148755177795
824.5148755177795
824.5148755177795
824.5148755177795
824.5148755177795
824.5148755177795
824.5148755177795
824.5148755177795
824.5148755177795
824.5148755177795
824.5148755177795
824.5148755177795
824.5148755177795
824.5148755177795
824.5148755177795
824.5148755177795
824.5148755177795
824.5148755177795
824.5148755177795
824.5148755177795
824.5148755177795
824.5148755177795
824.5148755177795
824.5148755177795
824.5148755177795
824.5148755177795
824.5148755177795
824.5148755177795
824.5148755177795
824.5148755177795
824.5148755177795
824.5148755177795
824.5148755177795
824.5148755177795
824.5148755177795
824.5148755177795
824.5148755177795
824.5148755177795
824.5148755177795
824.5148755177795
824.5148755177795
824.5148755177795
824.5148755177795
824.5148755177795
824.5148755177795
824.5148755177795
824.5148755177795
824.5148755177795
824.5148755177795
824.5148755177795
824.5148755177795
824.5148755177795
824.5148755177795
824.5148755177795
824.5148755177795
824.5148755177795
824.5148755177795
824.5148755177795
824.5148755177795
824.5148755177795
824.5148755177795
824.5148755177795
824.5148755177795
824.5148755177795
824.5148755177795
824.5148755177795
824.5148755177795
824.5148755177795
824.5148755177795
824.5148755177795
824.5148755177795
824.5148755177795
824.5148755177795
824.5148755177795
824.5148755177795
824.5148755177795
824.5148755177795
824.5148755177795
824.5148755177795
824.5148755177795
824.5148755177795
824.5148755177795
824.5148755177795
824.5148755177795
824.5148755177795
824.5148755177795
824.5148755177795
824.5148755177795
824.5148755177795
824.5148755177795
824.5148755177795
824.5148755177795
824.5148755177795
824.5148755177795
824.5148755177795
824.5148755177795
824.5148755177795
824.5148755177795
824.5148755177795
824.5148755177795
824.5148755177795
824.5148755177795
824.5148755177795
824.5148755177795
824.5148755177795
824.5148755177795
824.5148755177795
824.5148755177795
824.5148755177795
824.5148755177795
824.5148755177795
824.5148755177795
824.5148755177795
824.5148755177795
824.5148755177795
824.5148755177795
824.5148755177795
824.5148755177795
824.5148755177795
824.5148755177795
824.5148755177795
824.5148755177795
824.5148755177795
824.5148755177795
824.5148755177795
824.5148755177795
824.5148755177795
824.5148755177795
824.5148755177795
824.5148755177795
824.5148755177795
824.5148755177795
824.5148755177795
824.5148755177795
824.5148755177795
824.5148755177795
824.5148755177795
824.5148755177795
824.5148755177795
824.5148755177795
824.5148755177795
824.5148755177795
824.5148755177795
824.5148755177795
824.5148755177795
959.3659741187603
824.5148755177795
824.5148755177795
824.5148755177795
824.5148755177795
824.5148755177795
824.5148755177795
824.5148755177795
824.5148755177795
824.5148755177795
824.5148755177795
824.5148755177795
824.5148755177795
824.5148755177795
824.5148755177795
824.5148755177795
824.5148755177795
824.5148755177795
824.5148755177795
824.5148755177795
824.5148755177795
824.5148755177795
824.5148755177795
824.5148755177795
824.5148755177795
824.5148755177795
824.5148755177795
824.5148755177795
824.5148755177795
824.5148755177795
824.5148755177795
824.5148755177795
824.5148755177795
824.5148755177795
824.5148755177795
824.5148755177795
824.5148755177795
824.5148755177795
824.5148755177795
824.5148755177795
824.5148755177795
824.5148755177795
824.5148755177795
824.5148755177794
824.5148755177794
824.5148755177794
824.5148755177794
824.5148755177794
824.5148755177794
824.5148755177794
824.5148755177794
824.5148755177794
824.5148755177794
824.5148755177794
824.5148755177794
824.5148755177794
824.5148755177794
824.5148755177794
824.5148755177794
824.5148755177794
824.5148755177794
824.5148755177794
824.5148755177794
824.5148755177794
824.5148755177794
824.5148755177794
824.5148755177794
824.5148755177794
824.5148755177794
824.5148755177794
824.5148755177794
824.5148755177794
824.5148755177794
824.5148755177794
824.5148755177794
824.5148755177794
824.5148755177794
824.5148755177794
824.5148755177794
824.5148755177794
824.5148755177794
824.5148755177794
824.5148755177794
824.5148755177794
824.5148755177794
824.5148755177794
824.5148755177794
824.5148755177794
824.5148755177794
824.5148755177794
824.5148755177794
824.5148755177794
824.5148755177794
824.5148755177794
824.5148755177794
824.5148755177794
824.5148755177794
824.5148755177794
824.5148755177794
824.5148755177794
824.5148755177794
824.5148755177794
824.5148755177794
824.5148755177794
824.5148755177794
824.5148755177794
824.5148755177794
824.5148755177794
824.5148755177794
824.5148755177794
824.5148755177794
824.5148755177794
824.5148755177794
824.5148755177794
824.5148755177794
824.5148755177794
824.5148755177794
824.5148755177794
824.5148755177794
824.5148755177794
824.5148755177794
824.5148755177794
824.5148755177794
824.5148755177794
824.5148755177794
824.5148755177794
824.5148755177794
824.5148755177794
824.5148755177794
824.5148755177794
824.5148755177794
824.5148755177794
824.5148755177794
824.5148755177794
824.5148755177794
824.5148755177794
824.5148755177794
824.5148755177794
824.5148755177794
824.5148755177794
824.5148755177794
824.5148755177794
824.5148755177794
824.5148755177794
824.5148755177794
824.5148755177794
824.5148755177794
824.5148755177794
824.5148755177794
824.5148755177794
824.5148755177794
824.5148755177794
824.5148755177794
824.5148755177794
824.5148755177794
824.5148755177794
824.5148755177794
824.5148755177794
824.5148755177794
824.5148755177794
824.5148755177794
824.5148755177794
824.5148755177794
824.5148755177794
824.5148755177794
824.5148755177794
824.5148755177794
824.5148755177794
824.5148755177794
824.5148755177794
824.5148755177794
824.5148755177794
824.5148755177794
824.5148755177794
824.5148755177794
824.5148755177794
824.5148755177794
824.5148755177794
824.5148755177794
824.5148755177794
824.5148755177794
824.5148755177794
824.5148755177794
824.5148755177794
824.5148755177794
824.5148755177794
824.5148755177794
824.5148755177794
824.5148755177794
824.5148755177794
824.5148755177794
824.5148755177794
824.5148755177794
824.5148755177794
824.5148755177794
824.5148755177794
824.5148755177794
824.5148755177794
824.5148755177794
824.5148755177794
824.5148755177794
824.5148755177794
824.5148755177794
824.5148755177794
824.5148755177794
824.5148755177794
824.5148755177794
824.5148755177794
824.5148755177794
824.5148755177794
824.5148755177794
824.5148755177794
824.5148755177794
824.5148755177794
824.5148755177794
996.4353009035622
824.5148755177794
824.5148755177794
824.5148755177794
824.5148755177794
824.5148755177794
824.5148755177794
824.5148755177794
824.5148755177794
824.5148755177794
824.5148755177794
824.5148755177794
824.5148755177794
824.5148755177794
824.5148755177794
824.5148755177794
824.5148755177794
824.5148755177794
824.5148755177794
824.5148755177794
824.5148755177794
824.5148755177794
824.5148755177794
824.5148755177794
824.5148755177794
824.5148755177794
824.5148755177794
824.5148755177794
824.5148755177794
824.5148755177794
824.5148755177794
824.5148755177794
824.5148755177794
824.5148755177794
824.5148755177794
824.5148755177794
824.5148755177794
824.5148755177794
824.5148755177794
824.5148755177794
824.5148755177794
824.5148755177794
824.5148755177794
824.5148755177794
824.5148755177794
824.5148755177794
824.5148755177794
824.5148755177794
824.5148755177794
824.5148755177794
824.5148755177794
824.5148755177794
824.5148755177794
824.5148755177794
824.5148755177794
824.5148755177794
824.5148755177794
824.5148755177794
824.5148755177794
824.5148755177794
824.5148755177794
824.5148755177794
824.5148755177794
824.5148755177794
824.5148755177794
824.5148755177794
824.5148755177794
824.5148755177794
824.5148755177794
824.5148755177794
824.5148755177794
824.5148755177794
824.5148755177794
824.5148755177794
824.5148755177794
824.5148755177794
824.5148755177794
824.5148755177794
824.5148755177794
824.5148755177794
824.5148755177794
824.5148755177794
824.5148755177794
824.5148755177794
824.5148755177794
824.5148755177794
824.5148755177794
