27.21
31
2711.222121449416
2841.3678840722687
3006.2595433766205
2790.2189433714375
3027.488151806769
2850.581487102828
3275.4538294429194
2934.541410599987
2886.0767209370324
3190.7245786892204
2705.993042994664
2601.5433277311163
2878.183987282829
2906.4524157698206
3230.165024425421
3057.8791489110486
2961.0780166512764
2860.0359196597483
2640.049122703113
2712.0323166428043
3195.999132837829
3063.1218638817973
3248.169527173544
2777.8268800633805
2890.1065321610317
2382.6964760540213
2968.915897708854
2456.960094697996
3184.0454197322774
2991.3473211938294
2665.161613870676
2156.3644807474
2366.307010627434
2453.223010931452
2558.87256292607
2249.06425409491
2685.5942518064326
2305.2942065860148
2976.1566783970998
2601.1873567674515
2525.551397743695
2689.034578187982
2306.9358289108195
2274.4699357838813
2293.5107516690255
2501.5162377104675
2794.243952160501
2722.3671310453924
2592.2100102739473
2495.255117651003
2187.979425064941
2441.693608147316
2815.6384648220824
2202.1793751191944
2881.147909246586
2279.5597601175896
2555.838527029526
2156.3644807474
2575.3441820911453
2153.5754959741575
2093.0745339912914
2648.844322648603
2365.990213503572
2309.9111721180047
2150.9067572729286
2228.151518885516
2499.600940029147
2095.1396702747634
1991.2842447544488
2111.0725199091867
2714.1116321747886
2348.3761906716572
2172.557555861727
2357.654165677063
2160.159091542567
2274.469935783881
2139.586167848878
2001.1297745240815
2497.5004543795403
2462.958946666217
2341.1833665247045
2220.743092666846
2000.2647087206426
2257.892225921626
2448.295933064126
2048.2547912990467
2604.559757002312
2125.6351762974427
2302.7991572781857
2023.820721657696
2315.867680522624
1956.812451782609
2093.0745339912914
2413.587885745006
2160.3486294518134
1740.8871544462968
1861.7163676004564
1851.2219883930672
2234.176554517282
1963.9693614520384
1956.812451782609
1937.3540591584233
2513.793356706796
1956.812451782609
1985.706733977729
2126.7692795549
2118.487419250798
2061.214750495477
2008.4158590261534
1869.9594657013565
2261.5079025303403
2244.865554411434
2125.660390569516
2018.2134123327562
1776.8845324593085
2101.3763453245833
2189.6919702013693
1893.6029083789306
2451.7255789613228
1994.4648674747182
1955.8662620886178
1896.0613104640304
1956.812451782609
1740.8871544462968
1897.0390707089437
2249.513477731975
1995.6827272336066
1627.400733634106
1705.2983198476206
1637.817379259558
1740.8871544462968
1740.8871544462968
1746.0054742653329
1841.1514335273487
1737.762305381146
1746.0054742653329
1829.1016194307929
1930.4157584115817
1740.8871544462968
1824.3706730246213
1740.8871544462968
1740.8871544462968
1724.404461018931
1740.8871544462968
1740.8871544462968
1740.8871544462968
1658.7283524622467
2002.140510309485
1683.4833116041252
1740.8871544462968
2195.686506630272
1899.4083549661193
1927.598098064842
1740.8871544462968
1693.4928283377135
1627.400733634106
1781.2540111165063
2112.280065051834
1627.400733634106
1470.8702125188097
1573.123210111044
1592.5791978392679
1627.400733634106
1627.400733634106
1580.0064075255223
1627.400733634106
1613.2915382815459
1580.0064075255223
1681.6702039433435
1782.6683830916472
1580.540038090689
1493.4486474514608
1627.400733634106
1627.400733634106
1547.6553875197735
1627.400733634106
1627.400733634106
1627.400733634106
1615.4438778472775
1701.0558547221726
1565.2760492673729
1627.400733634106
1627.400733634106
1627.400733634106
1665.6409079173484
1580.540038090689
1524.1201031430526
1470.8702125188097
1687.5780294674273
1466.5183749870134
1415.8337188399896
1353.0826337163398
1415.8337188399896
1495.8654357055216
1415.8337188399896
1517.7309080622265
1470.336581953643
1415.8337188399896
1353.5744811449165
1470.336581953643
1606.5362050137312
1415.8337188399896
1470.8702125188097
1360.9358639097368
1517.7309080622265
1517.7309080622265
1468.208425110615
1517.7309080622265
1517.7309080622265
1517.7309080622265
1415.8337188399896
1587.8837988546607
1415.8337188399896
1415.8337188399896
1415.8337188399896
1415.8337188399896
1554.1559224657392
1470.8702125188097
1443.136940069534
1410.2800772630765
1619.892459696875
1383.1090222011774
1353.0826337163398
1353.0826337163398
1353.0826337163398
1353.0826337163398
1353.0826337163398
1348.6704576484924
1315.9080353058957
1353.0826337163398
1299.1439717126175
1365.136488353338
1353.0826337163398
1353.0826337163398
1365.6701189185044
1254.8743915876646
1457.7516261682415
1454.4513810969972
1278.8090552127867
1353.0826337163398
1348.6704576484924
1353.0826337163398
1353.0826337163398
1587.8837988546607
1353.0826337163398
1353.0826337163398
1353.0826337163398
1353.0826337163398
1457.1479919481205
1365.6701189185044
1254.5338027812618
1287.3912892099736
1353.0826337163398
1314.694467321897
1353.0826337163398
1198.5033935614
1196.1214779856937
1196.1214779856937
1298.6084005425173
1196.1214779856937
1196.1214779856937
1196.1214779856937
1252.464434647982
1303.5687563345261
1196.1214779856937
1196.1214779856937
1196.1214779856937
1171.0440281286737
1353.0826337163398
1196.1214779856937
1199.477129792805
1196.1214779856937
1196.1214779856937
1196.1214779856937
1196.1214779856937
1508.4546348524314
1298.6084005425173
1196.1214779856937
1342.6690930118143
1196.1214779856937
1225.6898215406763
1196.1214779856937
1198.5033935614
1198.5033935614001
1298.6084005425173
1198.5033935614001
1198.5033935614001
1120.4883107918633
1171.0440281286737
1171.0440281286737
1171.0440281286737
1171.0440281286737
1153.5262083409145
1153.5262083409145
1171.0440281286737
1171.0440281286737
1196.1214779856937
1153.5262083409145
1196.1214779856937
1120.4883107918633
1120.4883107918631
1153.5262083409145
1142.466656983631
1152.4104354729516
1120.4883107918631
1120.4883107918631
1120.4883107918631
1232.3481116899775
1120.4883107918631
1153.5262083409145
1120.4883107918631
1120.4883107918631
1120.4883107918631
1120.4883107918631
1077.2987029633605
1077.2987029633605
1120.4883107918631
1166.4799513633138
1077.2987029633605
1022.0538131430764
1041.9073329673063
1041.9073329673063
1027.5875196687673
1078.1432370055777
1041.9073329673063
1111.4198577710304
1041.9073329673063
1041.9073329673063
1177.7845689480662
1041.9073329673063
1041.9073329673063
1040.1226238882277
1040.1226238882277
1041.9073329673063
1041.9073329673063
1041.9073329673063
1040.1226238882277
1090.9951337696632
1090.9951337696632
1027.5875196687673
1027.5875196687673
1041.9073329673063
1040.1226238882277
1019.9517936812416
1040.1226238882277
1027.5875196687673
1022.0538131430764
1019.2743385758624
1016.3583630036904
1136.2869203432774
1024.5957971617265
1016.3583630036904
995.7357737294756
1007.4408591591728
1016.3583630036904
1016.3583630036904
995.7357737294756
1016.3583630036904
995.7357737294756
1013.3106541054002
1007.4408591591728
995.7357737294756
1013.3106541054002
1016.3583630036904
1016.3583630036904
995.7357737294756
1007.4408591591728
1013.3106541054002
1016.3583630036904
1016.3583630036904
1062.398454907757
995.9471810910352
1016.3583630036904
995.7357737294756
1011.0005974995955
991.3551148193357
1007.9569377837697
995.9471810910352
990.4134745653441
990.6776597139564
1016.3583630036904
1007.4408591591728
1024.5957971617265
947.7771025198215
967.1390948675695
954.6199988828898
966.2194749042691
967.6372967711832
967.1390948675695
967.6372967711832
969.6212459135747
992.1474422762449
952.5362551530782
967.1390948675695
971.9149250436546
987.7616841417845
987.7616841417845
967.1390948675695
954.6199988828898
947.7771025198215
987.7616841417845
966.2194749042691
987.1014817218265
956.500820573023
967.6372967711832
969.6212459135747
1011.0005974995955
966.4639200787361
979.3602589218635
956.500820573023
947.7771025198215
970.4605247704101
931.8397142419756
978.8441802972668
943.8502968234949
908.6030972942149
931.8397142419756
931.8397142419756
931.8397142419756
950.5320773090283
931.8397142419756
931.8397142419756
950.7087247185059
931.8397142419756
931.8397142419756
931.8397142419756
931.8397142419756
961.896428718791
961.896428718791
931.8397142419756
931.8397142419756
928.8645813247524
987.7616841417845
949.1142554421141
931.8397142419756
937.8687480348137
931.8397142419756
931.8397142419756
931.8397142419756
931.8397142419756
931.8397142419756
931.8397142419756
931.8397142419756
948.706615925893
908.6030972942149
908.6030972942151
924.937775628426
908.6030972942149
908.6030972942151
908.6030972942151
908.6030972942151
908.6030972942151
908.6030972942151
908.6030972942151
933.603505256351
908.6030972942151
908.6030972942151
908.6030972942151
931.8397142419756
908.6030972942151
908.6030972942151
908.6030972942151
908.6030972942151
908.6030972942151
908.6030972942151
908.6030972942151
908.6030972942151
908.6030972942151
908.6030972942151
908.6030972942151
908.6030972942151
908.6030972942151
908.6030972942151
908.6030972942151
908.6030972942151
908.6030972942151
908.6030972942149
891.4978778320601
908.6030972942151
876.9651965412976
891.4978778320601
891.49787783206
891.49787783206
891.49787783206
891.49787783206
891.4978778320601
891.49787783206
891.49787783206
891.49787783206
891.49787783206
908.6030972942151
891.49787783206
891.49787783206
891.4978778320601
891.49787783206
891.49787783206
891.49787783206
891.4978778320601
891.49787783206
891.4978778320601
891.4978778320601
891.4978778320601
891.49787783206
891.49787783206
891.4978778320601
891.49787783206
891.49787783206
891.4978778320601
891.49787783206
876.9651965412976
874.40179392648
863.401890227381
870.9246575442329
874.4017939264801
886.9838713748576
874.4017939264801
870.9246575442329
876.9651965412977
870.9246575442329
874.4017939264801
874.4017939264801
874.4017939264801
874.4017939264801
874.4017939264801
874.4017939264801
874.4017939264801
870.9246575442329
870.9246575442329
870.9246575442329
874.4017939264801
874.4017939264801
874.4017939264801
891.4978778320601
874.4017939264801
870.9246575442329
874.4017939264801
870.9246575442329
874.4017939264801
891.49787783206
870.9246575442329
870.9246575442329
863.401890227381
863.401890227381
863.401890227381
863.401890227381
863.401890227381
863.401890227381
863.401890227381
863.401890227381
863.401890227381
863.401890227381
863.401890227381
863.401890227381
863.401890227381
863.401890227381
863.4018902273812
863.401890227381
863.401890227381
863.401890227381
863.401890227381
864.167378195609
863.401890227381
863.401890227381
863.401890227381
863.401890227381
863.401890227381
863.401890227381
874.4017939264801
863.401890227381
863.401890227381
891.49787783206
863.401890227381
863.401890227381
863.401890227381
863.401890227381
856.6446108787571
856.6446108787571
856.6446108787572
863.401890227381
856.6446108787571
856.6446108787571
863.401890227381
863.401890227381
863.401890227381
863.401890227381
856.6446108787571
856.6446108787571
856.6446108787571
863.401890227381
863.401890227381
863.401890227381
856.6446108787571
863.401890227381
856.6446108787572
863.401890227381
863.401890227381
863.401890227381
863.401890227381
863.401890227381
863.401890227381
856.6446108787571
863.401890227381
891.49787783206
863.401890227381
856.6446108787571
856.6446108787572
856.6446108787571
856.6446108787571
856.6446108787571
851.8896792037083
856.6446108787571
851.8896792037082
851.8896792037082
856.6446108787571
856.6446108787571
856.6446108787571
856.6446108787571
856.6446108787571
851.8896792037082
856.6446108787571
856.6446108787571
856.6446108787571
856.6446108787571
851.8896792037082
856.6446108787571
851.8896792037083
856.6446108787571
863.401890227381
856.6446108787571
856.6446108787571
856.6446108787571
856.6446108787571
856.6446108787571
856.6446108787571
856.6446108787571
856.6446108787571
856.6446108787571
856.6446108787571
856.6446108787571
851.8896792037082
851.8896792037082
851.8896792037082
851.8896792037082
851.8896792037082
844.6886911641694
851.8896792037082
851.8896792037082
851.8896792037082
851.8896792037082
851.8896792037082
851.8896792037082
851.8896792037082
851.8896792037082
851.8896792037082
851.8896792037082
851.8896792037082
851.8896792037082
851.8896792037082
851.8896792037082
851.8896792037082
851.8896792037082
851.8896792037082
851.8896792037082
856.6446108787571
851.8896792037082
851.8896792037082
851.8896792037082
851.8896792037082
851.8896792037082
851.8896792037082
851.8896792037082
838.4699195195748
844.6886911641695
844.6886911641695
844.6886911641695
844.6886911641694
838.4699195195748
838.4699195195748
838.4699195195748
838.4699195195748
838.4699195195748
838.4699195195748
838.4699195195748
844.6886911641695
838.4699195195748
838.4699195195748
851.8896792037082
844.6886911641694
838.4699195195748
851.8896792037082
838.4699195195748
838.4699195195748
838.4699195195748
844.6886911641695
844.6886911641695
838.4699195195748
838.4699195195748
838.4699195195748
838.4699195195748
838.4699195195748
838.4699195195748
838.4699195195748
851.8896792037082
838.4699195195748
838.4699195195748
838.4699195195748
838.4699195195748
838.4699195195748
838.4699195195748
838.4699195195747
838.4699195195748
838.4699195195747
838.4699195195748
838.4699195195747
837.4977181886064
838.4699195195748
838.4699195195748
837.4977181886064
838.4699195195748
838.4699195195748
838.4699195195747
851.8896792037082
837.4977181886064
838.4699195195748
837.4977181886064
838.4699195195748
838.4699195195748
837.4977181886064
838.4699195195748
838.4699195195748
838.4699195195748
837.4977181886064
838.4699195195748
838.4699195195747
838.4699195195748
837.1322136606299
837.4977181886064
838.4699195195748
837.4977181886065
837.4977181886065
837.4977181886065
838.4699195195747
837.4977181886065
837.4977181886065
837.4977181886064
837.4977181886065
837.1322136606299
837.1322136606299
837.1322136606299
837.1322136606299
837.1322136606299
837.1322136606299
837.1322136606299
837.1322136606299
837.1322136606299
837.1322136606299
837.1322136606299
837.1322136606299
837.1322136606299
837.1322136606299
837.4977181886064
837.1322136606299
837.1322136606299
837.1322136606299
837.1322136606299
837.1322136606299
837.1322136606299
837.1322136606299
837.1322136606299
837.1322136606299
837.4977181886065
837.1322136606299
837.1322136606299
838.4699195195747
837.1322136606299
837.4977181886065
837.1322136606299
837.1322136606299
837.1322136606299
837.1322136606299
837.1322136606299
837.1322136606299
837.1322136606299
837.1322136606299
837.1322136606299
837.1322136606299
837.1322136606299
837.1322136606299
837.1322136606299
837.1322136606299
837.1322136606299
837.1322136606299
837.1322136606299
837.1322136606299
837.1322136606299
837.1322136606299
837.1322136606299
837.1322136606299
837.1322136606299
837.1322136606299
837.1322136606299
837.1322136606299
837.1322136606299
837.1322136606299
837.1322136606299
837.1322136606299
837.1322136606299
837.1322136606299
837.1322136606299
837.1322136606299
837.1322136606299
837.1322136606299
837.1322136606299
837.1322136606299
837.1322136606299
837.1322136606299
837.1322136606299
837.1322136606299
837.1322136606299
837.1322136606299
837.1322136606299
837.1322136606299
837.1322136606299
837.1322136606299
837.1322136606299
837.1322136606299
837.1322136606299
837.1322136606299
837.1322136606299
837.1322136606299
837.1322136606299
837.1322136606299
837.1322136606299
837.1322136606299
837.1322136606299
837.1322136606299
837.1322136606299
837.1322136606299
837.1322136606299
837.1322136606299
837.1322136606299
837.1322136606299
837.1322136606299
837.1322136606299
837.1322136606299
837.1322136606299
837.1322136606299
837.1322136606299
837.1322136606299
837.1322136606299
837.1322136606299
837.1322136606299
837.1322136606299
837.1322136606299
837.1322136606299
837.1322136606299
837.1322136606299
837.1322136606299
837.1322136606299
837.1322136606299
837.1322136606299
837.1322136606299
837.1322136606299
837.1322136606299
837.1322136606299
837.1322136606299
837.1322136606299
837.1322136606299
837.1322136606299
837.1322136606299
837.1322136606299
837.1322136606299
837.1322136606299
837.1322136606299
837.1322136606299
837.1322136606299
837.1322136606299
837.1322136606299
837.1322136606299
837.1322136606299
837.1322136606299
837.1322136606299
837.1322136606299
837.1322136606299
837.1322136606299
837.1322136606299
837.1322136606299
837.1322136606299
837.1322136606299
837.1322136606299
837.1322136606299
837.1322136606299
837.1322136606299
837.1322136606299
837.1322136606299
988.5211466944617
837.1322136606299
837.1322136606299
837.1322136606299
837.1322136606299
837.1322136606299
837.1322136606299
837.1322136606299
837.1322136606299
837.1322136606299
837.1322136606299
837.1322136606299
837.1322136606299
837.1322136606299
837.1322136606299
837.1322136606299
837.1322136606299
837.1322136606299
837.1322136606299
837.1322136606299
837.1322136606299
837.1322136606299
837.1322136606299
837.1322136606299
837.1322136606299
837.1322136606299
837.1322136606299
837.1322136606299
837.1322136606299
837.1322136606299
837.1322136606299
837.1322136606299
837.1322136606299
837.1322136606299
837.1322136606299
837.1322136606299
837.1322136606299
837.1322136606299
837.1322136606299
837.1322136606299
837.1322136606299
837.1322136606299
837.1322136606299
837.1322136606299
837.1322136606299
837.1322136606299
837.1322136606299
837.1322136606299
837.1322136606299
837.1322136606299
837.1322136606299
837.1322136606299
837.1322136606299
837.1322136606299
837.1322136606299
837.1322136606299
837.1322136606299
837.1322136606299
837.1322136606299
837.1322136606299
837.1322136606299
837.1322136606299
837.1322136606299
837.1322136606299
837.4977181886065
837.1322136606299
837.1322136606299
837.1322136606299
837.1322136606299
837.1322136606299
837.1322136606299
837.1322136606299
837.1322136606299
837.1322136606299
837.1322136606299
837.1322136606299
837.1322136606299
837.1322136606299
837.1322136606299
837.1322136606299
837.1322136606299
837.1322136606299
837.1322136606299
837.1322136606299
837.1322136606299
837.1322136606299
837.1322136606299
837.1322136606299
837.1322136606299
837.1322136606299
837.1322136606299
837.1322136606299
837.1322136606299
837.1322136606299
837.1322136606299
837.1322136606299
837.1322136606299
837.1322136606299
837.1322136606299
837.1322136606299
837.1322136606299
837.1322136606299
837.1322136606299
837.1322136606299
837.1322136606299
837.1322136606299
837.1322136606299
837.1322136606299
837.1322136606299
837.1322136606299
837.1322136606299
837.1322136606299
837.1322136606299
837.1322136606299
837.1322136606299
837.1322136606299
837.1322136606299
837.1322136606299
837.1322136606299
837.1322136606299
837.1322136606299
837.1322136606299
837.1322136606299
837.1322136606299
837.1322136606299
837.1322136606299
837.1322136606299
837.1322136606299
1305.040135678663
837.1322136606299
837.1322136606299
837.1322136606299
837.1322136606299
837.1322136606299
837.1322136606299
837.1322136606299
837.1322136606299
837.1322136606299
837.1322136606299
837.1322136606299
837.1322136606299
837.1322136606299
837.1322136606299
837.1322136606299
837.1322136606299
837.1322136606299
837.1322136606299
837.1322136606299
837.1322136606299
837.1322136606299
837.1322136606299
837.1322136606299
837.1322136606299
837.1322136606299
837.1322136606299
837.1322136606299
837.1322136606299
837.1322136606299
837.1322136606299
837.1322136606299
837.1322136606299
837.1322136606299
837.1322136606299
837.1322136606299
837.1322136606299
837.1322136606299
837.1322136606299
837.1322136606299
837.1322136606299
837.1322136606299
837.1322136606299
837.1322136606299
837.1322136606299
837.1322136606299
837.1322136606299
837.1322136606299
837.1322136606299
837.1322136606299
837.1322136606299
837.1322136606299
837.1322136606299
837.1322136606299
837.1322136606299
837.1322136606299
837.1322136606299
837.1322136606299
837.1322136606299
837.1322136606299
837.1322136606299
837.1322136606299
837.1322136606299
837.1322136606299
837.1322136606299
837.1322136606299
837.1322136606299
837.1322136606299
837.1322136606299
837.1322136606299
837.1322136606299
837.1322136606299
837.1322136606299
837.1322136606299
837.1322136606299
837.1322136606299
837.1322136606299
837.1322136606299
837.1322136606299
837.1322136606299
837.1322136606299
837.1322136606299
837.1322136606299
837.1322136606299
837.1322136606299
837.1322136606299
837.1322136606299
837.1322136606299
837.1322136606299
837.1322136606299
837.1322136606299
837.1322136606299
837.1322136606299
837.1322136606299
837.1322136606299
837.1322136606299
837.1322136606299
837.1322136606299
837.1322136606299
837.1322136606299
837.1322136606299
837.1322136606299
837.1322136606299
837.1322136606299
837.1322136606299
837.1322136606299
837.1322136606299
837.1322136606299
837.1322136606299
837.1322136606299
837.1322136606299
837.1322136606299
837.1322136606299
837.1322136606299
837.1322136606299
837.1322136606299
837.1322136606299
837.1322136606299
837.1322136606299
837.1322136606299
837.1322136606299
837.1322136606299
837.1322136606299
837.1322136606299
837.1322136606299
837.1322136606299
837.1322136606299
837.1322136606299
837.1322136606299
837.1322136606299
837.1322136606299
837.1322136606299
837.1322136606299
837.1322136606299
837.1322136606299
837.1322136606299
837.1322136606299
837.1322136606299
837.1322136606299
837.1322136606299
837.1322136606299
837.1322136606299
837.1322136606299
837.1322136606299
837.1322136606299
837.1322136606299
837.1322136606299
837.1322136606299
837.1322136606299
837.1322136606299
837.1322136606299
837.1322136606299
837.1322136606299
837.1322136606299
837.1322136606299
837.1322136606299
837.1322136606299
837.1322136606299
837.1322136606299
837.1322136606299
837.1322136606299
837.1322136606299
837.1322136606299
837.1322136606299
837.1322136606299
837.1322136606299
837.1322136606299
837.1322136606299
837.1322136606299
837.1322136606299
837.1322136606299
837.1322136606299
837.1322136606299
837.1322136606299
837.1322136606299
837.1322136606299
837.1322136606299
837.1322136606299
837.1322136606299
837.1322136606299
837.1322136606299
837.1322136606299
837.1322136606299
837.1322136606299
837.1322136606299
837.1322136606299
837.1322136606299
837.1322136606299
837.1322136606299
837.1322136606299
837.1322136606299
837.1322136606299
837.1322136606299
837.1322136606299
837.1322136606299
837.1322136606299
837.1322136606299
837.1322136606299
837.1322136606299
837.1322136606299
837.1322136606299
837.1322136606299
837.1322136606299
837.1322136606299
837.1322136606299
837.1322136606299
837.1322136606299
837.1322136606299
837.1322136606299
837.1322136606299
837.1322136606299
837.1322136606299
837.1322136606299
837.1322136606299
837.1322136606299
837.1322136606299
837.1322136606299
837.1322136606299
837.1322136606299
837.1322136606299
837.1322136606299
837.1322136606299
837.1322136606299
837.1322136606299
837.1322136606299
837.1322136606299
837.1322136606299
837.1322136606299
837.1322136606299
837.1322136606299
837.1322136606299
837.1322136606299
837.1322136606299
837.1322136606299
837.1322136606299
837.1322136606299
837.1322136606299
837.1322136606299
837.1322136606299
837.1322136606299
837.1322136606299
837.1322136606299
837.1322136606299
837.1322136606299
837.1322136606299
837.1322136606299
837.1322136606299
837.1322136606299
837.1322136606299
837.1322136606299
837.1322136606299
837.1322136606299
837.1322136606299
837.1322136606299
837.1322136606299
837.1322136606299
837.1322136606299
837.1322136606299
837.1322136606299
837.1322136606299
837.1322136606299
837.1322136606299
837.1322136606299
837.1322136606299
837.1322136606299
837.1322136606299
837.1322136606299
837.1322136606299
837.1322136606299
837.1322136606299
837.1322136606299
837.1322136606299
837.1322136606299
837.1322136606299
837.1322136606299
837.1322136606299
837.1322136606299
837.1322136606299
837.1322136606299
837.1322136606299
837.1322136606299
837.1322136606299
837.1322136606299
837.1322136606299
837.1322136606299
837.1322136606299
837.1322136606299
837.1322136606299
1235.3175441863907
837.1322136606299
837.1322136606299
837.1322136606299
837.1322136606299
837.1322136606299
837.1322136606299
837.1322136606299
837.1322136606299
837.1322136606299
837.1322136606299
837.1322136606299
837.1322136606299
837.1322136606299
837.1322136606299
837.1322136606299
837.1322136606299
837.1322136606299
837.1322136606299
837.1322136606299
837.1322136606299
837.1322136606299
837.1322136606299
837.1322136606299
837.1322136606299
837.1322136606299
837.1322136606299
837.1322136606299
837.1322136606299
837.1322136606299
837.1322136606299
837.1322136606299
837.1322136606298
837.1322136606298
837.1322136606298
837.1322136606298
837.1322136606298
837.1322136606298
837.1322136606298
837.1322136606298
837.1322136606298
837.1322136606298
837.1322136606298
837.1322136606298
837.1322136606298
837.1322136606299
837.1322136606298
837.1322136606298
837.1322136606298
837.1322136606298
837.1322136606298
837.1322136606299
837.1322136606298
837.1322136606298
837.1322136606298
837.1322136606298
837.1322136606298
837.1322136606298
837.1322136606298
837.1322136606298
837.1322136606298
837.1322136606298
837.1322136606298
837.1322136606298
837.1322136606298
837.1322136606298
837.1322136606298
837.1322136606298
837.1322136606298
837.1322136606298
837.1322136606298
837.1322136606298
837.1322136606298
837.1322136606298
837.1322136606298
837.1322136606298
837.1322136606298
837.1322136606298
837.1322136606298
837.1322136606298
837.1322136606298
837.1322136606298
837.1322136606298
837.1322136606298
837.1322136606298
837.1322136606298
837.1322136606298
837.1322136606298
837.1322136606298
837.1322136606298
837.1322136606298
837.1322136606298
837.1322136606298
837.1322136606298
837.1322136606298
837.1322136606298
837.1322136606298
837.1322136606298
837.1322136606298
837.1322136606298
837.1322136606298
837.1322136606298
837.1322136606298
837.1322136606298
837.1322136606298
837.1322136606298
837.1322136606298
837.1322136606298
837.1322136606298
837.1322136606298
837.1322136606298
837.1322136606298
837.1322136606298
837.1322136606298
837.1322136606298
837.1322136606298
837.1322136606298
837.1322136606298
837.1322136606298
837.1322136606298
837.1322136606298
837.1322136606298
837.1322136606298
837.1322136606298
837.1322136606298
837.1322136606298
837.1322136606298
837.1322136606298
837.1322136606298
837.1322136606298
837.1322136606298
837.1322136606298
837.1322136606298
837.1322136606298
837.1322136606298
837.1322136606298
837.1322136606298
837.1322136606298
837.1322136606298
837.1322136606298
837.1322136606298
837.1322136606298
837.1322136606298
837.1322136606298
837.1322136606298
837.1322136606298
837.1322136606298
837.1322136606298
837.1322136606298
837.1322136606298
837.1322136606298
837.1322136606298
837.1322136606298
837.1322136606298
837.1322136606298
837.1322136606298
837.1322136606298
837.1322136606298
837.1322136606298
837.1322136606298
943.4875150303112
837.1322136606298
837.1322136606298
837.1322136606298
837.1322136606298
837.1322136606298
837.1322136606298
837.1322136606298
837.1322136606298
837.1322136606298
837.1322136606298
837.1322136606298
837.1322136606298
837.1322136606298
837.1322136606298
837.1322136606298
837.1322136606298
837.1322136606298
837.1322136606298
837.1322136606298
837.1322136606298
837.1322136606298
837.1322136606298
837.1322136606298
837.1322136606298
837.1322136606298
837.1322136606298
837.1322136606298
837.1322136606298
837.1322136606298
837.1322136606298
837.1322136606298
837.1322136606298
837.1322136606298
837.1322136606298
837.1322136606298
837.1322136606298
837.1322136606298
837.1322136606298
837.1322136606298
837.1322136606298
837.1322136606298
837.1322136606298
837.1322136606298
837.1322136606298
837.1322136606298
837.1322136606298
837.1322136606298
837.1322136606298
837.1322136606298
837.1322136606298
837.1322136606298
837.1322136606298
837.1322136606298
837.1322136606298
837.1322136606298
837.1322136606298
837.1322136606298
837.1322136606298
837.1322136606298
837.1322136606298
837.1322136606298
837.1322136606298
837.1322136606298
837.1322136606298
837.1322136606298
837.1322136606298
837.1322136606298
837.1322136606298
837.1322136606298
837.1322136606298
837.1322136606298
837.1322136606298
837.1322136606298
837.1322136606298
837.1322136606298
837.1322136606298
837.1322136606298
837.1322136606298
837.1322136606298
837.1322136606298
837.1322136606298
837.1322136606298
837.1322136606298
837.1322136606298
837.1322136606298
837.1322136606298
837.1322136606298
837.1322136606298
837.1322136606298
837.1322136606298
837.1322136606298
837.1322136606298
837.1322136606298
837.1322136606298
837.1322136606298
837.1322136606298
837.1322136606298
837.1322136606298
837.1322136606298
837.1322136606298
837.1322136606298
837.1322136606298
837.1322136606298
837.1322136606298
837.1322136606298
837.1322136606298
837.1322136606298
837.1322136606298
837.1322136606298
837.1322136606298
837.1322136606298
837.1322136606298
837.1322136606298
837.1322136606298
837.1322136606298
837.1322136606298
837.1322136606298
837.1322136606298
837.1322136606298
837.1322136606298
837.1322136606298
837.1322136606298
837.1322136606298
837.1322136606298
837.1322136606298
837.1322136606298
837.1322136606298
837.1322136606298
837.1322136606298
837.1322136606298
837.1322136606298
837.1322136606298
837.1322136606298
837.1322136606298
837.1322136606298
837.1322136606298
837.1322136606298
837.1322136606298
837.1322136606298
837.1322136606298
837.1322136606298
837.1322136606298
837.1322136606298
837.1322136606298
837.1322136606298
837.1322136606298
837.1322136606298
837.1322136606298
837.1322136606298
837.1322136606298
837.1322136606298
837.1322136606298
837.1322136606298
837.1322136606298
837.1322136606298
837.1322136606298
837.1322136606298
837.1322136606298
837.1322136606298
837.1322136606298
837.1322136606298
837.1322136606298
837.1322136606298
837.1322136606298
837.1322136606298
837.1322136606298
837.1322136606298
837.1322136606298
837.1322136606298
837.1322136606298
837.1322136606298
837.1322136606298
837.1322136606298
837.1322136606298
837.1322136606298
837.1322136606298
837.1322136606298
837.1322136606298
837.1322136606298
837.1322136606298
837.1322136606298
837.1322136606298
837.1322136606298
837.1322136606298
837.1322136606298
837.1322136606298
837.1322136606298
837.1322136606298
837.1322136606298
837.1322136606298
837.1322136606298
837.1322136606298
837.1322136606298
837.1322136606298
837.1322136606298
837.1322136606298
837.1322136606298
837.1322136606298
837.1322136606298
837.1322136606298
837.1322136606298
837.1322136606298
837.1322136606298
837.1322136606298
837.1322136606298
837.1322136606298
837.1322136606298
837.1322136606298
837.1322136606298
837.1322136606298
837.1322136606298
837.1322136606298
837.1322136606298
837.1322136606298
837.1322136606298
837.1322136606298
837.1322136606298
837.1322136606298
837.1322136606298
837.1322136606298
837.1322136606298
837.1322136606298
837.1322136606298
837.1322136606298
837.1322136606298
837.1322136606298
837.1322136606298
837.1322136606298
837.1322136606298
837.1322136606298
837.1322136606298
837.1322136606298
837.1322136606298
837.1322136606298
837.1322136606298
837.1322136606298
837.1322136606298
837.1322136606298
837.1322136606298
837.1322136606298
837.1322136606298
837.1322136606298
837.1322136606298
837.1322136606298
837.1322136606298
837.1322136606298
837.1322136606298
837.1322136606298
837.1322136606298
837.1322136606298
837.1322136606298
837.1322136606298
837.1322136606298
837.1322136606298
837.1322136606298
837.4977181886064
837.1322136606298
837.1322136606298
837.1322136606298
837.1322136606298
837.1322136606298
837.1322136606298
837.1322136606298
837.1322136606298
837.1322136606298
837.1322136606298
837.1322136606298
837.1322136606298
837.1322136606298
837.1322136606298
837.1322136606298
837.1322136606298
837.1322136606298
837.1322136606298
837.1322136606298
837.1322136606298
837.1322136606298
837.1322136606298
837.1322136606298
837.1322136606298
837.1322136606298
837.1322136606298
837.1322136606298
837.1322136606298
837.1322136606298
837.1322136606298
837.1322136606298
837.1322136606298
837.1322136606298
837.1322136606298
837.1322136606298
837.1322136606298
837.1322136606298
837.1322136606298
837.1322136606298
837.1322136606298
837.1322136606298
837.1322136606298
837.1322136606298
837.1322136606298
837.1322136606298
837.1322136606298
837.1322136606298
837.1322136606298
837.1322136606298
837.1322136606298
837.1322136606298
837.1322136606298
837.1322136606298
837.1322136606298
837.1322136606298
837.1322136606298
837.1322136606298
837.1322136606298
837.1322136606298
837.1322136606298
837.1322136606298
837.1322136606298
837.1322136606298
837.1322136606298
837.1322136606298
837.1322136606298
837.1322136606298
837.1322136606298
837.1322136606298
837.1322136606298
837.1322136606298
837.1322136606298
837.1322136606298
837.1322136606298
837.1322136606298
837.1322136606298
837.1322136606298
837.1322136606298
837.1322136606298
837.1322136606298
837.1322136606298
837.1322136606298
837.1322136606298
837.1322136606298
837.1322136606298
837.1322136606298
837.1322136606298
837.1322136606298
837.1322136606298
837.1322136606298
837.1322136606298
837.1322136606298
837.1322136606298
837.1322136606298
837.1322136606298
837.1322136606298
837.1322136606298
837.1322136606298
837.1322136606298
837.1322136606298
837.1322136606298
837.1322136606298
837.1322136606298
837.1322136606298
837.1322136606298
837.1322136606298
837.1322136606298
837.1322136606298
837.1322136606298
837.1322136606298
837.1322136606298
837.1322136606298
837.1322136606298
837.1322136606298
837.1322136606298
837.1322136606298
837.1322136606298
837.1322136606298
837.1322136606298
837.1322136606298
837.1322136606298
837.1322136606298
837.1322136606298
837.1322136606298
837.1322136606298
837.1322136606298
837.1322136606298
837.1322136606298
837.1322136606298
837.1322136606298
837.1322136606298
837.1322136606298
837.1322136606298
837.1322136606298
837.1322136606298
837.1322136606298
837.1322136606298
837.1322136606298
837.1322136606298
837.1322136606298
837.1322136606298
837.1322136606298
837.1322136606298
837.1322136606298
837.1322136606298
837.1322136606298
837.1322136606298
837.1322136606298
837.1322136606298
837.1322136606298
837.1322136606298
837.1322136606298
837.1322136606298
837.1322136606298
837.1322136606298
837.1322136606298
837.1322136606298
837.1322136606298
837.1322136606298
837.1322136606298
837.1322136606298
837.1322136606298
837.1322136606298
837.1322136606298
837.1322136606298
837.1322136606298
837.1322136606298
837.1322136606298
837.1322136606298
837.1322136606298
837.1322136606298
837.1322136606298
837.1322136606298
837.1322136606298
837.1322136606298
837.1322136606298
837.1322136606298
837.1322136606298
837.1322136606298
837.1322136606298
837.1322136606298
837.1322136606298
837.1322136606298
837.1322136606298
837.1322136606298
837.1322136606298
837.1322136606298
837.1322136606298
837.1322136606298
837.1322136606298
837.1322136606298
837.1322136606298
837.1322136606298
837.1322136606298
837.1322136606298
837.1322136606298
837.1322136606298
837.1322136606298
837.1322136606298
837.1322136606298
837.1322136606298
837.1322136606298
837.1322136606298
837.1322136606298
837.1322136606298
837.1322136606298
837.1322136606298
837.1322136606298
837.1322136606298
837.1322136606298
837.1322136606298
837.1322136606298
837.1322136606298
837.1322136606298
837.1322136606298
837.1322136606298
837.1322136606298
837.1322136606298
837.1322136606298
837.1322136606298
837.1322136606298
837.1322136606298
837.1322136606298
837.1322136606298
837.1322136606298
837.1322136606298
837.1322136606298
837.1322136606298
837.1322136606298
837.1322136606298
837.1322136606298
837.1322136606298
837.1322136606298
837.1322136606298
837.1322136606298
837.1322136606298
837.1322136606298
837.1322136606298
837.1322136606298
837.1322136606298
837.1322136606298
837.1322136606298
837.1322136606298
837.1322136606298
837.1322136606298
837.1322136606298
837.1322136606298
837.1322136606298
837.1322136606298
837.1322136606298
837.1322136606298
837.1322136606298
837.1322136606298
837.1322136606298
837.1322136606298
837.1322136606298
837.1322136606298
837.1322136606298
837.1322136606298
837.1322136606298
837.1322136606298
837.1322136606298
837.1322136606298
837.1322136606298
837.1322136606298
837.1322136606298
837.1322136606298
837.1322136606298
837.1322136606298
837.1322136606298
837.1322136606298
837.1322136606298
837.1322136606298
837.1322136606298
837.1322136606298
837.1322136606298
837.1322136606298
837.1322136606298
837.1322136606298
837.1322136606298
837.1322136606298
837.1322136606298
837.1322136606298
837.1322136606298
837.1322136606298
837.1322136606298
837.1322136606298
837.1322136606298
837.1322136606298
837.1322136606298
837.1322136606298
837.1322136606298
837.1322136606298
837.1322136606298
837.1322136606298
837.1322136606298
837.1322136606298
837.1322136606298
837.1322136606298
837.1322136606298
837.1322136606298
837.1322136606298
837.1322136606298
837.1322136606298
837.1322136606298
837.1322136606298
837.1322136606298
837.1322136606298
837.1322136606298
837.1322136606298
837.1322136606298
837.1322136606298
837.1322136606298
837.1322136606298
837.1322136606298
837.1322136606298
837.1322136606298
837.1322136606298
837.1322136606298
837.1322136606298
837.1322136606298
837.1322136606298
837.1322136606298
837.1322136606298
837.1322136606298
837.1322136606298
837.1322136606298
837.1322136606298
837.1322136606298
837.1322136606298
837.1322136606298
837.1322136606298
837.1322136606298
837.1322136606298
837.1322136606298
837.1322136606298
837.1322136606298
837.1322136606298
837.1322136606298
837.1322136606298
837.1322136606298
837.1322136606298
837.1322136606298
837.1322136606298
837.1322136606298
837.1322136606298
837.1322136606298
837.1322136606298
837.1322136606298
837.1322136606298
837.1322136606298
837.1322136606298
837.1322136606298
837.1322136606298
837.1322136606298
837.1322136606298
837.1322136606298
837.1322136606298
837.1322136606298
837.1322136606298
837.1322136606298
837.1322136606298
837.1322136606298
837.1322136606298
837.1322136606298
837.1322136606298
837.1322136606298
837.1322136606298
837.1322136606298
837.1322136606298
837.1322136606298
837.1322136606298
837.1322136606298
837.1322136606298
837.1322136606298
837.1322136606298
837.1322136606298
837.1322136606298
837.1322136606298
837.1322136606298
837.1322136606298
837.1322136606298
837.1322136606298
837.1322136606298
837.1322136606298
837.1322136606298
837.1322136606298
837.1322136606298
837.1322136606298
837.1322136606298
837.1322136606298
837.1322136606298
837.1322136606298
837.1322136606298
837.1322136606298
837.1322136606298
837.1322136606298
837.1322136606298
837.1322136606298
837.1322136606298
837.1322136606298
837.1322136606298
837.1322136606298
837.1322136606298
837.1322136606298
837.1322136606298
837.1322136606298
837.1322136606298
837.1322136606298
837.1322136606298
837.1322136606298
837.1322136606298
837.1322136606298
837.1322136606298
837.1322136606298
837.1322136606298
837.1322136606298
837.1322136606298
837.1322136606298
837.1322136606298
837.1322136606298
837.1322136606298
837.1322136606298
837.1322136606298
837.1322136606298
837.1322136606298
837.1322136606298
837.1322136606298
837.1322136606298
837.1322136606298
837.1322136606298
837.1322136606298
837.1322136606298
837.1322136606298
837.1322136606298
837.1322136606298
837.1322136606298
837.1322136606298
837.1322136606298
837.1322136606298
837.1322136606298
837.1322136606298
837.1322136606298
837.1322136606298
837.1322136606298
837.1322136606298
837.1322136606298
837.1322136606298
837.1322136606298
837.1322136606298
837.1322136606298
837.1322136606298
837.1322136606298
837.1322136606298
837.1322136606298
837.1322136606298
837.1322136606298
837.1322136606298
837.1322136606298
837.1322136606298
837.1322136606298
837.1322136606298
837.1322136606298
837.1322136606298
837.1322136606298
837.1322136606298
837.1322136606298
837.1322136606298
837.1322136606298
837.1322136606298
837.1322136606298
837.1322136606298
837.1322136606298
837.1322136606298
837.1322136606298
837.1322136606298
837.1322136606298
837.1322136606298
837.1322136606298
837.1322136606298
837.1322136606298
837.1322136606298
837.1322136606298
837.1322136606298
837.1322136606298
837.1322136606298
837.1322136606298
837.1322136606298
837.1322136606298
837.1322136606298
837.1322136606298
837.1322136606298
837.1322136606298
837.1322136606298
837.1322136606298
837.1322136606298
837.1322136606298
837.1322136606298
837.1322136606298
837.1322136606298
837.1322136606298
837.1322136606298
837.1322136606298
837.1322136606298
837.1322136606298
837.1322136606298
837.1322136606298
837.1322136606298
837.1322136606298
837.1322136606298
837.1322136606298
837.1322136606298
837.1322136606298
837.1322136606298
837.1322136606298
837.1322136606298
837.1322136606298
837.1322136606298
837.1322136606298
837.1322136606298
837.1322136606298
837.1322136606298
837.1322136606298
837.1322136606298
837.1322136606298
837.1322136606298
837.1322136606298
837.1322136606298
837.1322136606298
837.1322136606298
837.1322136606298
837.1322136606298
837.1322136606298
837.1322136606298
837.1322136606298
837.1322136606298
837.1322136606298
837.1322136606298
837.1322136606298
837.1322136606298
837.1322136606298
837.1322136606298
837.1322136606298
837.1322136606298
837.1322136606298
837.1322136606298
837.1322136606298
837.1322136606298
837.1322136606298
837.1322136606298
837.1322136606298
837.1322136606298
837.1322136606298
837.1322136606298
837.1322136606298
837.1322136606298
837.1322136606298
837.1322136606298
837.1322136606298
837.1322136606298
837.1322136606298
837.1322136606298
837.1322136606298
837.1322136606298
837.1322136606298
837.1322136606298
837.1322136606298
837.1322136606298
837.1322136606298
837.1322136606298
837.1322136606298
837.1322136606298
837.1322136606298
837.1322136606298
837.1322136606298
837.1322136606298
837.1322136606298
837.1322136606298
837.1322136606298
837.1322136606298
837.1322136606298
837.1322136606298
837.1322136606298
837.1322136606298
837.1322136606298
837.1322136606298
837.1322136606298
837.1322136606298
837.1322136606298
837.1322136606298
837.1322136606298
837.1322136606298
837.1322136606298
837.1322136606298
837.1322136606298
837.1322136606298
837.1322136606298
837.1322136606298
837.1322136606298
837.1322136606298
837.1322136606298
837.1322136606298
837.1322136606298
837.1322136606298
837.1322136606298
837.1322136606298
837.1322136606298
837.1322136606298
837.1322136606298
837.1322136606298
837.1322136606298
837.1322136606298
837.1322136606298
837.1322136606298
837.1322136606298
837.1322136606298
837.1322136606298
837.1322136606298
837.1322136606298
837.1322136606298
837.1322136606298
837.1322136606298
837.1322136606298
837.1322136606298
837.1322136606298
837.1322136606298
837.1322136606298
837.1322136606298
837.1322136606298
837.1322136606298
837.1322136606298
837.1322136606298
837.1322136606298
837.1322136606298
837.1322136606298
837.1322136606298
837.1322136606298
837.1322136606298
837.1322136606298
837.1322136606298
837.1322136606298
837.1322136606298
837.1322136606298
837.1322136606298
837.1322136606298
837.1322136606298
837.1322136606298
837.1322136606298
837.1322136606298
837.1322136606298
837.1322136606298
837.1322136606298
837.1322136606298
837.1322136606298
837.1322136606298
837.1322136606298
837.1322136606298
837.1322136606298
837.1322136606298
837.1322136606298
837.1322136606298
837.1322136606298
837.1322136606298
837.1322136606298
837.1322136606298
837.1322136606298
837.1322136606298
837.1322136606298
837.1322136606298
837.1322136606298
837.1322136606298
837.1322136606298
837.1322136606298
837.1322136606298
837.1322136606298
837.1322136606298
837.1322136606298
837.1322136606298
837.1322136606298
837.1322136606298
837.1322136606298
837.1322136606298
837.1322136606298
837.1322136606298
837.1322136606298
837.1322136606298
837.1322136606298
837.1322136606298
837.1322136606298
837.1322136606298
837.1322136606298
837.1322136606298
837.1322136606298
837.1322136606298
837.1322136606298
837.1322136606298
837.1322136606298
837.1322136606298
837.1322136606298
837.1322136606298
837.1322136606298
837.1322136606298
837.1322136606298
837.1322136606298
837.1322136606298
837.1322136606298
837.1322136606298
837.1322136606298
837.1322136606298
837.1322136606298
837.1322136606298
837.1322136606298
837.1322136606298
837.1322136606298
837.1322136606298
837.1322136606298
837.1322136606298
837.1322136606298
837.1322136606298
837.1322136606298
837.1322136606298
837.1322136606298
837.1322136606298
837.1322136606298
837.1322136606298
837.1322136606298
837.1322136606298
837.1322136606298
837.1322136606298
837.1322136606298
837.1322136606298
837.1322136606298
837.1322136606298
837.1322136606298
837.1322136606298
1153.3530156352235
837.1322136606298
837.1322136606298
837.1322136606298
837.1322136606298
837.1322136606298
837.1322136606298
837.1322136606298
837.1322136606298
837.1322136606298
837.1322136606298
837.1322136606298
837.1322136606298
837.1322136606298
837.1322136606298
837.1322136606298
837.1322136606298
837.1322136606298
837.1322136606298
837.1322136606298
837.1322136606298
837.1322136606298
837.1322136606298
837.1322136606298
837.1322136606298
837.1322136606298
837.1322136606298
837.1322136606298
837.1322136606298
837.1322136606298
837.1322136606298
837.1322136606298
837.1322136606298
837.1322136606298
837.1322136606298
837.1322136606298
837.1322136606298
837.1322136606298
837.1322136606298
837.1322136606298
837.1322136606298
837.1322136606298
837.1322136606298
837.1322136606298
837.1322136606298
837.1322136606298
837.1322136606298
837.1322136606298
837.1322136606298
837.1322136606298
837.1322136606298
837.1322136606298
837.1322136606298
837.1322136606298
837.1322136606298
837.1322136606298
837.1322136606298
837.1322136606298
837.1322136606298
837.1322136606298
837.1322136606298
837.1322136606298
837.1322136606298
837.1322136606298
837.1322136606298
837.1322136606298
837.1322136606298
837.1322136606298
837.1322136606298
837.1322136606298
837.1322136606298
837.1322136606298
837.1322136606298
837.1322136606298
837.1322136606298
837.1322136606298
837.1322136606298
837.1322136606298
837.1322136606298
837.1322136606298
837.1322136606298
837.1322136606298
837.1322136606298
837.1322136606298
837.1322136606298
837.1322136606298
837.1322136606298
837.1322136606298
837.1322136606298
837.1322136606298
837.1322136606298
837.1322136606298
837.1322136606298
837.1322136606298
837.1322136606298
837.1322136606298
837.1322136606298
837.1322136606298
837.1322136606298
837.1322136606298
837.1322136606298
837.1322136606298
837.1322136606298
837.1322136606298
837.1322136606298
837.1322136606298
837.1322136606298
837.1322136606298
837.1322136606298
837.1322136606298
837.1322136606298
837.1322136606298
837.1322136606298
837.1322136606298
837.1322136606298
837.1322136606298
837.1322136606298
837.1322136606298
837.1322136606298
837.1322136606298
837.1322136606298
837.1322136606298
837.1322136606298
837.1322136606298
837.1322136606298
837.1322136606298
837.1322136606298
837.1322136606298
1299.1211318978058
837.1322136606298
837.1322136606298
837.1322136606298
837.1322136606298
837.1322136606298
837.1322136606298
837.1322136606298
837.1322136606298
837.1322136606298
837.1322136606298
837.1322136606298
837.1322136606298
837.1322136606298
837.1322136606298
837.1322136606298
837.1322136606298
837.1322136606298
837.1322136606298
837.1322136606298
837.1322136606298
837.1322136606298
837.1322136606298
837.1322136606298
837.1322136606298
837.1322136606298
837.1322136606298
837.1322136606298
837.1322136606298
837.1322136606298
837.1322136606298
837.1322136606298
837.1322136606298
837.1322136606298
837.1322136606298
837.1322136606298
837.1322136606298
837.1322136606298
837.1322136606298
837.1322136606298
837.1322136606298
837.1322136606298
837.1322136606298
837.1322136606298
837.1322136606298
837.1322136606298
837.1322136606298
837.1322136606298
837.1322136606298
837.1322136606298
837.1322136606298
837.1322136606298
837.1322136606298
837.1322136606298
837.1322136606298
837.1322136606298
837.1322136606298
837.1322136606298
837.1322136606298
837.1322136606298
837.1322136606298
837.1322136606298
837.1322136606298
837.1322136606298
907.3689562798588
837.1322136606298
837.1322136606298
837.1322136606298
837.1322136606298
837.1322136606298
837.1322136606298
837.1322136606298
837.1322136606298
837.1322136606298
837.1322136606298
837.1322136606298
837.1322136606298
837.1322136606298
837.1322136606298
837.1322136606298
837.1322136606298
837.1322136606298
837.1322136606298
837.1322136606298
837.1322136606298
837.1322136606298
837.1322136606298
837.1322136606298
837.1322136606298
837.1322136606298
837.1322136606298
837.1322136606298
837.1322136606298
837.1322136606298
837.1322136606298
837.1322136606298
837.1322136606298
837.1322136606298
837.1322136606298
837.1322136606298
837.1322136606298
837.1322136606298
837.1322136606298
837.1322136606298
837.1322136606298
837.1322136606298
837.1322136606298
837.1322136606298
837.1322136606298
837.1322136606298
837.1322136606298
837.1322136606298
837.1322136606298
837.1322136606298
837.1322136606298
837.1322136606298
837.1322136606298
837.1322136606298
837.1322136606298
837.1322136606298
837.1322136606298
837.1322136606298
837.1322136606298
837.1322136606298
837.1322136606298
837.1322136606298
837.1322136606298
837.1322136606298
837.1322136606298
837.1322136606298
837.1322136606298
837.1322136606298
837.1322136606298
837.1322136606298
837.1322136606298
837.1322136606298
837.1322136606298
837.1322136606298
837.1322136606298
837.1322136606298
837.1322136606298
837.1322136606298
837.1322136606298
837.1322136606298
837.1322136606298
837.1322136606298
837.1322136606298
837.1322136606298
837.1322136606298
837.1322136606298
837.1322136606298
837.1322136606298
837.1322136606298
837.1322136606298
837.1322136606298
837.1322136606298
837.1322136606298
837.1322136606298
837.1322136606298
837.1322136606298
837.1322136606298
837.1322136606298
837.1322136606298
837.1322136606298
837.1322136606298
837.1322136606298
837.1322136606298
837.1322136606298
837.1322136606298
837.1322136606298
837.1322136606298
837.1322136606298
837.1322136606298
837.1322136606298
837.1322136606298
837.1322136606298
837.1322136606298
837.1322136606298
837.1322136606298
837.1322136606298
837.1322136606298
837.1322136606298
837.1322136606298
837.1322136606298
837.1322136606298
837.1322136606298
837.1322136606298
837.1322136606298
837.1322136606298
837.1322136606298
837.1322136606298
837.1322136606298
837.1322136606298
837.1322136606298
837.1322136606298
837.1322136606298
837.1322136606298
837.1322136606298
837.1322136606298
837.1322136606298
837.1322136606298
837.1322136606298
837.1322136606298
837.1322136606298
837.1322136606298
837.1322136606298
837.1322136606298
837.1322136606298
837.1322136606298
837.1322136606298
837.1322136606298
837.1322136606298
837.1322136606298
837.1322136606298
837.1322136606298
837.1322136606298
837.1322136606298
837.1322136606298
837.1322136606298
837.1322136606298
837.1322136606298
837.1322136606298
837.1322136606298
837.1322136606298
837.1322136606298
837.1322136606298
837.1322136606298
837.1322136606298
837.1322136606298
837.1322136606298
837.1322136606298
837.1322136606298
837.1322136606298
837.1322136606298
837.1322136606298
837.1322136606298
837.1322136606298
837.1322136606298
837.1322136606298
837.1322136606298
837.1322136606298
837.1322136606298
837.1322136606298
837.1322136606298
837.1322136606298
837.1322136606298
837.1322136606298
837.1322136606298
837.1322136606298
837.1322136606298
837.1322136606298
837.1322136606298
837.1322136606298
837.1322136606298
837.1322136606298
837.1322136606298
837.1322136606298
837.1322136606298
837.1322136606298
837.1322136606298
837.1322136606298
837.1322136606298
837.1322136606298
837.1322136606298
837.1322136606298
837.1322136606298
837.1322136606298
837.1322136606298
837.1322136606298
837.1322136606298
837.1322136606298
837.1322136606298
837.1322136606298
837.1322136606298
837.1322136606298
837.1322136606298
837.1322136606298
837.1322136606298
837.1322136606298
837.1322136606298
837.1322136606298
837.1322136606298
837.1322136606298
837.1322136606298
837.1322136606298
837.1322136606298
837.1322136606298
837.1322136606298
837.1322136606298
837.1322136606298
837.1322136606298
837.1322136606298
837.1322136606298
837.1322136606298
837.1322136606298
837.1322136606298
837.1322136606298
837.1322136606298
837.1322136606298
837.1322136606298
837.1322136606298
837.1322136606298
837.1322136606298
837.1322136606298
837.1322136606298
837.1322136606298
837.1322136606298
837.1322136606298
837.1322136606298
837.1322136606298
837.1322136606298
837.1322136606298
837.1322136606298
837.1322136606298
837.1322136606298
837.1322136606298
837.1322136606298
837.1322136606298
837.1322136606298
837.1322136606298
837.1322136606298
837.1322136606298
837.1322136606298
837.1322136606298
837.1322136606298
837.1322136606298
837.1322136606298
837.1322136606298
837.1322136606298
837.1322136606298
837.1322136606298
837.1322136606298
837.1322136606298
837.1322136606298
837.1322136606298
837.1322136606298
837.1322136606298
837.1322136606298
837.1322136606298
837.1322136606298
837.1322136606298
837.1322136606298
837.1322136606298
837.1322136606298
837.1322136606298
837.1322136606298
837.1322136606298
837.1322136606298
837.1322136606298
837.1322136606298
837.1322136606298
837.1322136606298
837.1322136606298
837.1322136606298
837.1322136606298
837.1322136606298
837.1322136606298
837.1322136606298
837.1322136606298
837.1322136606298
837.1322136606298
837.1322136606298
837.1322136606298
837.1322136606298
837.1322136606298
837.1322136606298
837.1322136606298
837.1322136606298
837.1322136606298
837.1322136606298
837.1322136606298
837.1322136606298
837.1322136606298
837.1322136606298
837.1322136606298
837.1322136606298
837.1322136606298
837.1322136606298
837.1322136606298
837.1322136606298
837.1322136606298
837.1322136606298
837.1322136606298
837.1322136606298
837.1322136606298
837.1322136606298
837.1322136606298
837.1322136606298
837.1322136606298
837.1322136606298
837.1322136606298
837.1322136606298
837.1322136606298
837.1322136606298
837.1322136606298
837.1322136606298
837.1322136606298
837.1322136606298
837.1322136606298
837.1322136606298
837.1322136606298
837.1322136606298
837.1322136606298
837.1322136606298
837.1322136606298
837.1322136606298
837.1322136606298
837.1322136606298
837.1322136606298
837.1322136606298
837.1322136606298
837.1322136606298
837.1322136606298
837.1322136606298
837.1322136606298
837.1322136606298
1005.6206412584464
837.1322136606298
837.1322136606298
837.1322136606298
837.1322136606298
837.1322136606298
837.1322136606298
837.1322136606298
837.1322136606298
837.1322136606298
837.1322136606298
837.1322136606298
837.1322136606298
837.1322136606298
837.1322136606298
837.1322136606298
837.1322136606298
837.1322136606298
837.1322136606298
837.1322136606298
837.1322136606298
837.1322136606298
837.1322136606298
837.1322136606298
837.1322136606298
837.1322136606298
837.1322136606298
837.1322136606298
837.1322136606298
837.1322136606298
837.1322136606298
837.1322136606298
837.1322136606298
837.1322136606298
837.1322136606298
837.1322136606298
837.1322136606298
837.1322136606298
837.1322136606298
837.1322136606298
837.1322136606298
837.1322136606298
837.1322136606298
837.1322136606298
837.1322136606298
837.1322136606298
837.1322136606298
837.1322136606298
837.1322136606298
837.1322136606298
837.1322136606298
837.1322136606298
837.1322136606298
837.1322136606298
837.1322136606298
837.1322136606298
837.1322136606298
837.1322136606298
837.1322136606298
837.1322136606298
837.1322136606298
837.1322136606298
837.1322136606298
837.1322136606298
837.1322136606298
837.1322136606298
837.1322136606298
837.1322136606298
837.1322136606298
837.1322136606298
837.1322136606298
837.1322136606298
837.1322136606298
837.1322136606298
837.1322136606298
837.1322136606298
837.1322136606298
837.1322136606298
837.1322136606298
837.1322136606298
837.1322136606298
837.1322136606298
837.1322136606298
837.1322136606298
837.1322136606298
837.1322136606298
837.1322136606298
837.1322136606298
837.1322136606298
837.1322136606298
837.1322136606298
837.1322136606298
837.1322136606298
837.1322136606298
837.1322136606298
837.1322136606298
1306.16883893949
837.1322136606298
837.1322136606298
837.1322136606298
837.1322136606298
837.1322136606298
837.1322136606298
837.1322136606298
837.1322136606298
837.1322136606298
837.1322136606298
837.1322136606298
837.1322136606298
837.1322136606298
837.1322136606298
837.1322136606298
837.1322136606298
837.1322136606298
837.1322136606298
837.1322136606298
837.1322136606298
837.1322136606298
837.1322136606298
837.1322136606298
837.1322136606298
837.1322136606298
837.1322136606298
837.1322136606298
837.1322136606298
837.1322136606298
837.1322136606298
837.1322136606298
837.1322136606298
837.1322136606298
837.1322136606298
837.1322136606298
837.1322136606298
837.1322136606298
837.1322136606298
837.1322136606298
837.1322136606298
837.1322136606298
837.1322136606298
837.1322136606298
837.1322136606298
837.1322136606298
837.1322136606298
837.1322136606298
837.1322136606298
837.1322136606298
837.1322136606298
837.1322136606298
837.1322136606298
837.1322136606298
837.1322136606298
837.1322136606298
837.1322136606298
837.1322136606298
837.1322136606298
837.1322136606298
837.1322136606298
837.1322136606298
837.1322136606298
837.1322136606298
837.1322136606298
837.1322136606298
837.1322136606298
837.1322136606298
837.1322136606298
837.1322136606298
837.1322136606298
837.1322136606298
837.1322136606298
837.1322136606298
837.1322136606298
837.1322136606298
837.1322136606298
837.1322136606298
837.1322136606298
837.1322136606298
837.1322136606298
837.1322136606298
837.1322136606298
837.1322136606298
837.1322136606298
837.1322136606298
837.1322136606298
837.1322136606298
837.1322136606298
837.1322136606298
837.1322136606298
837.1322136606298
837.1322136606298
837.1322136606298
837.1322136606298
837.1322136606298
837.1322136606298
