18.76
21
2862.173924282243
2705.246115830293
3094.0888416110097
2922.852298988106
2920.787474001373
3328.916558675369
2358.1173831398505
2994.320153432571
3019.241425342717
2980.2563131642205
2766.5558252574942
2844.5019846344308
3026.9189318643766
2828.1747026926755
3006.8981539750207
2695.0553187407986
3156.352599998844
3291.588764311939
3072.323952660697
2899.055677483154
2591.8129663560917
2107.4371827000664
2632.998083369593
2424.0623317214945
2633.390848855324
2526.939334892968
2464.2423850590394
2936.126140279572
2107.4371827000664
2626.5685617335944
2045.090126292086
2630.425154407191
2399.9888166459086
2469.623281072781
2680.0595944976308
2483.1660903715997
2570.32149824724
2440.2559475066914
2595.492941349468
2909.946000711299
2680.4479413997446
2547.0488964682204
2343.4271222558978
1920.7028849807814
2419.5125218652406
2221.2512998048414
2267.228857728025
2327.632300899292
2237.046349856085
2601.345027538814
2029.3683635789557
2407.392176223659
1920.7028849807814
2423.008042061403
2032.7306145828093
2318.4505011842302
1911.7818693638608
2221.3765994065106
2223.644486245246
2241.3007140122245
2338.665218654401
2587.9452054954445
2415.1356436917326
2249.355241947969
2132.878172944653
1781.2064538697134
2220.753196825825
1880.772139426864
1880.772139426864
2155.2648060223237
2020.9601987772394
2279.1804459713617
1880.772139426864
2202.73947224553
1876.1752445967038
1880.772139426864
1834.4477772056796
2152.360736047749
1781.2064538697134
2052.2955220306108
2173.105742117786
2241.3007140122245
1750.1967239327166
2322.68256076935
1750.1967239327166
2011.5351868694772
1976.6864335227954
1645.420619777249
1722.5657623278144
1750.1967239327166
1746.1774854717773
1998.2171433980204
1899.8402922172243
1750.1967239327166
1750.1967239327166
2064.2779902796583
1745.0239870025816
1633.6108759366607
1717.7759300287835
2013.8123688620071
1676.4303497142457
2001.6643315313927
2021.6889097584312
1749.8028545266297
1645.420619777249
2127.1199452189253
1645.420619777249
1889.0569892765589
1835.3545874665697
1542.9094303575932
1523.24317797253
1628.3966510505704
1641.4013813163097
1857.0853797060781
1563.6540620537553
1640.7430645522
1645.420619777249
1630.7913277620614
1580.9137204785754
1542.9094303575932
1536.8196353476803
1496.5880088694585
1676.4303497142457
1869.3605100068835
1518.897966004392
1632.5909164461143
1536.8560653157858
1962.1238651283372
1561.8567526743434
1767.708613445318
1704.6228765456926
1413.024141766553
1496.5880088694585
1480.2008740881506
1491.6794035125413
1752.6345123710068
1478.5325688698927
1472.3936914384722
1561.8567526743434
1513.1750334298063
1411.010593440116
1459.3455632546875
1368.470262233953
1413.024141766553
1592.86648261134
1744.0171613255543
1435.334098901486
1413.0241417665525
1375.0638157624558
1413.0241417665525
1476.9998078657677
1413.0241417665525
1413.0241417665525
1368.4702622339528
1345.4739276662629
1404.530634758849
1368.4702622339528
1356.085064864343
1421.143756032234
1405.663244088959
1368.4702622339528
1368.4702622339528
1346.6294619397656
1400.1910562338674
1368.4702622339528
1328.8056709289872
1368.4702622339528
1645.4001878701292
1297.227284277652
1328.8056709289872
1237.4180262302148
1328.8056709289872
1368.4702622339528
1353.8696347457326
1328.8056709289872
1183.364402320421
1287.458112872569
1237.4180262302148
1237.4180262302148
1237.4180262302148
1237.4180262302148
1237.4180262302148
1310.4544474402592
1237.4180262302148
1221.112921533693
1237.4180262302148
1237.4180262302148
1273.7267449535434
1310.4544474402592
1237.4180262302148
1237.4180262302148
1237.4180262302148
1183.364402320421
1183.3644023204208
1183.3644023204208
1183.3644023204208
1273.7267449535434
1452.9505400015805
1179.3371454327912
1127.2278896016094
1183.3644023204208
1147.761522465447
1147.761522465447
1173.7031100854317
1179.3371454327912
1173.7031100854317
1172.2397815832453
1173.7031100854317
1183.3644023204208
1170.1355343127034
1179.3371454327912
1183.3644023204208
1183.3644023204208
1170.1355343127034
1140.4567576093268
1183.3644023204208
1140.4567576093268
1140.4567576093268
1273.7267449535434
1119.8251203966295
1136.429500721697
1119.8251203966295
1140.4567576093268
1088.1862096783384
1088.1862096783384
1119.8251203966295
1119.8251203966295
1119.8251203966295
1119.8251203966295
1119.8251203966295
1119.8251203966295
1113.6740237411175
1113.6740237411175
1113.6740237411175
1140.4567576093268
1113.6740237411175
1113.6740237411175
1173.7031100854317
1113.6740237411175
1114.9689435465475
1119.8251203966295
1040.5449062688926
1088.1862096783384
1088.1862096783384
1088.1862096783384
1040.5449062688926
1088.1862096783384
1040.5449062688926
1066.172285786011
1039.2533078029192
1039.2533078029192
1039.2533078029192
1039.2533078029192
1113.6740237411175
1039.2533078029192
1088.1862096783384
1114.9689435465475
1039.2533078029192
1088.1862096783384
1040.5449062688926
1039.2533078029192
1039.2533078029192
1040.5449062688926
978.4232776069758
978.0471060152423
975.4748534931388
978.0471060152423
975.4748534931388
971.1186930088601
975.4748534931388
975.8631008776573
978.4232776069758
965.6399841534588
1039.2533078029192
980.9970587403677
965.6399841534588
966.5204279128639
1062.9355301311175
966.5204279128639
1039.2533078029192
966.5204279128639
1018.5565954950332
965.6399841534588
965.6399841534588
943.6516733795994
1323.3728795979835
918.5802609953325
953.4865427192793
940.5685717691922
944.257333906004
940.5685717691922
940.5685717691922
943.6516733795994
940.5685717691922
941.7591690011895
965.6399841534588
959.0087479665083
940.5685717691922
930.7478943146996
918.5802609953325
943.6516733795994
943.6516733795994
930.7478943146996
918.5802609953325
940.5685717691922
940.5685717691922
943.6516733795994
918.5802609953325
918.5802609953325
918.5802609953327
918.5802609953325
918.5802609953327
918.5802609953327
918.5802609953325
918.5802609953327
918.5802609953325
919.7708582273301
918.5802609953327
918.5802609953327
918.5802609953327
918.5802609953327
918.5802609953325
918.5802609953327
918.5802609953327
917.485260312555
905.3176269931881
918.5802609953325
918.5802609953327
918.5802609953325
905.3176269931881
905.3176269931881
905.3176269931881
905.3176269931881
905.3176269931881
905.3176269931881
905.3176269931881
905.3176269931881
905.3176269931881
905.3176269931881
905.3176269931881
905.3176269931881
905.3176269931881
905.3176269931881
905.3176269931881
905.3176269931881
905.3176269931881
905.3176269931881
905.3176269931881
905.3176269931881
905.3176269931881
918.5802609953325
888.7509285532659
896.2045883733721
897.9020287881394
896.2976954108177
859.6949960710584
859.6949960710584
896.2976954108177
905.3176269931881
896.2976954108177
896.2976954108177
897.9020287881394
905.3176269931881
905.3176269931881
896.2045883733721
905.3176269931881
896.2976954108177
896.2976954108177
905.3176269931881
888.7509285532659
888.750928553266
888.750928553266
888.750928553266
859.6949960710584
859.6949960710584
859.6949960710584
859.6949960710584
859.6949960710584
836.8924858096328
859.6949960710584
859.6949960710584
859.6949960710584
859.6949960710584
888.7014737336713
859.6949960710584
859.6949960710584
859.6949960710584
859.6949960710584
859.6949960710584
859.6949960710584
859.6949960710584
880.4260172448364
859.6949960710584
859.6949960710584
859.6949960710584
818.4495291795604
836.892485809633
836.892485809633
836.892485809633
836.892485809633
818.4495291795604
818.4495291795604
818.4495291795604
840.0667153327576
818.4495291795604
818.4495291795604
818.4495291795604
818.4495291795604
818.4495291795604
818.4495291795604
818.4495291795604
818.4495291795604
818.4495291795604
880.4260172448364
818.4495291795604
818.4495291795604
818.4495291795604
818.4495291795604
818.4495291795604
818.4495291795604
818.4495291795604
818.4495291795604
818.4495291795604
811.0171414363488
818.4495291795604
818.4495291795604
818.4495291795604
818.4495291795604
818.4495291795604
818.4495291795604
818.4495291795604
818.4495291795604
818.4495291795604
818.4495291795604
818.4495291795604
818.4495291795604
818.4495291795604
818.4495291795604
811.0171414363488
805.1679579664452
811.0171414363488
818.4495291795604
811.0171414363488
811.0171414363488
811.0171414363488
805.1679579664452
805.1679579664452
818.4495291795604
805.1679579664452
811.0171414363488
805.1679579664452
805.1679579664452
805.1679579664452
805.1679579664452
805.1679579664452
805.1679579664452
805.1679579664452
805.1679579664452
805.1679579664452
805.1679579664452
805.1679579664452
800.9674155112522
805.1679579664452
805.1679579664452
805.1679579664452
805.1679579664452
805.1679579664452
800.9674155112522
800.9674155112522
800.9674155112522
800.9674155112522
800.9674155112522
800.9674155112522
800.9674155112522
800.9674155112522
804.0429965540953
800.9674155112522
800.9674155112522
800.9674155112522
805.1679579664452
804.1921639536905
800.9674155112522
800.9674155112522
800.9674155112522
800.9674155112522
800.9674155112522
800.9674155112522
800.9674155112522
800.9674155112522
800.9674155112522
800.967415511252
791.7780348053473
800.967415511252
800.967415511252
791.7780348053473
800.967415511252
800.967415511252
800.9674155112522
800.967415511252
800.9674155112522
791.7780348053473
800.9674155112522
800.9674155112522
791.7780348053473
791.7780348053473
791.778034805347
800.9674155112522
791.778034805347
791.778034805347
791.778034805347
791.7780348053473
791.778034805347
791.778034805347
791.778034805347
791.7780348053473
791.7780348053473
791.7780348053473
791.778034805347
791.7780348053473
791.7780348053473
791.7780348053473
791.7780348053473
791.7780348053473
791.7780348053473
791.7780348053473
791.7780348053473
791.7780348053473
791.778034805347
800.9674155112522
791.778034805347
784.8287332875632
791.778034805347
791.778034805347
791.778034805347
791.778034805347
791.778034805347
791.7780348053473
791.7780348053473
791.7780348053473
791.778034805347
791.7780348053473
791.7780348053473
784.8287332875634
791.7780348053473
784.8287332875633
791.7780348053473
791.7780348053473
791.7780348053473
784.8287332875633
784.8287332875632
784.8287332875634
784.8287332875634
784.8287332875632
784.8287332875634
791.778034805347
784.8287332875634
784.8287332875634
784.8287332875634
784.8287332875634
791.7780348053473
784.8287332875633
784.8287332875634
784.8287332875634
784.8287332875634
780.6660837055531
784.8287332875634
784.8287332875633
784.8287332875634
784.8287332875634
784.8287332875634
784.8287332875633
777.5203651709589
780.6660837055532
780.6660837055531
780.6660837055532
780.6660837055532
780.6660837055532
780.6660837055531
780.6660837055532
780.6660837055532
780.6660837055532
780.6660837055532
780.6660837055532
780.6660837055531
780.6660837055532
780.6660837055531
777.5203651709589
777.5203651709589
777.5203651709589
777.5203651709589
777.5203651709589
777.5203651709589
777.5203651709589
777.5203651709589
777.5203651709589
777.5203651709589
777.5203651709589
780.6660837055532
777.5203651709589
777.5203651709589
777.5203651709589
777.5203651709589
777.5203651709589
780.6660837055532
777.5203651709589
780.6660837055531
777.5203651709589
777.5203651709589
777.5203651709589
777.5203651709588
777.5203651709589
777.5203651709589
777.5203651709589
777.5203651709589
777.5203651709589
777.5203651709588
775.5027602795897
777.5203651709588
777.5203651709588
777.5203651709588
777.5203651709588
777.5203651709588
777.5203651709588
775.5027602795897
777.5203651709588
777.5203651709588
775.5027602795897
777.5203651709588
775.5027602795897
777.5203651709588
777.5203651709588
777.5203651709588
777.5203651709588
777.5203651709588
777.5203651709588
775.5027602795897
777.5203651709588
775.5027602795897
775.5027602795897
775.5027602795897
775.5027602795897
775.5027602795897
775.5027602795897
775.5027602795898
775.5027602795897
775.5027602795897
775.5027602795897
775.5027602795897
775.5027602795897
775.5027602795897
775.5027602795897
775.5027602795897
775.5027602795897
775.5027602795897
775.5027602795897
775.5027602795897
775.5027602795897
775.5027602795897
775.5027602795897
772.4565095474243
772.4565095474243
772.4565095474243
772.4565095474243
772.4565095474243
772.4565095474243
772.4565095474243
772.4565095474243
772.4565095474243
772.4565095474243
772.4565095474243
772.4565095474243
772.4565095474243
772.4565095474243
772.4565095474243
772.4565095474243
775.5027602795897
772.4565095474243
772.4565095474243
772.4565095474243
772.4565095474243
772.4565095474243
772.4565095474243
772.4565095474243
772.4565095474243
772.4565095474243
772.4565095474243
772.4565095474243
772.4565095474243
772.4565095474243
772.4565095474243
772.4565095474243
772.4565095474243
772.4565095474243
772.4565095474243
772.4565095474243
772.4565095474243
772.4565095474243
772.4565095474243
772.4565095474243
772.4565095474243
772.4565095474243
772.4565095474243
772.4565095474243
772.4565095474243
772.4565095474243
772.4565095474243
772.4565095474243
772.4565095474243
772.4565095474243
772.4565095474243
772.4565095474243
772.4565095474243
772.4565095474243
772.4565095474243
772.4565095474243
772.4565095474243
772.4565095474243
772.4565095474243
772.4565095474243
772.4565095474243
772.4565095474243
772.4565095474243
772.4565095474243
772.4565095474243
772.4565095474243
772.4565095474243
772.4565095474243
772.4565095474243
772.4565095474243
772.4565095474243
772.4565095474243
772.4565095474243
772.4565095474243
772.4565095474243
772.4565095474243
772.4565095474243
772.4565095474243
772.4565095474243
772.4565095474243
772.4565095474243
772.4565095474243
772.4565095474243
772.4565095474243
772.4565095474243
772.4565095474243
772.4565095474243
772.4565095474243
772.4565095474243
772.4565095474243
772.4565095474243
772.4565095474243
772.4565095474243
772.4565095474243
772.4565095474243
772.4565095474243
772.4565095474243
772.4565095474243
772.4565095474243
772.4565095474243
772.4565095474243
772.4565095474243
772.4565095474243
772.4565095474243
772.4565095474243
772.4565095474243
772.4565095474243
772.4565095474243
772.4565095474243
772.4565095474243
772.4565095474243
772.4565095474243
772.4565095474243
772.4565095474243
772.4565095474243
772.4565095474243
772.4565095474243
772.4565095474243
772.4565095474243
772.4565095474243
772.4565095474243
772.4565095474243
772.4565095474243
772.4565095474243
772.4565095474243
772.4565095474243
772.4565095474243
772.4565095474243
772.4565095474243
772.4565095474243
772.4565095474243
772.4565095474243
772.4565095474243
772.4565095474243
772.4565095474243
772.4565095474243
772.4565095474243
772.4565095474243
772.4565095474243
772.4565095474243
772.4565095474243
772.4565095474243
772.4565095474243
772.4565095474243
772.4565095474243
772.4565095474243
772.4565095474243
772.4565095474243
772.4565095474243
772.4565095474243
772.4565095474243
772.4565095474243
772.4565095474243
772.4565095474243
1065.9557226550262
772.4565095474243
772.4565095474243
772.4565095474243
772.4565095474243
772.4565095474243
772.4565095474243
772.4565095474243
772.4565095474243
772.4565095474243
772.4565095474243
772.4565095474243
772.4565095474243
772.4565095474243
772.4565095474243
772.4565095474243
772.4565095474243
772.4565095474243
772.4565095474243
772.4565095474243
772.4565095474243
772.4565095474243
772.4565095474243
772.4565095474243
772.4565095474243
772.4565095474243
772.4565095474243
772.4565095474243
772.4565095474243
772.4565095474243
772.4565095474243
772.4565095474243
772.4565095474243
772.4565095474243
772.4565095474243
772.4565095474243
772.4565095474243
772.4565095474243
772.4565095474243
772.4565095474243
772.4565095474243
772.4565095474243
772.4565095474243
772.4565095474243
772.4565095474243
772.4565095474243
772.4565095474243
772.4565095474243
772.4565095474243
772.4565095474243
772.4565095474243
772.4565095474243
772.4565095474243
772.4565095474243
772.4565095474243
772.4565095474243
772.4565095474243
772.4565095474243
772.4565095474243
772.4565095474243
772.4565095474243
772.4565095474243
772.4565095474243
772.4565095474243
772.4565095474243
772.4565095474243
772.4565095474243
772.4565095474243
772.4565095474243
772.4565095474243
772.4565095474243
772.4565095474243
772.4565095474243
772.4565095474243
772.4565095474243
772.4565095474243
772.4565095474243
772.4565095474243
772.4565095474243
772.4565095474243
772.4565095474243
772.4565095474243
772.4565095474243
772.4565095474243
772.4565095474243
772.4565095474243
772.4565095474243
772.4565095474243
773.7391537640523
772.4565095474243
772.4565095474243
772.4565095474243
772.4565095474243
772.4565095474243
772.4565095474243
772.4565095474243
772.4565095474243
772.4565095474243
772.4565095474243
772.4565095474243
772.4565095474243
772.4565095474243
772.4565095474243
772.4565095474243
772.4565095474243
772.4565095474243
772.4565095474243
772.4565095474243
772.4565095474243
772.4565095474243
772.4565095474243
772.4565095474243
772.4565095474243
772.4565095474243
772.4565095474243
772.4565095474243
772.4565095474243
772.4565095474243
772.4565095474243
772.4565095474243
772.4565095474243
772.4565095474243
772.4565095474243
772.4565095474243
772.4565095474243
772.4565095474243
772.4565095474243
772.4565095474243
772.4565095474243
772.4565095474243
772.4565095474243
772.4565095474243
772.4565095474243
772.4565095474243
772.4565095474243
772.4565095474243
772.4565095474243
772.4565095474243
772.4565095474243
772.4565095474243
772.4565095474243
772.4565095474243
772.4565095474243
772.4565095474243
772.4565095474243
772.4565095474243
772.4565095474243
772.4565095474243
772.4565095474243
772.4565095474243
772.4565095474243
772.4565095474243
772.4565095474243
772.4565095474243
772.4565095474243
772.4565095474243
772.4565095474243
772.4565095474243
772.4565095474243
772.4565095474243
772.4565095474243
772.4565095474243
772.4565095474243
772.4565095474243
772.4565095474243
772.4565095474243
772.4565095474243
772.4565095474243
772.4565095474243
772.4565095474243
772.4565095474243
772.4565095474243
772.4565095474243
772.4565095474243
772.4565095474243
772.4565095474243
772.4565095474243
772.4565095474243
772.4565095474243
772.4565095474243
772.4565095474243
772.4565095474243
772.4565095474243
772.4565095474243
772.4565095474243
772.4565095474243
772.4565095474243
772.4565095474243
772.4565095474243
772.4565095474243
772.4565095474243
772.4565095474243
772.4565095474243
772.4565095474243
772.4565095474243
772.4565095474243
772.4565095474243
772.4565095474243
772.4565095474243
772.4565095474243
772.4565095474243
772.4565095474243
772.4565095474243
772.4565095474243
772.4565095474243
772.4565095474243
772.4565095474243
772.4565095474243
772.4565095474243
772.4565095474243
772.4565095474243
772.4565095474243
772.4565095474243
772.4565095474243
772.4565095474243
772.4565095474243
772.4565095474243
772.4565095474243
772.4565095474243
772.4565095474243
772.4565095474243
772.4565095474243
772.4565095474243
772.4565095474243
772.4565095474243
772.4565095474243
772.4565095474243
772.4565095474243
772.4565095474243
772.4565095474243
772.4565095474243
772.4565095474243
772.4565095474243
772.4565095474243
772.4565095474243
772.4565095474243
772.4565095474243
772.4565095474243
772.4565095474243
772.4565095474243
772.4565095474243
772.4565095474243
772.4565095474243
772.4565095474243
772.4565095474243
772.4565095474243
772.4565095474243
772.4565095474243
772.4565095474243
772.4565095474243
772.4565095474243
772.4565095474243
772.4565095474243
772.4565095474243
772.4565095474243
772.4565095474243
772.4565095474243
772.4565095474243
772.4565095474243
772.4565095474243
772.4565095474243
772.4565095474243
772.4565095474243
772.4565095474243
772.4565095474243
772.4565095474243
772.4565095474243
772.4565095474243
772.4565095474243
772.4565095474243
772.4565095474243
772.4565095474243
772.4565095474243
772.4565095474243
772.4565095474243
772.4565095474243
772.4565095474243
772.4565095474243
772.4565095474243
772.4565095474243
772.4565095474243
772.4565095474243
772.4565095474243
772.4565095474243
772.4565095474243
772.4565095474243
772.4565095474243
772.4565095474243
772.4565095474243
772.4565095474243
772.4565095474243
772.4565095474243
772.4565095474243
772.4565095474243
772.4565095474243
772.4565095474243
772.4565095474243
772.4565095474243
772.4565095474243
772.4565095474243
772.4565095474243
772.4565095474243
772.4565095474243
772.4565095474243
772.4565095474243
772.4565095474243
772.4565095474243
772.4565095474243
772.4565095474243
772.4565095474243
772.4565095474243
772.4565095474243
772.4565095474243
772.4565095474243
772.4565095474243
772.4565095474243
772.4565095474243
772.4565095474243
772.4565095474243
772.4565095474243
772.4565095474243
772.4565095474243
772.4565095474243
772.4565095474243
772.4565095474243
772.4565095474243
772.4565095474243
772.4565095474243
772.4565095474243
772.4565095474243
772.4565095474243
772.4565095474243
772.4565095474243
772.4565095474243
772.4565095474243
772.4565095474243
772.4565095474243
772.4565095474243
772.4565095474243
772.4565095474243
772.4565095474243
772.4565095474243
772.4565095474243
772.4565095474243
772.4565095474243
772.4565095474243
772.4565095474243
772.4565095474243
772.4565095474243
772.4565095474243
772.4565095474243
772.4565095474243
772.4565095474243
772.4565095474243
772.4565095474243
772.4565095474243
772.4565095474243
772.4565095474243
772.4565095474243
772.4565095474243
772.4565095474243
772.4565095474243
772.4565095474243
772.4565095474243
772.4565095474243
772.4565095474243
772.4565095474243
772.4565095474243
772.4565095474243
772.4565095474243
772.4565095474243
772.4565095474243
772.4565095474243
772.4565095474243
772.4565095474243
772.4565095474243
772.4565095474243
772.4565095474243
772.4565095474243
772.4565095474243
772.4565095474243
772.4565095474243
772.4565095474243
772.4565095474243
772.4565095474243
772.4565095474243
772.4565095474243
772.4565095474243
772.4565095474243
772.4565095474243
772.4565095474243
772.4565095474243
772.4565095474243
772.4565095474243
772.4565095474243
772.4565095474243
772.4565095474243
772.4565095474243
772.4565095474243
772.4565095474243
772.4565095474243
772.4565095474243
772.4565095474243
772.4565095474243
772.4565095474243
772.4565095474243
772.4565095474243
772.4565095474243
772.4565095474243
772.4565095474243
772.4565095474243
772.4565095474243
772.4565095474243
772.4565095474243
772.4565095474243
772.4565095474243
772.4565095474243
772.4565095474243
772.4565095474243
772.4565095474243
772.4565095474243
772.4565095474243
772.4565095474243
772.4565095474243
772.4565095474243
772.4565095474243
772.4565095474243
772.4565095474243
772.4565095474243
772.4565095474243
772.4565095474243
772.4565095474243
772.4565095474243
772.4565095474243
772.4565095474243
772.4565095474243
772.4565095474243
772.4565095474243
772.4565095474243
772.4565095474243
772.4565095474243
772.4565095474243
772.4565095474243
772.4565095474243
772.4565095474243
772.4565095474243
772.4565095474243
772.4565095474243
772.4565095474243
772.4565095474243
772.4565095474243
772.4565095474243
772.4565095474243
772.4565095474243
772.4565095474243
772.4565095474243
772.4565095474243
772.4565095474243
772.4565095474243
772.4565095474243
772.4565095474243
772.4565095474243
772.4565095474243
772.4565095474243
772.4565095474243
772.4565095474243
772.4565095474243
772.4565095474243
772.4565095474243
772.4565095474243
772.4565095474243
772.4565095474243
772.4565095474243
772.4565095474243
772.4565095474243
772.4565095474243
772.4565095474243
772.4565095474243
772.4565095474243
772.4565095474243
772.4565095474243
772.4565095474243
772.4565095474243
772.4565095474243
772.4565095474243
772.4565095474243
772.4565095474243
772.4565095474243
772.4565095474243
772.4565095474243
772.4565095474243
772.4565095474243
772.4565095474243
772.4565095474243
772.4565095474243
772.4565095474243
772.4565095474243
772.4565095474243
772.4565095474243
772.4565095474243
772.4565095474243
772.4565095474243
772.4565095474243
772.4565095474243
772.4565095474243
772.4565095474243
772.4565095474243
772.4565095474243
772.4565095474243
772.4565095474243
772.4565095474243
772.4565095474243
772.4565095474243
772.4565095474243
772.4565095474243
772.4565095474243
772.4565095474243
772.4565095474243
772.4565095474243
772.4565095474243
772.4565095474243
772.4565095474243
772.4565095474243
772.4565095474243
772.4565095474243
772.4565095474243
772.4565095474243
772.4565095474243
772.4565095474243
772.4565095474243
772.4565095474243
772.4565095474243
772.4565095474243
772.4565095474243
772.4565095474243
772.4565095474243
772.4565095474243
772.4565095474243
772.4565095474243
772.4565095474243
772.4565095474243
772.4565095474243
772.4565095474243
772.4565095474243
772.4565095474243
772.4565095474243
772.4565095474243
772.4565095474243
772.4565095474243
772.4565095474243
772.4565095474243
772.4565095474243
772.4565095474243
772.4565095474243
772.4565095474243
772.4565095474243
772.4565095474243
772.4565095474243
772.4565095474243
772.4565095474243
772.4565095474243
772.4565095474243
772.4565095474243
772.4565095474243
772.4565095474243
772.4565095474243
772.4565095474243
772.4565095474243
772.4565095474243
772.4565095474243
772.4565095474243
772.4565095474243
772.4565095474243
772.4565095474243
772.4565095474243
772.4565095474243
772.4565095474243
772.4565095474243
772.4565095474243
772.4565095474243
772.4565095474243
772.4565095474243
772.4565095474243
772.4565095474243
772.4565095474243
772.4565095474243
772.4565095474243
772.4565095474243
772.4565095474243
772.4565095474243
772.4565095474243
772.4565095474243
772.4565095474243
772.4565095474243
772.4565095474243
772.4565095474243
772.4565095474243
772.4565095474243
772.4565095474243
772.4565095474243
772.4565095474243
772.4565095474243
772.4565095474243
772.4565095474243
772.4565095474243
772.4565095474243
772.4565095474243
772.4565095474243
772.4565095474243
772.4565095474243
772.4565095474243
772.4565095474243
772.4565095474243
772.4565095474243
772.4565095474243
772.4565095474243
772.4565095474243
772.4565095474243
772.4565095474243
772.4565095474243
772.4565095474243
772.4565095474243
772.4565095474243
772.4565095474243
772.4565095474243
772.4565095474243
772.4565095474243
772.4565095474243
772.4565095474243
772.4565095474243
772.4565095474243
772.4565095474243
772.4565095474243
772.4565095474243
772.4565095474243
772.4565095474243
772.4565095474243
772.4565095474243
939.7778353167696
772.4565095474243
772.4565095474243
772.4565095474243
772.4565095474243
772.4565095474243
772.4565095474243
772.4565095474243
772.4565095474243
772.4565095474243
772.4565095474243
772.4565095474243
772.4565095474243
772.4565095474243
772.4565095474243
772.4565095474243
772.4565095474243
772.4565095474243
772.4565095474243
772.4565095474243
772.4565095474243
772.4565095474243
772.4565095474243
772.4565095474243
772.4565095474243
772.4565095474243
772.4565095474243
772.4565095474243
772.4565095474243
772.4565095474243
772.4565095474243
772.4565095474243
772.4565095474243
772.4565095474243
772.4565095474243
772.4565095474243
772.4565095474243
772.4565095474243
772.4565095474243
772.4565095474243
772.4565095474243
772.4565095474243
772.4565095474243
772.4565095474243
772.4565095474243
772.4565095474243
772.4565095474243
772.4565095474243
772.4565095474243
772.4565095474243
772.4565095474243
772.4565095474243
772.4565095474243
772.4565095474243
772.4565095474243
772.4565095474243
772.4565095474243
772.4565095474243
772.4565095474243
772.4565095474243
772.4565095474243
772.4565095474243
772.4565095474243
772.4565095474243
772.4565095474243
772.4565095474243
772.4565095474243
772.4565095474243
772.4565095474243
772.4565095474243
772.4565095474243
772.4565095474243
772.4565095474243
772.4565095474243
772.4565095474243
772.4565095474243
772.4565095474243
772.4565095474243
772.4565095474243
772.4565095474243
772.4565095474243
772.4565095474243
772.4565095474243
772.4565095474243
772.4565095474243
772.4565095474243
772.4565095474243
772.4565095474243
772.4565095474243
772.4565095474243
772.4565095474243
772.4565095474243
772.4565095474243
772.4565095474243
772.4565095474243
772.4565095474243
772.4565095474243
772.4565095474243
772.4565095474243
772.4565095474243
772.4565095474243
772.4565095474243
772.4565095474243
772.4565095474243
772.4565095474243
772.4565095474243
772.4565095474243
772.4565095474243
772.4565095474243
772.4565095474243
772.4565095474243
772.4565095474243
772.4565095474243
772.4565095474243
772.4565095474243
772.4565095474243
772.4565095474243
772.4565095474243
772.4565095474243
772.4565095474243
772.4565095474243
772.4565095474243
772.4565095474243
772.4565095474243
772.4565095474243
772.4565095474243
772.4565095474243
772.4565095474243
772.4565095474243
772.4565095474243
772.4565095474243
772.4565095474243
772.4565095474243
772.4565095474243
772.4565095474243
772.4565095474243
772.4565095474243
772.4565095474243
772.4565095474243
772.4565095474243
772.4565095474243
772.4565095474243
772.4565095474243
772.4565095474243
772.4565095474243
772.4565095474243
772.4565095474243
772.4565095474243
772.4565095474243
772.4565095474243
772.4565095474243
772.4565095474243
772.4565095474243
772.4565095474243
772.4565095474243
772.4565095474243
772.4565095474243
772.4565095474243
772.4565095474243
772.4565095474243
772.4565095474243
772.4565095474243
772.4565095474243
772.4565095474243
772.4565095474243
772.4565095474243
772.4565095474243
772.4565095474243
772.4565095474243
772.4565095474243
772.4565095474243
772.4565095474243
772.4565095474243
772.4565095474243
772.4565095474243
772.4565095474243
772.4565095474243
772.4565095474243
772.4565095474243
772.4565095474243
772.4565095474243
772.4565095474243
772.4565095474243
772.4565095474243
772.4565095474243
772.4565095474243
772.4565095474243
772.4565095474243
772.4565095474243
772.4565095474243
772.4565095474243
772.4565095474243
772.4565095474243
772.4565095474243
772.4565095474243
772.4565095474243
772.4565095474243
772.4565095474243
772.4565095474243
772.4565095474243
772.4565095474243
772.4565095474243
772.4565095474243
772.4565095474243
772.4565095474243
772.4565095474243
772.4565095474243
772.4565095474243
772.4565095474243
772.4565095474243
772.4565095474243
772.4565095474243
772.4565095474243
772.4565095474243
772.4565095474243
772.4565095474243
772.4565095474243
772.4565095474243
772.4565095474243
772.4565095474243
772.4565095474243
772.4565095474243
772.4565095474243
772.4565095474243
772.4565095474243
772.4565095474243
772.4565095474243
772.4565095474243
772.4565095474243
772.4565095474243
772.4565095474243
772.4565095474243
772.4565095474243
772.4565095474243
772.4565095474243
772.4565095474243
772.4565095474243
772.4565095474243
772.4565095474243
772.4565095474243
772.4565095474243
772.4565095474243
772.4565095474243
772.4565095474243
772.4565095474243
772.4565095474243
772.4565095474243
772.4565095474243
772.4565095474243
772.4565095474243
772.4565095474243
772.4565095474243
772.4565095474243
772.4565095474243
772.4565095474243
772.4565095474243
772.4565095474243
772.4565095474243
772.4565095474243
772.4565095474243
772.4565095474243
772.4565095474243
772.4565095474243
772.4565095474243
772.4565095474243
772.4565095474243
772.4565095474243
772.4565095474243
772.4565095474243
772.4565095474243
772.4565095474243
772.4565095474243
772.4565095474243
772.4565095474243
772.4565095474243
772.4565095474243
772.4565095474243
772.4565095474243
772.4565095474243
772.4565095474243
772.4565095474243
772.4565095474243
772.4565095474243
772.4565095474243
772.4565095474243
772.4565095474243
782.1098266764521
772.4565095474243
772.4565095474243
772.4565095474243
772.4565095474243
772.4565095474243
772.4565095474243
772.4565095474243
772.4565095474243
772.4565095474243
772.4565095474243
772.4565095474243
772.4565095474243
772.4565095474243
772.4565095474243
772.4565095474243
772.4565095474243
772.4565095474243
772.4565095474243
772.4565095474243
772.4565095474243
772.4565095474243
765.4609554118282
765.4609554118282
765.4609554118282
772.4565095474243
765.4609554118282
765.4609554118282
765.4609554118282
765.4609554118282
765.4609554118282
765.4609554118282
765.4609554118282
765.4609554118282
765.4609554118282
765.4609554118282
765.4609554118282
765.4609554118282
765.4609554118282
765.4609554118282
765.4609554118282
765.4609554118282
765.4609554118282
765.4609554118282
765.4609554118282
765.4609554118282
765.4609554118282
765.4609554118282
765.4609554118282
765.4609554118282
765.4609554118282
765.4609554118282
765.4609554118282
765.4609554118282
765.4609554118282
765.4609554118282
765.4609554118282
765.4609554118282
765.4609554118282
765.4609554118282
765.4609554118282
765.4609554118282
765.4609554118282
765.4609554118282
765.4609554118282
765.4609554118282
765.4609554118282
765.4609554118282
765.4609554118282
765.4609554118282
765.4609554118282
765.4609554118282
765.4609554118282
765.4609554118282
765.4609554118282
765.4609554118282
765.4609554118282
765.4609554118282
765.4609554118282
765.4609554118282
765.4609554118282
765.4609554118282
765.4609554118282
765.4609554118282
765.4609554118282
765.4609554118282
765.4609554118282
765.4609554118282
765.4609554118282
765.4609554118282
765.4609554118282
765.4609554118282
765.4609554118282
765.4609554118282
765.4609554118282
765.4609554118282
765.4609554118282
765.4609554118282
765.4609554118282
765.4609554118282
765.4609554118282
765.4609554118282
765.4609554118282
765.4609554118282
765.4609554118282
765.4609554118282
765.4609554118282
765.4609554118282
765.4609554118282
765.4609554118282
914.7753638359783
765.4609554118282
765.4609554118282
765.4609554118282
765.4609554118282
765.4609554118282
765.4609554118282
765.4609554118282
765.4609554118282
765.4609554118282
765.4609554118282
765.4609554118282
765.4609554118282
765.4609554118282
765.4609554118282
765.4609554118282
765.4609554118282
765.4609554118282
765.4609554118282
765.4609554118282
765.4609554118282
765.4609554118282
765.4609554118282
765.4609554118282
765.4609554118282
765.4609554118282
765.4609554118282
765.4609554118282
765.4609554118282
765.4609554118282
765.4609554118282
765.4609554118282
765.4609554118282
765.4609554118282
765.4609554118282
765.4609554118282
765.4609554118282
765.4609554118282
765.4609554118282
765.4609554118282
765.4609554118282
765.4609554118282
765.4609554118282
765.4609554118282
765.4609554118282
765.4609554118282
765.4609554118282
765.4609554118282
765.4609554118282
765.4609554118282
765.4609554118282
765.4609554118282
765.4609554118282
765.4609554118282
765.4609554118282
765.4609554118282
765.4609554118282
765.4609554118282
765.4609554118282
765.4609554118282
765.4609554118282
765.4609554118282
765.4609554118282
765.4609554118282
765.4609554118282
765.4609554118282
765.4609554118282
765.4609554118282
765.4609554118282
765.4609554118282
765.4609554118282
765.4609554118282
765.4609554118282
765.4609554118282
765.4609554118282
765.4609554118282
765.4609554118282
765.4609554118282
765.4609554118282
765.4609554118282
765.4609554118282
765.4609554118282
765.4609554118282
765.4609554118282
765.4609554118282
765.4609554118282
765.4609554118282
765.4609554118282
765.4609554118282
765.4609554118282
765.4609554118282
765.4609554118282
765.4609554118282
765.4609554118282
765.4609554118282
765.4609554118282
765.4609554118282
765.4609554118282
765.4609554118282
765.4609554118282
765.4609554118282
765.4609554118282
765.4609554118282
765.4609554118282
765.4609554118282
765.4609554118282
765.4609554118282
765.4609554118282
765.4609554118282
765.4609554118282
766.7435996284562
765.4609554118282
765.4609554118282
765.4609554118282
765.4609554118282
765.4609554118282
765.4609554118282
765.4609554118282
765.4609554118282
765.4609554118282
765.4609554118282
765.4609554118282
765.4609554118282
765.4609554118282
765.4609554118282
765.4609554118282
765.4609554118282
765.4609554118282
765.4609554118282
765.4609554118282
765.4609554118282
765.4609554118282
765.4609554118282
765.4609554118282
765.4609554118282
765.4609554118282
765.4609554118282
765.4609554118282
765.4609554118282
765.4609554118282
765.4609554118282
765.4609554118282
765.4609554118282
765.4609554118282
765.4609554118282
765.4609554118282
765.4609554118282
765.4609554118282
765.4609554118282
765.4609554118282
765.4609554118282
765.4609554118282
765.4609554118282
765.4609554118282
765.4609554118282
765.4609554118282
765.4609554118282
765.4609554118282
765.4609554118282
765.4609554118282
765.4609554118282
765.4609554118282
765.4609554118282
765.4609554118282
765.4609554118282
765.4609554118282
765.4609554118282
765.4609554118282
765.4609554118282
765.4609554118282
765.4609554118282
765.4609554118282
765.4609554118282
765.4609554118282
765.4609554118282
765.4609554118282
765.4609554118282
765.4609554118282
765.4609554118282
765.4609554118282
765.4609554118282
765.4609554118282
765.4609554118282
765.4609554118282
765.4609554118282
765.4609554118282
765.4609554118282
765.4609554118282
765.4609554118282
765.4609554118282
765.4609554118282
765.4609554118282
765.4609554118282
765.4609554118282
765.4609554118282
765.4609554118282
765.4609554118282
765.4609554118282
765.4609554118282
765.4609554118282
765.4609554118282
765.4609554118282
765.4609554118282
765.4609554118282
765.4609554118282
765.4609554118282
765.4609554118282
765.4609554118282
765.4609554118282
765.4609554118282
765.4609554118282
765.4609554118282
765.4609554118282
765.4609554118282
765.4609554118282
765.4609554118282
765.4609554118282
765.4609554118282
765.4609554118282
765.4609554118282
1056.2913336057447
765.4609554118282
765.4609554118282
765.4609554118282
765.4609554118282
765.4609554118282
765.4609554118282
765.4609554118282
765.4609554118282
765.4609554118282
765.4609554118282
765.4609554118282
765.4609554118282
765.4609554118282
765.4609554118282
765.4609554118282
765.4609554118282
765.4609554118282
765.4609554118282
765.4609554118282
765.4609554118282
765.4609554118282
765.4609554118282
765.4609554118282
765.4609554118282
765.4609554118282
765.4609554118282
765.4609554118282
765.4609554118282
765.4609554118282
765.4609554118282
765.4609554118282
765.4609554118282
765.4609554118282
765.4609554118282
765.4609554118282
765.4609554118282
765.4609554118282
765.4609554118282
765.4609554118282
765.4609554118282
765.4609554118282
765.4609554118282
765.4609554118282
765.4609554118282
765.4609554118282
765.4609554118282
765.4609554118282
765.4609554118282
765.4609554118282
765.4609554118282
765.4609554118282
765.4609554118282
765.4609554118282
765.4609554118282
765.4609554118282
765.4609554118282
765.4609554118282
765.4609554118282
765.4609554118282
765.4609554118282
765.4609554118282
765.4609554118282
765.4609554118282
765.4609554118282
765.4609554118282
765.4609554118282
765.4609554118282
765.4609554118282
765.4609554118282
765.4609554118282
765.4609554118282
765.4609554118282
765.4609554118282
765.4609554118282
765.4609554118282
765.4609554118282
765.4609554118282
765.4609554118282
765.4609554118282
765.4609554118282
765.4609554118282
765.4609554118282
765.4609554118282
765.4609554118282
765.4609554118282
765.4609554118282
765.4609554118282
765.4609554118282
765.4609554118282
765.4609554118282
765.4609554118282
765.4609554118282
765.4609554118282
765.4609554118282
765.4609554118282
765.4609554118282
765.4609554118282
765.4609554118282
765.4609554118282
765.4609554118282
765.4609554118282
765.4609554118282
765.4609554118282
765.4609554118282
765.4609554118282
765.4609554118282
765.4609554118282
765.4609554118282
765.4609554118282
765.4609554118282
765.4609554118282
765.4609554118282
765.4609554118282
765.4609554118282
765.4609554118282
765.4609554118282
765.4609554118282
765.4609554118282
765.4609554118282
765.4609554118282
765.4609554118282
765.4609554118282
765.4609554118282
765.4609554118282
765.4609554118282
765.4609554118282
765.4609554118282
765.4609554118282
765.4609554118282
765.4609554118282
765.4609554118282
765.4609554118282
