45.02
52
2725.2650775770953
3138.367774299522
3276.965494132238
2931.0125394025185
3169.0151277666337
3088.6281548845523
2913.994938998485
3273.411974203974
2896.768711355081
2961.9814296972713
3076.922380272155
2974.6726221735744
3288.4963930629574
2959.817217039717
2923.4211210207527
2905.478469307279
2833.1191772812344
2790.6143776300964
3250.7056404690734
3183.0521423459722
2907.672907780973
2818.3766877679295
2945.8427178690317
3118.9894973463547
2751.2584874910035
2936.568874690044
3052.34726726571
2510.7098179114805
3025.68097493912
2893.638355263709
3064.5971504855447
3016.8976181968255
2871.8431262294494
2788.571672366548
3080.6035838445114
2718.134932525465
2993.671020803642
2785.442664804525
2635.9004784138338
3193.143227572769
2799.937764227772
2785.638800138619
3001.822800248893
2895.218648993148
2782.7530014703366
2846.3992057803125
2841.8279226571185
2802.3693250599104
3170.8794507439698
3025.9173762199925
2797.4420103420784
2955.243835808522
2187.784694376658
2425.6996962253697
2490.899594279857
2817.0596007676454
2438.8554796435546
2849.930189696207
2376.8981290939105
2391.2685610767894
2730.367623627865
2663.4111787637876
2534.198902708717
2625.551115873528
2701.384955547127
2769.5347903924057
2596.8325456528723
2647.5521530799356
2534.6569319237346
2542.671041425382
2445.8157269557623
2770.9241597578352
2635.0583222225446
2472.910402774324
2500.216046821422
2449.6784043786924
2714.1359675768235
2442.236912349706
2344.7704574509244
2755.984156320221
2187.784694376658
2657.3628587558474
2532.7351193029162
2083.866673290708
2664.3692482757156
2166.7291094146976
2493.641089987776
2783.43301385533
2481.275633172942
2637.823882103309
2557.834110928726
2304.3436197721862
2772.019406127406
2528.051357286328
2554.8290638329086
2569.3081736465324
2572.8553619002014
2397.547265515805
2608.0964693662736
2560.259961056103
2415.525526664715
2723.735600855559
2663.7195613600657
2509.227651067962
2171.4571037917653
1939.6659444444704
2077.5940959878935
2022.6312767005177
2035.5122238230147
2209.447659969695
2586.2527577547735
2247.966358628414
2106.9390990037728
2429.9769395622516
2366.346831037214
2211.4510832121287
2471.4993921273326
2450.8430453902965
2530.83739271588
2362.223282246997
2538.036729669338
2207.9319269110138
2210.3479354631495
2151.0238822310234
2393.02144866276
2078.540537947023
2094.2075558677725
2214.5453566962933
2086.6070619763823
2402.060529430946
2239.6266427369837
2152.714426014896
2509.4990621058846
2062.3851895654498
2406.4655108718453
2532.7351193029162
1939.6659444444704
2410.672727961313
1854.0555404372267
2291.646610473783
2564.6108117552076
2268.6902038525504
2340.296317732261
2342.1540289446007
1980.7498493817657
2506.803281558819
2322.314812171586
2331.8271984410117
2270.5023587529504
1939.6659444444701
2195.2318532901995
2376.905680802651
2337.9805163642873
2183.6172060751337
2419.694506024149
2660.3841253691753
2287.1178457770066
2002.7088007706363
1703.1031181519204
1921.2811975301172
1791.1905800111633
1882.4069755092935
1796.4630808262007
2327.5139997964425
2045.070606376833
1936.2227584624225
2172.317160248418
2166.0554877905797
2011.5046667909107
2226.8914779013903
2252.7892653583776
2273.7927244367775
2188.2226787821646
2314.9742347166334
1952.2265264260395
1854.0555404372265
1854.0555404372265
1827.0125365100805
1773.768285780587
1966.477689482836
2022.593130691861
1928.7535303603465
1854.0555404372265
2050.3184192451954
1781.6898677945683
1854.0555404372265
1909.2799412517284
2190.247020296794
1854.0555404372265
1778.8743459425432
1794.300154565852
1703.1031181519204
2145.8589154473375
1703.1031181519204
2058.704637769897
2088.6809082380014
2196.1858663295257
1700.6720791668768
1703.1031181519204
2164.158487158088
2179.4733136782343
2033.9998644592863
1794.6031975547082
2031.3026044900548
2184.6508823709914
2127.8143054747256
2010.3724386699093
2184.0476197057214
1703.1031181519204
2133.547948655655
1857.6460538808742
1558.884992047607
1580.026054614026
1682.554416922028
1592.1124662203933
1645.5106585408944
1700.672079166877
1700.672079166877
1660.4263566916836
1700.672079166877
1551.535682435249
1852.9210850728448
2040.7400301581856
2067.4511420745853
2067.4680006553854
2030.7348528185055
2095.3534624865965
1807.0147108124745
1689.3590544946474
1703.1031181519204
1605.44541086138
1622.8158634952806
1699.4586871855563
1835.3755673130163
1628.2491116980916
1689.3590544946474
1700.672079166877
1686.7539482926277
1703.1031181519204
1664.906013519976
1700.672079166877
1689.3590544946474
1658.9209536389994
1700.672079166877
1586.1889910244124
1700.672079166877
1586.1889910244122
1877.9412809075257
1924.5102689907687
2078.5820301845147
1558.884992047607
1586.1889910244122
2009.9707524063358
2074.414944552646
1849.5611519171773
1674.6498052511645
1891.9530757990824
1618.1146641078797
2127.8143054747247
1558.884992047607
1558.884992047607
1586.1889910244122
1985.2607536793366
1737.6926615773305
1389.0095037910496
1397.0546459521297
1538.6221513442017
1576.0391295773695
1560.215971089897
1551.5356824352489
1558.884992047607
1579.1276068043912
1558.884992047607
1389.0095037910496
1389.0095037910498
1898.426941024144
1389.0095037910498
1912.9517432064292
1903.9598934940502
1914.8514430346631
1389.0095037910498
1603.2403370807888
1586.1889910244122
1389.0095037910498
1389.0095037910498
1389.0095037910498
1389.0095037910498
1389.0095037910498
1389.0095037910498
1558.884992047607
1389.0095037910498
1389.0095037910498
1529.0169364714266
1558.884992047607
1389.0095037910498
1587.0923128463319
1389.0095037910498
1389.0095037910498
1389.0095037910498
1389.0095037910498
1769.865025999521
1799.911607256181
1962.2628896172382
1389.0095037910498
1500.0702736105536
1893.3136439092584
1915.625334259153
1714.2768842812352
1558.7181166520265
1389.0095037910498
1526.0099024427657
1389.0095037910498
1466.7802303824928
1466.7802303824928
1500.0702736105536
1838.2677341176225
1639.192107102476
1291.7652481184869
1325.4559288528494
1389.0095037910498
1389.0095037910498
1389.0095037910498
1389.0095037910496
1389.0095037910498
1515.0223080702701
1466.7802303824928
1291.7652481184869
1291.765248118487
1291.765248118487
1291.765248118487
1291.765248118487
1291.765248118487
1789.9513048317563
1291.765248118487
1534.5883308366142
1291.765248118487
1291.765248118487
1291.765248118487
1291.765248118487
1291.765248118487
1291.765248118487
1291.765248118487
1291.765248118487
1291.765248118487
1291.765248118487
1447.0963986597633
1291.765248118487
1291.765248118487
1285.0354795774092
1291.765248118487
1291.765248118487
1291.765248118487
1291.765248118487
1291.765248118487
1664.8879954345318
1861.3079800553965
1291.765248118487
1431.418267366379
1291.765248118487
1885.9907479595001
1291.765248118487
1291.765248118487
1291.765248118487
1461.6898834721746
1291.765248118487
1404.468297118096
1466.7802303824928
1291.765248118487
1737.6472528619145
1528.2378611930433
1244.019746300882
1256.1041345914932
1291.765248118487
1291.765248118487
1285.0354795774092
1291.7652481184869
1285.0354795774092
1452.7830096498944
1404.468297118096
1285.0354795774092
1285.0354795774092
1250.024682532204
1285.0354795774092
1285.0354795774092
1285.0354795774092
1702.9177137627178
1250.024682532204
1285.0354795774092
1250.024682532204
1250.024682532204
1250.024682532204
1250.024682532204
1250.024682532204
1250.024682532204
1285.0354795774092
1285.0354795774092
1250.024682532204
1285.0354795774092
1380.2425943226801
1250.024682532204
1250.024682532204
1244.019746300882
1244.0197463008822
1250.024682532204
1250.024682532204
1250.024682532204
1244.0197463008822
1571.2044564596088
1786.5363184963917
1244.0197463008822
1244.0197463008822
1250.024682532204
1244.0197463008822
1244.0197463008822
1244.0197463008822
1244.0197463008822
1461.6898834721744
1250.024682532204
1364.7414437755747
1326.3077069765109
1244.0197463008822
1653.3226166056565
1244.0197463008822
1212.4556042574065
1244.0197463008822
1250.024682532204
1244.0197463008822
1244.0197463008822
1244.0197463008822
1244.0197463008822
1394.1322230995188
1244.0197463008822
1244.0197463008822
1244.0197463008822
1208.5869030331235
1244.0197463008822
1244.0197463008822
1244.0197463008822
1630.3847048466425
1208.5869030331235
1244.0197463008822
1208.5869030331235
1208.5869030331235
1244.0197463008822
1208.5869030331235
1244.0197463008822
1208.5869030331235
1244.0197463008822
1244.0197463008822
1208.5869030331235
1244.0197463008822
1244.0197463008822
1244.0197463008822
1208.5869030331235
1212.4556042574065
1212.4556042574065
1208.5869030331235
1208.5869030331235
1212.4556042574065
1212.4556042574065
1212.4556042574065
1212.4556042574065
1212.4556042574065
1212.4556042574065
1208.5869030331235
1212.4556042574065
1212.4556042574065
1212.4556042574065
1212.4556042574065
1212.4556042574065
1212.4556042574065
1333.1344044995906
1212.4556042574065
1212.4556042574065
1564.654498265385
1212.4556042574065
1208.5869030331235
1208.5869030331237
1208.5869030331235
1208.5869030331237
1208.5869030331237
1208.5869030331237
1212.4556042574065
1337.7925307074975
1212.4556042574065
1208.5869030331237
1208.5869030331237
1208.5869030331235
1208.5869030331237
1208.5869030331237
1208.5869030331237
1208.5869030331237
1208.5869030331235
1208.5869030331237
1161.2577895620143
1161.2577895620143
1208.5869030331237
1161.2577895620143
1208.5869030331237
1161.2577895620143
1212.4556042574065
1208.5869030331237
1208.5869030331235
1212.4556042574065
1208.5869030331237
1208.5869030331237
1161.2577895620143
1208.5869030331237
1208.5869030331237
1161.2577895620143
1208.5869030331235
1186.5418453792277
1186.5418453792277
1211.4012509892161
1186.5418453792277
1208.5869030331237
1208.5869030331237
1208.5869030331235
1186.5418453792277
1186.5418453792277
1186.5418453792277
1186.5418453792277
1186.5418453792277
1208.5869030331237
1208.5869030331237
1186.5418453792277
1186.5418453792277
1208.5869030331237
1186.5418453792277
1281.4965859727174
1161.2577895620143
1161.2577895620143
1161.2577895620143
1161.2577895620143
1161.2577895620143
1161.2577895620143
1313.4605559334786
1161.2577895620143
1161.2577895620143
1161.2577895620143
1161.2577895620143
1161.2577895620143
1208.5869030331237
1208.5869030331237
1161.2577895620143
1161.2577895620143
1161.2577895620143
1161.2577895620143
1161.2577895620143
1161.2577895620143
1129.6936475185387
1161.2577895620143
1161.2577895620143
1212.4556042574065
1208.5869030331237
1208.5869030331235
1186.5418453792277
1208.5869030331237
1161.2577895620143
1129.6936475185387
1208.5869030331237
1161.2577895620143
1129.6936475185387
1208.5869030331235
1165.1914153100745
1165.1914153100745
1168.5169006270469
1185.91939773562
1161.2577895620143
1161.2577895620143
1208.5869030331235
1165.1914153100745
1186.5418453792277
1165.1914153100745
1185.91939773562
1165.1914153100745
1161.2577895620143
1208.5869030331237
1186.5418453792277
1165.1914153100745
1161.2577895620143
1186.5418453792277
1129.6936475185387
1129.6936475185387
1129.6936475185387
1129.6936475185387
1161.2577895620143
1129.6936475185387
1129.6936475185387
1291.596419779241
1129.6936475185387
1129.6936475185387
1129.6936475185387
1129.6936475185387
1129.6936475185387
1129.6936475185387
1129.6936475185387
1129.6936475185387
1129.6936475185387
1129.6936475185387
1161.2577895620143
1129.6936475185387
1129.6936475185387
1129.6936475185387
1129.6936475185387
1129.6936475185387
1129.6936475185387
1129.6936475185387
1129.6936475185387
1129.6936475185387
1129.6936475185387
1129.6936475185387
1129.6936475185387
1161.2577895620143
1129.6936475185387
1108.3432174493857
1129.6936475185387
1135.2635226272423
1129.6936475185387
1129.6936475185387
1129.6936475185387
1129.6936475185387
1129.6936475185387
1129.6936475185387
1129.6936475185387
1186.5418453792277
1129.6936475185387
1164.568967666467
1129.6936475185387
1129.6936475185387
1129.6936475185387
1165.1914153100745
1129.6936475185387
1129.6936475185387
1129.6936475185387
1095.234729481754
1108.3432174493857
1108.3432174493857
1108.3432174493857
1108.3432174493857
1108.3432174493857
1108.3432174493857
1108.3432174493857
1108.3432174493857
1108.3432174493857
1108.3432174493857
1108.3432174493857
1108.3432174493857
1108.3432174493857
1108.3432174493857
1108.3432174493857
1108.3432174493857
1108.3432174493857
1129.6936475185387
1108.3432174493857
1108.3432174493857
1108.3432174493857
1108.3432174493857
1129.6936475185387
1108.3432174493857
1108.3432174493857
1108.3432174493857
1108.3432174493857
1108.3432174493857
1118.2649420122884
1108.3432174493857
1108.3432174493857
1108.3432174493857
1095.234729481754
1095.234729481754
1095.234729481754
1095.234729481754
1095.234729481754
1095.234729481754
1095.234729481754
1095.234729481754
1095.234729481754
1095.234729481754
1165.1914153100745
1108.3432174493857
1095.234729481754
1108.3432174493857
1108.3432174493857
1095.234729481754
1095.234729481754
1129.6936475185387
1095.234729481754
1095.234729481754
1095.234729481754
1095.234729481754
1095.234729481754
1095.234729481754
1095.234729481754
1095.234729481754
1095.234729481754
1095.234729481754
1095.234729481754
1095.234729481754
1095.234729481754
1095.234729481754
1095.234729481754
1095.234729481754
1095.234729481754
1095.234729481754
1095.234729481754
1095.234729481754
1108.3432174493857
1095.234729481754
1095.234729481754
1095.234729481754
1095.234729481754
1095.234729481754
1095.234729481754
1095.234729481754
1108.3432174493857
1095.234729481754
1108.3432174493857
1105.6407349862397
1095.234729481754
1095.234729481754
1095.234729481754
1095.234729481754
1083.7891333247303
1083.7891333247303
1094.6122818381464
1083.7891333247303
1094.6122818381464
1083.7891333247303
1083.7891333247303
1083.7891333247303
1095.234729481754
1095.234729481754
1095.234729481754
1095.234729481754
1095.234729481754
1095.234729481754
1094.6122818381464
1094.6122818381464
1095.234729481754
1083.7891333247303
1083.7891333247303
1082.167825290904
1083.1666856811228
1083.1666856811228
1083.1666856811228
1057.0750954536334
1083.1666856811228
1083.1666856811228
1083.1666856811228
1095.234729481754
1083.1666856811228
1083.1666856811228
1083.7891333247303
1057.0750954536334
1083.7891333247303
1083.1666856811228
1083.7891333247303
1083.1666856811228
1083.7891333247303
1095.234729481754
1083.1666856811228
1083.1666856811228
1083.1666856811228
1083.1666856811228
1057.0750954536334
1083.1666856811228
1083.1666856811228
1083.1666856811228
1083.1666856811228
1083.1666856811228
1083.1666856811228
1057.0750954536334
1083.1666856811228
1083.1666856811228
1083.1666856811228
1082.167825290904
1056.0851595265754
1082.1678252909037
1076.7005488653015
1075.984227337074
1076.7005488653015
1076.7005488653015
1056.0851595265754
1076.7005488653015
1076.7005488653015
1083.7891333247303
1095.234729481754
1076.7005488653015
1082.1678252909037
1082.1678252909037
1082.1678252909037
1082.1678252909037
1076.7005488653015
1056.0851595265754
1056.0851595265754
1056.0851595265754
1056.0851595265754
1056.0851595265754
1055.7895040644682
1056.0851595265754
1056.0851595265754
1083.1666856811228
1083.7891333247303
1056.0851595265754
1056.0851595265754
1056.0851595265754
1056.0094387403115
1056.0851595265754
1056.0851595265754
1056.0851595265754
1056.0851595265754
1056.0851595265754
1056.0851595265754
1056.0851595265754
1056.0851595265754
1083.1666856811228
1062.5512963423967
1056.0094387403115
1056.0851595265754
1056.0851595265754
1061.5524359521778
1062.5512963423967
1056.0851595265754
1056.0851595265754
1023.6955516933372
1056.0851595265754
1056.0851595265754
1056.0851595265754
1061.5524359521778
1056.0851595265754
1056.0851595265754
1056.0851595265754
1056.0851595265754
1056.0851595265754
1056.0851595265754
1056.0851595265754
1056.0851595265754
1056.0851595265754
1056.0851595265754
1056.0851595265754
1056.0851595265754
1061.5524359521776
1056.0851595265754
1061.5524359521776
1056.0851595265754
1056.0851595265754
1048.1489847235878
1023.475617017494
996.6924941873926
1056.0851595265754
996.6924941873926
1023.6955516933373
996.6924941873926
996.6924941873926
996.6924941873926
1017.3078835261188
996.6924941873926
996.6924941873926
996.6924941873926
1022.6298949800154
996.6924941873926
1048.1489847235878
996.6924941873926
996.6924941873926
996.6924941873926
996.6924941873926
996.6924941873926
996.6924941873926
1017.3078835261188
996.6924941873926
1023.6955516933373
996.6924941873926
996.6924941873926
996.6924941873926
996.6924941873926
996.6924941873926
996.6924941873926
1023.475617017494
964.8989869298821
1048.1489847235878
964.8989869298821
964.8989869298821
964.8989869298821
964.8989869298821
964.8989869298821
964.8989869298821
1048.1489847235878
964.8989869298821
964.8989869298821
964.8989869298821
964.8989869298821
964.8989869298821
964.8989869298821
964.8989869298821
964.8989869298821
964.8989869298821
964.8989869298821
964.8989869298821
964.8989869298821
964.8989869298821
964.8989869298821
986.6580681612717
995.5276859439388
964.8989869298822
964.8989869298822
964.8989869298822
964.8989869298822
996.6924941873926
964.8989869298822
964.8989869298822
964.8989869298822
964.8989869298822
1011.1842988229918
977.5513461338953
964.8989869298822
964.8989869298822
964.8989869298822
964.8989869298822
996.6924941873926
964.8989869298822
964.8989869298822
964.8989869298822
964.8989869298822
964.8989869298822
977.5513461338953
964.8989869298822
964.8989869298822
996.6924941873926
964.8989869298822
964.8989869298822
1005.6034628475979
964.8989869298821
1040.4426170105335
964.8989869298821
925.7765314392846
925.7765314392846
964.8989869298821
964.8989869298821
964.8989869298821
1040.4426170105335
964.8989869298821
925.7765314392846
964.8989869298821
964.8989869298821
925.7765314392846
925.7765314392846
964.8989869298821
964.8989869298821
925.7765314392846
964.8989869298821
964.8989869298821
964.8989869298821
964.8989869298821
925.7765314392846
947.5356126706741
925.7765314392846
925.7765314392846
925.7765314392846
925.7765314392846
925.7765314392846
925.7765314392846
925.7765314392846
925.7765314392846
925.7765314392846
925.7765314392846
925.7765314392846
925.7765314392846
925.7765314392846
925.7765314392846
925.7765314392846
925.7765314392846
925.7765314392846
925.7765314392846
925.7765314392846
925.7765314392846
925.7765314392846
925.7765314392846
925.7765314392846
925.7765314392846
925.7765314392846
925.7765314392846
925.7765314392846
925.7765314392846
925.7765314392846
925.7765314392846
925.7765314392846
925.7765314392846
925.7765314392846
925.7765314392846
925.7765314392846
925.7765314392846
958.7629096684822
925.7765314392846
925.7765314392846
917.840356636297
925.7765314392846
925.7765314392846
925.7765314392846
925.7765314392846
925.7765314392846
925.7765314392846
925.7765314392846
925.7765314392846
925.7765314392846
925.7765314392846
925.7765314392846
917.840356636297
947.5356126706741
917.8403566362971
925.7765314392846
917.8403566362971
917.8403566362971
917.8403566362971
917.8403566362971
917.8403566362971
917.8403566362971
917.8403566362971
917.8403566362971
925.7765314392846
917.8403566362971
917.8403566362971
917.8403566362971
917.8403566362971
917.8403566362971
917.8403566362971
917.8403566362971
917.8403566362971
917.8403566362971
917.8403566362971
917.8403566362971
917.8403566362971
917.8403566362971
917.8403566362971
917.8403566362971
917.8403566362971
917.8403566362971
917.8403566362971
917.8403566362971
917.8403566362971
917.8403566362971
917.840356636297
917.8403566362971
917.8403566362971
917.8403566362971
958.7629096684822
917.8403566362971
917.8403566362971
917.840356636297
917.8403566362971
917.8403566362971
917.840356636297
917.8403566362971
917.8403566362971
917.8403566362971
917.8403566362971
917.8403566362971
917.8403566362971
917.840356636297
925.7765314392846
1374.8685467683724
917.8403566362971
917.8403566362971
917.8403566362971
917.8403566362971
910.891055118513
910.891055118513
917.8403566362971
917.8403566362971
917.8403566362971
917.8403566362971
910.891055118513
909.717273761969
916.557712419669
917.8403566362971
910.891055118513
910.891055118513
910.891055118513
910.891055118513
917.8403566362971
910.891055118513
910.891055118513
917.8403566362971
910.891055118513
916.557712419669
910.891055118513
916.557712419669
917.8403566362971
916.557712419669
917.8403566362971
917.8403566362971
917.8403566362971
910.891055118513
916.557712419669
917.840356636297
910.891055118513
910.891055118513
910.891055118513
917.8403566362971
917.8403566362971
917.8403566362971
917.840356636297
910.891055118513
916.557712419669
910.891055118513
917.8403566362971
917.8403566362971
916.557712419669
916.557712419669
917.8403566362971
917.8403566362971
910.891055118513
925.7765314392846
908.4346295453408
909.7172737619688
909.6084109018851
909.6084109018851
909.6084109018851
909.6084109018851
909.6084109018851
909.6084109018851
909.7172737619688
917.8403566362971
909.6084109018851
909.6084109018851
908.4346295453408
908.4346295453407
908.4346295453407
903.3237765749359
908.4346295453407
908.4346295453407
908.4346295453407
908.4346295453407
904.6064207915639
908.4346295453407
908.4346295453407
908.4346295453407
916.557712419669
908.4346295453407
916.557712419669
908.4346295453407
908.4346295453407
908.4346295453407
908.4346295453407
908.4346295453407
908.4346295453407
908.4346295453407
908.4346295453407
903.3237765749359
908.4346295453407
910.891055118513
908.4346295453407
908.4346295453407
908.4346295453407
908.4346295453407
908.4346295453407
908.4346295453407
903.3237765749359
910.891055118513
908.4346295453407
908.4346295453407
908.4346295453407
908.4346295453407
908.4346295453407
904.6064207915639
908.4346295453407
903.3237765749359
901.6788677827323
903.3237765749359
903.3237765749359
903.3237765749359
903.3237765749359
903.3237765749359
903.3237765749359
903.3237765749359
903.3237765749359
903.3237765749359
903.3237765749359
903.3237765749359
903.3237765749359
903.3237765749359
903.3237765749359
903.3237765749359
903.3237765749359
903.3237765749359
903.3237765749359
903.3237765749359
908.4346295453407
903.3237765749359
903.3237765749359
908.4346295453407
900.3962235661041
903.3237765749359
903.3237765749359
903.3237765749359
900.3962235661041
903.3237765749359
900.3962235661041
900.3962235661041
908.4346295453407
903.3237765749359
899.4334796151511
903.3237765749359
903.3237765749359
903.3237765749359
903.3237765749359
900.3962235661041
900.3962235661041
903.3237765749359
900.3962235661041
903.3237765749359
903.3237765749359
903.3237765749359
903.3237765749359
903.3237765749359
904.6064207915639
903.3237765749359
903.3237765749359
903.3237765749359
899.4334796151511
899.4334796151512
903.3237765749359
899.4334796151512
899.4334796151512
899.4334796151512
899.4334796151512
899.4334796151512
899.4334796151512
899.4334796151512
899.4334796151512
899.4334796151512
899.4334796151512
899.4334796151512
899.4334796151512
899.4334796151511
899.4334796151512
899.4334796151512
899.4334796151512
899.4334796151512
899.4334796151512
899.4334796151512
899.4334796151512
899.4334796151512
899.4334796151512
899.4334796151512
899.4334796151512
899.4334796151512
899.4334796151512
900.3962235661041
899.4334796151512
899.4334796151512
899.4334796151512
899.4334796151512
899.4334796151512
899.4334796151511
899.4334796151512
899.4334796151512
899.4334796151512
899.4334796151512
899.4334796151512
899.4334796151512
899.4334796151512
868.4750260565421
899.4334796151511
899.4334796151512
899.4334796151512
903.3237765749359
903.3237765749359
899.4334796151512
899.4334796151512
899.4334796151512
899.4334796151512
868.4750260565421
868.4750260565421
868.4750260565421
899.4334796151512
899.4334796151512
899.4334796151512
868.4750260565421
868.4750260565421
868.4750260565421
868.4750260565421
868.4750260565421
868.4750260565421
868.4750260565421
868.4750260565421
868.4750260565421
868.4750260565421
895.8924615768653
895.8924615768653
895.8924615768653
868.4750260565421
868.4750260565421
868.4750260565421
868.4750260565421
868.4750260565421
868.4750260565421
868.4750260565421
895.8924615768653
899.4334796151512
868.4750260565421
868.4750260565421
868.4750260565421
868.4750260565421
868.4750260565421
868.4750260565421
868.4750260565421
868.4750260565421
868.4750260565421
868.4750260565421
868.4750260565421
868.4750260565421
868.4750260565421
868.4750260565421
868.4750260565421
868.4750260565421
868.4750260565421
868.4750260565421
868.4750260565421
868.4750260565421
868.4750260565421
868.4750260565421
868.4750260565421
868.4750260565421
868.4750260565421
868.4750260565421
868.4750260565421
868.38751084803
868.4750260565421
868.4750260565421
868.4750260565421
868.4750260565421
868.4750260565421
868.38751084803
868.4750260565421
861.5257245387583
868.4750260565421
868.4750260565421
861.5257245387583
868.38751084803
868.4750260565421
868.4750260565421
868.4750260565421
868.4750260565421
868.38751084803
861.5257245387583
861.5257245387583
868.4750260565421
868.38751084803
868.4750260565421
868.4750260565421
868.4750260565421
868.4750260565421
868.4750260565421
868.4750260565421
868.4750260565421
868.4750260565421
868.4750260565421
861.5257245387583
868.4750260565421
868.4750260565421
868.38751084803
868.4750260565421
868.4750260565421
861.5257245387583
868.4750260565421
868.38751084803
868.38751084803
868.4750260565421
868.4750260565421
868.4750260565421
868.4750260565421
861.5257245387583
868.4750260565421
861.5257245387583
868.38751084803
868.4750260565421
861.5257245387583
861.438209330246
861.438209330246
861.438209330246
861.438209330246
861.438209330246
861.438209330246
861.438209330246
861.438209330246
861.438209330246
861.438209330246
861.438209330246
861.4382093302461
861.4382093302461
861.4382093302461
861.438209330246
861.5257245387583
861.4382093302461
861.4382093302461
861.4382093302461
861.438209330246
857.6416153708859
861.4382093302461
861.4382093302461
861.4382093302461
861.4382093302461
861.5257245387583
861.4382093302461
868.4750260565421
861.4382093302461
861.4382093302461
861.4382093302461
868.4750260565421
861.4382093302461
857.6416153708859
861.4382093302461
861.4382093302461
861.438209330246
861.4382093302461
861.4382093302461
861.438209330246
861.4382093302461
861.4382093302461
861.4382093302461
861.5257245387583
861.4382093302461
861.4382093302461
861.4382093302461
861.4382093302461
861.4382093302461
861.4382093302461
861.4382093302461
861.4382093302461
857.6416153708859
857.6416153708859
856.3589711542579
857.641615370886
856.3589711542579
857.641615370886
856.3589711542579
857.641615370886
857.641615370886
857.641615370886
856.3589711542579
857.641615370886
857.641615370886
857.641615370886
861.4382093302461
857.641615370886
857.641615370886
857.641615370886
856.3589711542579
857.641615370886
861.438209330246
857.6416153708859
857.641615370886
856.3589711542579
857.641615370886
857.641615370886
857.641615370886
861.4382093302461
857.641615370886
856.3589711542579
857.641615370886
857.641615370886
857.641615370886
857.641615370886
857.6416153708859
857.641615370886
857.641615370886
857.641615370886
857.641615370886
857.641615370886
857.641615370886
857.641615370886
856.3589711542579
857.641615370886
857.641615370886
856.3589711542579
856.3589711542579
857.641615370886
857.641615370886
856.3589711542579
857.641615370886
857.641615370886
856.3589711542579
857.6416153708859
856.3589711542579
856.3589711542579
856.3589711542579
856.3589711542579
856.3589711542579
853.3127204220925
857.641615370886
854.5953646387206
854.5953646387206
856.3589711542579
856.3589711542579
856.3589711542579
856.3589711542579
856.3589711542579
854.5953646387206
856.3589711542579
856.3589711542579
856.3589711542579
857.641615370886
856.3589711542579
854.5953646387205
854.5953646387206
856.3589711542578
856.3589711542579
857.641615370886
857.641615370886
856.3589711542579
856.3589711542579
856.3589711542579
856.3589711542579
854.5953646387206
856.3589711542579
856.3589711542579
856.3589711542579
856.3589711542579
856.3589711542579
856.3589711542579
856.3589711542579
856.3589711542579
854.5953646387206
856.3589711542579
856.3589711542579
854.5953646387206
854.5953646387206
853.3127204220925
856.3589711542578
854.5953646387206
856.3589711542579
856.3589711542578
856.3589711542579
856.3589711542579
856.3589711542579
856.3589711542579
1086.9096955872951
853.3127204220925
853.3127204220925
853.3127204220925
853.3127204220925
853.3127204220925
857.641615370886
854.5953646387206
854.5953646387206
856.3589711542579
856.3589711542579
856.3589711542579
856.3589711542578
856.3589711542578
854.5953646387206
856.3589711542579
856.3589711542579
856.3589711542579
857.641615370886
856.3589711542579
854.5953646387205
854.5953646387206
856.3589711542578
853.3127204220925
857.641615370886
856.3589711542579
856.3589711542579
853.3127204220925
856.3589711542579
856.3589711542579
853.3127204220925
856.3589711542578
856.3589711542578
856.3589711542579
853.3127204220925
856.3589711542579
856.3589711542578
856.3589711542579
853.3127204220925
854.5953646387206
856.3589711542578
856.3589711542579
854.5953646387206
854.5953646387206
852.8701511908118
853.3127204220926
854.5953646387206
856.3589711542578
856.3589711542578
856.3589711542578
856.3589711542579
853.3127204220925
853.3127204220925
852.8701511908117
852.8701511908117
852.8701511908117
852.8701511908117
852.8701511908117
852.8701511908117
852.8701511908117
852.8701511908117
852.8701511908117
852.8701511908117
852.8701511908117
852.8701511908117
852.8701511908117
852.8701511908117
852.8701511908117
852.8701511908117
856.3589711542578
852.8701511908117
852.8701511908117
852.8701511908117
852.8701511908117
852.8701511908117
852.8701511908117
852.8701511908117
856.0271328766669
852.8701511908117
856.3589711542579
852.8701511908117
853.3127204220925
852.8701511908117
852.8701511908117
852.8701511908117
853.3127204220926
852.8701511908117
852.8701511908117
852.8701511908117
852.8701511908117
852.8701511908117
852.8701511908117
852.8701511908117
852.8701511908117
852.8701511908117
852.8701511908117
853.3127204220925
852.8701511908117
852.8701511908117
852.8701511908117
856.3589711542578
853.3127204220926
852.8701511908117
852.8701511908117
852.8701511908117
852.8701511908117
852.8701511908117
852.8701511908117
852.6159662540989
852.8701511908117
852.6159662540989
852.8701511908117
852.8701511908117
852.8701511908117
852.8701511908117
852.8701511908117
852.8701511908117
852.8701511908117
852.6159662540989
852.8701511908117
852.8701511908117
852.8701511908117
852.8701511908117
852.8701511908117
852.6159662540989
852.8701511908117
852.6159662540989
852.8701511908117
852.8701511908117
852.8701511908117
852.8701511908117
852.8701511908117
852.8701511908117
852.8701511908117
852.8701511908117
852.8701511908117
852.8701511908117
852.8701511908117
852.8701511908117
852.8701511908117
852.8701511908117
852.8701511908117
852.8701511908117
852.8701511908117
852.8701511908117
852.8701511908117
852.8701511908117
852.8701511908117
852.8701511908117
852.8701511908118
852.8701511908117
852.615966254099
852.8701511908117
852.8701511908117
852.8701511908117
852.8701511908117
852.8701511908117
852.8701511908117
852.8701511908117
852.6159662540989
852.615966254099
852.6159662540989
852.8701511908117
852.6159662540989
852.6159662540989
852.615966254099
852.615966254099
852.615966254099
852.615966254099
852.615966254099
852.6159662540989
852.6159662540989
852.615966254099
852.6159662540989
852.6159662540989
852.615966254099
852.615966254099
852.6159662540989
852.615966254099
852.6159662540989
852.615966254099
852.615966254099
852.615966254099
852.615966254099
852.615966254099
852.615966254099
852.615966254099
852.615966254099
852.6159662540989
852.615966254099
852.615966254099
852.615966254099
852.615966254099
852.6159662540989
852.615966254099
852.615966254099
852.615966254099
852.615966254099
852.615966254099
852.6159662540989
852.615966254099
852.615966254099
852.615966254099
852.8701511908117
852.615966254099
852.615966254099
852.615966254099
852.615966254099
852.8701511908117
852.615966254099
852.615966254099
852.615966254099
852.6159662540989
852.615966254099
852.6159662540989
852.615966254099
852.6159662540989
852.6159662540989
852.615966254099
852.615966254099
852.615966254099
852.615966254099
852.615966254099
852.6159662540989
852.6159662540989
852.615966254099
852.6159662540989
852.6159662540989
852.615966254099
852.615966254099
852.6159662540989
852.615966254099
852.6159662540989
852.615966254099
852.615966254099
852.615966254099
852.615966254099
852.615966254099
852.615966254099
852.615966254099
852.615966254099
852.6159662540989
852.615966254099
852.615966254099
852.615966254099
852.615966254099
852.6159662540989
852.615966254099
852.615966254099
852.615966254099
852.615966254099
852.615966254099
852.6159662540989
852.615966254099
852.615966254099
852.615966254099
852.615966254099
852.615966254099
852.615966254099
852.615966254099
852.615966254099
852.615966254099
852.615966254099
852.615966254099
852.615966254099
852.6159662540989
852.615966254099
852.6159662540989
852.615966254099
852.6159662540989
852.6159662540989
852.615966254099
852.615966254099
852.615966254099
852.615966254099
852.615966254099
852.6159662540989
852.6159662540989
852.615966254099
852.6159662540989
852.6159662540989
852.615966254099
852.615966254099
852.6159662540989
852.615966254099
852.6159662540989
852.615966254099
852.615966254099
852.615966254099
852.615966254099
852.615966254099
852.615966254099
852.615966254099
852.615966254099
852.6159662540989
852.615966254099
852.615966254099
852.615966254099
852.615966254099
852.6159662540989
852.615966254099
852.615966254099
852.615966254099
852.615966254099
852.615966254099
852.6159662540989
852.615966254099
852.615966254099
852.615966254099
852.615966254099
852.615966254099
852.615966254099
852.615966254099
852.615966254099
852.615966254099
852.615966254099
852.615966254099
852.615966254099
852.6159662540989
852.615966254099
852.6159662540989
852.615966254099
852.6159662540989
852.6159662540989
852.615966254099
852.615966254099
852.615966254099
852.615966254099
852.615966254099
852.6159662540989
852.6159662540989
852.615966254099
852.6159662540989
852.6159662540989
852.615966254099
852.615966254099
852.6159662540989
852.615966254099
852.6159662540989
852.615966254099
852.615966254099
852.615966254099
852.615966254099
852.615966254099
852.615966254099
852.615966254099
852.615966254099
852.6159662540989
852.615966254099
852.615966254099
852.615966254099
852.615966254099
852.6159662540989
852.615966254099
852.615966254099
852.615966254099
852.615966254099
852.615966254099
852.6159662540989
852.615966254099
852.615966254099
852.615966254099
852.615966254099
852.615966254099
852.615966254099
852.615966254099
852.615966254099
852.615966254099
852.615966254099
852.615966254099
852.615966254099
852.6159662540989
852.615966254099
852.6159662540989
852.615966254099
852.6159662540989
852.6159662540989
852.615966254099
852.615966254099
852.615966254099
852.615966254099
852.615966254099
852.6159662540989
852.6159662540989
852.615966254099
852.6159662540989
852.6159662540989
852.615966254099
852.615966254099
852.6159662540989
852.615966254099
852.6159662540989
852.615966254099
852.615966254099
852.615966254099
852.615966254099
852.615966254099
852.615966254099
852.615966254099
852.615966254099
852.6159662540989
852.615966254099
852.615966254099
852.615966254099
852.615966254099
852.6159662540989
852.615966254099
852.615966254099
852.615966254099
852.615966254099
852.615966254099
852.6159662540989
852.615966254099
852.615966254099
852.615966254099
852.615966254099
852.615966254099
852.615966254099
852.615966254099
852.615966254099
852.615966254099
852.615966254099
852.615966254099
852.615966254099
852.6159662540989
852.615966254099
852.6159662540989
852.615966254099
852.6159662540989
852.6159662540989
852.615966254099
852.615966254099
852.615966254099
852.615966254099
852.615966254099
852.6159662540989
852.6159662540989
852.615966254099
852.6159662540989
852.6159662540989
852.615966254099
852.615966254099
852.6159662540989
852.615966254099
852.6159662540989
852.615966254099
852.615966254099
852.615966254099
852.615966254099
852.615966254099
852.615966254099
852.615966254099
852.615966254099
852.6159662540989
852.615966254099
852.615966254099
852.615966254099
852.615966254099
852.6159662540989
852.615966254099
852.615966254099
852.615966254099
852.615966254099
852.615966254099
852.6159662540989
852.615966254099
852.615966254099
852.615966254099
852.615966254099
852.615966254099
852.615966254099
852.615966254099
852.615966254099
852.615966254099
852.615966254099
852.615966254099
852.615966254099
852.6159662540989
852.615966254099
852.6159662540989
852.615966254099
852.6159662540989
852.6159662540989
852.615966254099
852.615966254099
852.615966254099
852.615966254099
852.615966254099
852.6159662540989
852.6159662540989
852.615966254099
852.6159662540989
852.6159662540989
852.615966254099
852.615966254099
852.6159662540989
852.615966254099
852.6159662540989
852.615966254099
852.615966254099
852.615966254099
852.615966254099
852.615966254099
852.615966254099
852.615966254099
852.615966254099
852.6159662540989
852.615966254099
852.615966254099
852.615966254099
852.615966254099
852.6159662540989
852.615966254099
852.615966254099
852.615966254099
852.615966254099
852.615966254099
852.6159662540989
852.615966254099
852.615966254099
852.615966254099
852.615966254099
852.615966254099
852.615966254099
852.615966254099
852.615966254099
852.615966254099
852.615966254099
852.615966254099
852.615966254099
852.6159662540989
852.615966254099
852.6159662540989
852.615966254099
852.6159662540989
852.6159662540989
852.615966254099
852.615966254099
852.615966254099
852.615966254099
852.615966254099
852.6159662540989
852.6159662540989
852.615966254099
852.6159662540989
852.6159662540989
852.615966254099
852.615966254099
852.6159662540989
852.615966254099
852.6159662540989
852.615966254099
852.615966254099
852.615966254099
852.615966254099
852.615966254099
852.615966254099
852.615966254099
852.615966254099
852.6159662540989
852.615966254099
852.615966254099
852.615966254099
852.615966254099
852.6159662540989
852.615966254099
852.615966254099
852.615966254099
852.615966254099
852.615966254099
852.6159662540989
852.615966254099
852.615966254099
852.615966254099
852.615966254099
852.615966254099
852.615966254099
852.615966254099
852.615966254099
852.615966254099
852.615966254099
852.615966254099
852.615966254099
1015.0751035276372
852.615966254099
852.6159662540989
852.615966254099
852.6159662540989
852.6159662540989
852.615966254099
852.615966254099
852.615966254099
852.615966254099
852.615966254099
852.6159662540989
852.6159662540989
852.615966254099
852.6159662540989
852.6159662540989
852.615966254099
852.615966254099
852.6159662540989
852.615966254099
852.6159662540989
852.615966254099
852.615966254099
852.615966254099
852.615966254099
852.615966254099
852.615966254099
852.615966254099
852.615966254099
852.6159662540989
852.615966254099
852.615966254099
852.615966254099
852.615966254099
852.6159662540989
852.615966254099
852.615966254099
852.615966254099
852.615966254099
852.615966254099
852.6159662540989
852.615966254099
852.615966254099
852.615966254099
852.615966254099
852.615966254099
852.615966254099
852.615966254099
852.615966254099
852.615966254099
852.615966254099
852.615966254099
852.615966254099
852.6159662540989
852.615966254099
852.6159662540989
852.615966254099
852.6159662540989
852.6159662540989
852.615966254099
852.615966254099
852.615966254099
852.615966254099
852.615966254099
852.6159662540989
852.6159662540989
852.615966254099
852.6159662540989
852.6159662540989
852.615966254099
852.615966254099
852.6159662540989
852.615966254099
852.6159662540989
852.615966254099
852.615966254099
852.615966254099
852.615966254099
852.615966254099
852.615966254099
852.615966254099
852.615966254099
852.6159662540989
852.615966254099
852.615966254099
852.615966254099
852.615966254099
852.6159662540989
852.615966254099
852.615966254099
852.615966254099
852.615966254099
852.615966254099
852.6159662540989
852.615966254099
852.615966254099
852.615966254099
852.615966254099
852.615966254099
852.615966254099
852.615966254099
852.615966254099
852.615966254099
852.615966254099
852.615966254099
852.615966254099
852.6159662540989
852.615966254099
852.6159662540989
852.615966254099
852.6159662540989
852.6159662540989
852.615966254099
852.615966254099
852.615966254099
852.615966254099
852.615966254099
852.6159662540989
852.6159662540989
852.615966254099
852.6159662540989
852.6159662540989
852.615966254099
852.615966254099
852.6159662540989
852.615966254099
852.6159662540989
852.615966254099
852.615966254099
852.615966254099
852.615966254099
852.615966254099
852.615966254099
852.615966254099
852.615966254099
852.6159662540989
852.615966254099
852.615966254099
852.615966254099
852.615966254099
852.6159662540989
852.615966254099
852.615966254099
852.615966254099
852.615966254099
852.615966254099
852.6159662540989
852.615966254099
852.615966254099
852.615966254099
852.615966254099
852.615966254099
852.615966254099
852.615966254099
852.615966254099
852.615966254099
852.615966254099
852.615966254099
852.615966254099
852.8701511908117
852.615966254099
852.6159662540989
852.615966254099
852.6159662540989
852.6159662540989
852.615966254099
852.615966254099
852.615966254099
852.615966254099
852.615966254099
852.6159662540989
852.6159662540989
852.615966254099
852.6159662540989
852.6159662540989
852.615966254099
852.615966254099
852.6159662540989
852.615966254099
852.6159662540989
852.615966254099
852.615966254099
852.615966254099
852.615966254099
852.615966254099
852.615966254099
852.615966254099
852.615966254099
852.6159662540989
852.615966254099
852.615966254099
852.615966254099
852.615966254099
852.6159662540989
852.615966254099
852.615966254099
852.615966254099
852.615966254099
852.615966254099
852.6159662540989
852.615966254099
852.615966254099
852.615966254099
852.615966254099
852.615966254099
852.615966254099
852.615966254099
852.615966254099
852.615966254099
852.615966254099
852.615966254099
852.615966254099
852.615966254099
852.615966254099
852.6159662540989
852.615966254099
852.6159662540989
852.6159662540989
852.615966254099
852.615966254099
852.615966254099
852.615966254099
852.615966254099
852.6159662540989
852.6159662540989
852.615966254099
852.6159662540989
852.6159662540989
852.615966254099
852.615966254099
852.6159662540989
852.615966254099
852.6159662540989
852.615966254099
852.615966254099
852.615966254099
852.615966254099
852.615966254099
852.615966254099
852.615966254099
852.615966254099
852.6159662540989
852.615966254099
852.615966254099
852.615966254099
852.615966254099
852.6159662540989
852.615966254099
852.615966254099
852.615966254099
852.615966254099
852.615966254099
852.6159662540989
852.615966254099
852.615966254099
852.615966254099
852.615966254099
852.615966254099
852.615966254099
852.615966254099
852.615966254099
852.615966254099
852.615966254099
852.615966254099
852.615966254099
852.615966254099
852.615966254099
852.6159662540989
852.615966254099
852.6159662540989
852.6159662540989
852.615966254099
852.615966254099
852.615966254099
852.615966254099
852.615966254099
852.6159662540989
852.6159662540989
852.615966254099
852.6159662540989
852.6159662540989
852.615966254099
852.615966254099
852.6159662540989
852.615966254099
852.6159662540989
852.615966254099
852.615966254099
852.615966254099
852.615966254099
852.615966254099
852.615966254099
852.615966254099
852.615966254099
852.6159662540989
852.615966254099
852.615966254099
852.615966254099
852.615966254099
852.6159662540989
852.615966254099
852.615966254099
852.615966254099
852.615966254099
852.615966254099
852.6159662540989
852.615966254099
852.615966254099
852.615966254099
852.615966254099
852.615966254099
852.615966254099
852.615966254099
852.615966254099
852.615966254099
852.615966254099
852.615966254099
852.615966254099
852.615966254099
852.615966254099
852.6159662540989
852.615966254099
852.6159662540989
852.6159662540989
852.615966254099
852.615966254099
852.615966254099
852.615966254099
852.615966254099
852.6159662540989
852.6159662540989
852.615966254099
852.6159662540989
852.6159662540989
852.615966254099
852.615966254099
852.6159662540989
852.615966254099
852.6159662540989
852.615966254099
852.615966254099
852.615966254099
852.615966254099
852.615966254099
852.615966254099
852.615966254099
852.615966254099
852.6159662540989
852.615966254099
852.615966254099
852.615966254099
852.615966254099
852.6159662540989
852.615966254099
852.615966254099
852.615966254099
852.615966254099
852.615966254099
852.6159662540989
852.615966254099
852.615966254099
852.615966254099
852.615966254099
852.615966254099
852.615966254099
852.615966254099
852.615966254099
852.615966254099
852.615966254099
852.615966254099
852.615966254099
852.615966254099
852.615966254099
852.6159662540989
852.615966254099
852.6159662540989
852.6159662540989
852.615966254099
852.615966254099
852.615966254099
852.615966254099
852.615966254099
852.6159662540989
852.6159662540989
852.615966254099
852.6159662540989
852.6159662540989
852.615966254099
852.615966254099
852.6159662540989
852.615966254099
852.6159662540989
852.615966254099
852.615966254099
852.615966254099
852.615966254099
852.615966254099
852.615966254099
852.615966254099
852.615966254099
852.6159662540989
852.615966254099
852.615966254099
852.615966254099
852.615966254099
852.6159662540989
852.615966254099
852.615966254099
852.615966254099
852.615966254099
852.615966254099
852.6159662540989
852.615966254099
852.615966254099
852.615966254099
852.615966254099
852.615966254099
852.615966254099
852.615966254099
852.615966254099
852.615966254099
852.615966254099
852.615966254099
852.615966254099
852.615966254099
852.615966254099
852.6159662540989
852.615966254099
852.6159662540989
852.6159662540989
852.615966254099
852.615966254099
852.615966254099
852.615966254099
852.615966254099
852.6159662540989
852.6159662540989
852.615966254099
852.6159662540989
852.6159662540989
852.615966254099
852.615966254099
852.6159662540989
852.615966254099
852.6159662540989
852.615966254099
852.615966254099
852.615966254099
852.615966254099
852.615966254099
852.615966254099
852.615966254099
852.615966254099
852.6159662540989
852.615966254099
852.615966254099
852.615966254099
852.615966254099
852.6159662540989
852.615966254099
852.615966254099
852.615966254099
852.615966254099
852.615966254099
852.6159662540989
852.615966254099
852.615966254099
852.615966254099
852.615966254099
852.615966254099
852.615966254099
852.615966254099
852.615966254099
852.615966254099
852.615966254099
852.615966254099
852.615966254099
852.615966254099
852.615966254099
852.6159662540989
852.615966254099
852.6159662540989
852.6159662540989
852.615966254099
852.615966254099
852.615966254099
852.615966254099
852.615966254099
852.6159662540989
852.6159662540989
852.615966254099
852.6159662540989
852.6159662540989
852.615966254099
852.615966254099
852.6159662540989
852.615966254099
852.6159662540989
852.615966254099
852.615966254099
852.615966254099
852.615966254099
852.615966254099
852.615966254099
852.615966254099
852.615966254099
852.6159662540989
852.615966254099
852.615966254099
852.615966254099
852.615966254099
852.6159662540989
852.615966254099
852.615966254099
852.615966254099
852.615966254099
852.615966254099
852.6159662540989
852.615966254099
852.615966254099
852.615966254099
852.615966254099
852.615966254099
852.615966254099
852.615966254099
852.615966254099
852.615966254099
852.615966254099
852.615966254099
852.615966254099
852.615966254099
852.615966254099
852.6159662540989
852.615966254099
852.6159662540989
852.6159662540989
852.615966254099
852.615966254099
852.615966254099
852.615966254099
852.615966254099
852.6159662540989
852.6159662540989
852.615966254099
852.6159662540989
852.6159662540989
852.615966254099
852.615966254099
852.6159662540989
852.615966254099
852.6159662540989
852.615966254099
852.615966254099
852.615966254099
852.615966254099
852.615966254099
852.615966254099
852.615966254099
852.615966254099
852.6159662540989
852.615966254099
852.615966254099
852.615966254099
852.615966254099
852.6159662540989
852.615966254099
852.615966254099
852.615966254099
852.615966254099
852.615966254099
852.6159662540989
852.615966254099
852.615966254099
852.615966254099
852.615966254099
852.615966254099
852.615966254099
852.615966254099
852.615966254099
852.615966254099
852.615966254099
852.615966254099
852.615966254099
852.615966254099
852.615966254099
852.6159662540989
852.615966254099
852.6159662540989
852.6159662540989
852.615966254099
852.615966254099
852.615966254099
852.615966254099
852.615966254099
852.6159662540989
852.6159662540989
852.615966254099
852.6159662540989
852.6159662540989
852.615966254099
852.615966254099
852.6159662540989
852.615966254099
852.6159662540989
852.615966254099
852.615966254099
852.615966254099
852.615966254099
852.615966254099
852.615966254099
852.615966254099
852.615966254099
852.6159662540989
852.615966254099
852.615966254099
852.615966254099
852.615966254099
852.6159662540989
852.615966254099
852.615966254099
852.615966254099
852.615966254099
852.615966254099
852.6159662540989
852.615966254099
852.615966254099
852.615966254099
852.615966254099
852.615966254099
852.615966254099
852.615966254099
852.615966254099
852.615966254099
852.615966254099
852.615966254099
852.615966254099
852.8701511908117
852.615966254099
852.6159662540989
852.615966254099
852.6159662540989
852.6159662540989
852.615966254099
852.615966254099
852.615966254099
852.615966254099
852.615966254099
852.6159662540989
852.6159662540989
852.615966254099
852.6159662540989
852.6159662540989
852.615966254099
852.615966254099
852.6159662540989
852.615966254099
852.6159662540989
852.615966254099
852.615966254099
852.615966254099
852.615966254099
852.615966254099
852.615966254099
852.615966254099
852.615966254099
852.6159662540989
852.615966254099
852.615966254099
852.615966254099
852.615966254099
852.6159662540989
852.615966254099
852.615966254099
852.615966254099
852.615966254099
852.615966254099
852.6159662540989
852.615966254099
852.615966254099
852.615966254099
852.615966254099
852.615966254099
852.615966254099
852.615966254099
852.615966254099
852.615966254099
852.615966254099
852.615966254099
852.615966254099
852.615966254099
852.615966254099
852.6159662540989
852.615966254099
852.6159662540989
852.6159662540989
852.615966254099
852.615966254099
852.615966254099
852.615966254099
852.615966254099
852.6159662540989
852.6159662540989
852.615966254099
852.6159662540989
852.6159662540989
852.615966254099
852.615966254099
852.6159662540989
852.615966254099
852.6159662540989
852.615966254099
852.615966254099
852.615966254099
852.615966254099
852.615966254099
852.615966254099
852.615966254099
852.615966254099
852.6159662540989
852.615966254099
852.615966254099
852.615966254099
852.615966254099
852.6159662540989
852.615966254099
852.615966254099
852.615966254099
852.615966254099
852.615966254099
852.6159662540989
852.615966254099
852.615966254099
852.615966254099
852.615966254099
852.615966254099
852.615966254099
852.615966254099
852.615966254099
852.615966254099
852.615966254099
852.615966254099
852.615966254099
852.615966254099
852.615966254099
852.6159662540989
852.615966254099
852.6159662540989
852.6159662540989
852.615966254099
852.615966254099
852.615966254099
852.615966254099
852.615966254099
852.6159662540989
852.6159662540989
852.615966254099
852.6159662540989
852.6159662540989
852.615966254099
852.615966254099
852.6159662540989
852.615966254099
852.6159662540989
852.615966254099
852.615966254099
852.615966254099
852.615966254099
852.615966254099
852.615966254099
852.615966254099
852.615966254099
852.6159662540989
852.615966254099
852.615966254099
852.615966254099
852.615966254099
852.6159662540989
852.615966254099
852.615966254099
852.615966254099
852.615966254099
852.615966254099
852.6159662540989
852.615966254099
852.615966254099
852.615966254099
852.615966254099
852.615966254099
852.615966254099
852.615966254099
852.615966254099
852.615966254099
852.615966254099
852.615966254099
852.615966254099
852.615966254099
852.615966254099
852.6159662540989
852.615966254099
852.6159662540989
852.6159662540989
852.615966254099
852.615966254099
852.615966254099
852.615966254099
852.615966254099
852.6159662540989
852.6159662540989
852.615966254099
852.6159662540989
852.6159662540989
852.615966254099
852.615966254099
852.6159662540989
852.615966254099
852.6159662540989
852.615966254099
852.615966254099
852.615966254099
852.615966254099
852.615966254099
852.615966254099
852.615966254099
852.615966254099
852.6159662540989
852.615966254099
852.615966254099
852.615966254099
852.615966254099
852.6159662540989
852.615966254099
852.615966254099
852.615966254099
852.615966254099
852.615966254099
852.6159662540989
852.615966254099
852.615966254099
852.615966254099
852.615966254099
852.615966254099
852.615966254099
852.615966254099
852.615966254099
852.615966254099
852.615966254099
852.615966254099
852.615966254099
852.615966254099
852.615966254099
852.6159662540989
852.615966254099
852.6159662540989
852.6159662540989
852.615966254099
852.615966254099
852.615966254099
852.615966254099
852.615966254099
852.6159662540989
852.6159662540989
852.615966254099
852.6159662540989
852.6159662540989
852.615966254099
852.615966254099
852.6159662540989
852.615966254099
852.6159662540989
852.615966254099
852.615966254099
852.615966254099
852.615966254099
852.615966254099
852.615966254099
852.615966254099
852.615966254099
852.6159662540989
852.615966254099
852.615966254099
852.615966254099
852.615966254099
852.6159662540989
852.615966254099
852.615966254099
852.615966254099
852.615966254099
852.615966254099
852.6159662540989
852.615966254099
852.615966254099
852.615966254099
852.615966254099
852.615966254099
852.615966254099
852.615966254099
852.615966254099
852.615966254099
852.615966254099
852.615966254099
852.615966254099
852.615966254099
852.615966254099
852.6159662540989
852.615966254099
852.6159662540989
852.6159662540989
852.615966254099
852.615966254099
852.615966254099
852.615966254099
852.615966254099
852.6159662540989
852.6159662540989
852.615966254099
852.6159662540989
852.6159662540989
852.615966254099
852.615966254099
852.6159662540989
852.615966254099
852.6159662540989
852.615966254099
852.615966254099
852.615966254099
852.615966254099
852.615966254099
852.615966254099
852.615966254099
852.615966254099
852.6159662540989
852.615966254099
852.615966254099
852.615966254099
852.615966254099
852.6159662540989
852.615966254099
852.615966254099
852.615966254099
852.615966254099
852.615966254099
852.6159662540989
852.615966254099
852.615966254099
852.615966254099
852.615966254099
852.615966254099
852.615966254099
852.615966254099
852.615966254099
852.615966254099
852.615966254099
852.615966254099
852.615966254099
852.615966254099
852.615966254099
852.6159662540989
852.615966254099
852.6159662540989
852.6159662540989
852.615966254099
852.615966254099
852.615966254099
852.615966254099
852.615966254099
852.6159662540989
852.6159662540989
852.615966254099
852.6159662540989
852.6159662540989
852.615966254099
852.615966254099
852.6159662540989
852.615966254099
852.6159662540989
852.615966254099
852.615966254099
852.615966254099
852.615966254099
852.615966254099
852.615966254099
852.615966254099
852.615966254099
852.6159662540989
852.615966254099
852.615966254099
852.615966254099
852.615966254099
852.6159662540989
852.615966254099
852.615966254099
852.615966254099
852.615966254099
852.615966254099
852.6159662540989
852.615966254099
852.615966254099
852.615966254099
852.615966254099
852.615966254099
852.615966254099
852.615966254099
852.615966254099
852.615966254099
852.615966254099
852.615966254099
852.615966254099
852.615966254099
852.615966254099
852.6159662540989
852.615966254099
852.6159662540989
852.6159662540989
852.615966254099
852.615966254099
852.615966254099
852.615966254099
852.615966254099
852.6159662540989
852.6159662540989
852.615966254099
852.6159662540989
852.6159662540989
852.615966254099
852.615966254099
852.6159662540989
852.615966254099
852.6159662540989
852.615966254099
852.615966254099
852.615966254099
852.615966254099
852.615966254099
852.615966254099
852.615966254099
852.615966254099
852.6159662540989
852.615966254099
852.615966254099
852.615966254099
852.615966254099
852.6159662540989
852.615966254099
852.615966254099
852.615966254099
852.615966254099
852.615966254099
852.6159662540989
852.615966254099
852.615966254099
852.615966254099
852.615966254099
852.615966254099
852.615966254099
852.615966254099
852.615966254099
852.615966254099
852.615966254099
852.615966254099
852.615966254099
852.615966254099
852.615966254099
852.6159662540989
852.615966254099
852.6159662540989
852.6159662540989
852.615966254099
852.615966254099
852.615966254099
852.615966254099
852.615966254099
852.6159662540989
852.6159662540989
852.615966254099
852.6159662540989
852.6159662540989
852.615966254099
852.615966254099
852.6159662540989
852.615966254099
852.6159662540989
852.615966254099
852.615966254099
852.615966254099
852.615966254099
852.615966254099
852.615966254099
852.615966254099
852.615966254099
852.6159662540989
852.615966254099
852.615966254099
852.615966254099
852.615966254099
852.6159662540989
852.615966254099
852.615966254099
852.615966254099
852.615966254099
852.615966254099
852.6159662540989
852.615966254099
852.615966254099
852.615966254099
852.615966254099
852.615966254099
852.615966254099
852.615966254099
852.615966254099
852.615966254099
852.615966254099
852.615966254099
852.615966254099
852.615966254099
852.615966254099
852.6159662540989
852.615966254099
852.6159662540989
852.6159662540989
852.615966254099
852.615966254099
852.615966254099
852.615966254099
852.615966254099
852.6159662540989
852.6159662540989
852.615966254099
852.6159662540989
852.6159662540989
852.615966254099
852.615966254099
852.6159662540989
852.615966254099
852.6159662540989
852.615966254099
852.615966254099
852.615966254099
852.615966254099
852.615966254099
852.615966254099
852.615966254099
852.615966254099
852.6159662540989
852.615966254099
852.615966254099
852.615966254099
852.615966254099
852.6159662540989
852.615966254099
852.615966254099
852.615966254099
852.615966254099
852.615966254099
852.6159662540989
852.615966254099
852.615966254099
852.615966254099
852.615966254099
852.615966254099
852.615966254099
852.615966254099
852.615966254099
852.615966254099
852.615966254099
852.615966254099
852.615966254099
852.615966254099
852.615966254099
852.6159662540989
852.615966254099
852.6159662540989
852.6159662540989
852.615966254099
852.615966254099
852.615966254099
852.615966254099
852.615966254099
852.6159662540989
852.6159662540989
852.615966254099
852.6159662540989
852.6159662540989
852.615966254099
852.615966254099
852.6159662540989
852.615966254099
852.6159662540989
852.615966254099
852.615966254099
852.615966254099
852.615966254099
852.615966254099
852.615966254099
852.615966254099
852.615966254099
852.6159662540989
852.615966254099
852.615966254099
852.615966254099
852.615966254099
852.6159662540989
852.615966254099
852.615966254099
852.615966254099
852.615966254099
852.615966254099
852.6159662540989
852.615966254099
852.615966254099
852.615966254099
852.615966254099
852.615966254099
852.615966254099
852.615966254099
852.615966254099
852.615966254099
852.615966254099
852.615966254099
852.615966254099
852.615966254099
852.615966254099
852.6159662540989
852.615966254099
852.6159662540989
852.6159662540989
852.615966254099
852.615966254099
852.615966254099
852.615966254099
852.615966254099
852.6159662540989
852.6159662540989
852.615966254099
852.6159662540989
852.6159662540989
852.615966254099
852.615966254099
852.6159662540989
852.615966254099
852.6159662540989
852.615966254099
852.615966254099
852.615966254099
852.615966254099
852.615966254099
852.615966254099
852.615966254099
852.615966254099
852.6159662540989
852.615966254099
852.615966254099
852.615966254099
852.615966254099
852.6159662540989
852.615966254099
852.615966254099
852.615966254099
852.615966254099
852.615966254099
852.6159662540989
852.615966254099
852.615966254099
852.615966254099
852.615966254099
852.615966254099
852.615966254099
852.615966254099
852.615966254099
852.615966254099
852.615966254099
852.615966254099
852.615966254099
852.615966254099
852.615966254099
852.6159662540989
852.615966254099
852.6159662540989
852.6159662540989
852.615966254099
852.615966254099
852.615966254099
852.615966254099
852.615966254099
852.6159662540989
852.6159662540989
852.615966254099
852.6159662540989
852.6159662540989
852.615966254099
852.615966254099
852.6159662540989
852.615966254099
852.6159662540989
852.615966254099
852.615966254099
852.615966254099
852.615966254099
852.615966254099
852.615966254099
852.615966254099
852.615966254099
852.6159662540989
852.615966254099
852.615966254099
852.615966254099
852.615966254099
852.6159662540989
852.615966254099
852.615966254099
852.615966254099
852.615966254099
852.615966254099
852.6159662540989
852.615966254099
852.615966254099
852.615966254099
852.615966254099
852.615966254099
852.615966254099
852.615966254099
852.615966254099
852.615966254099
852.615966254099
852.615966254099
852.615966254099
852.615966254099
852.615966254099
852.6159662540989
852.615966254099
852.6159662540989
852.6159662540989
852.615966254099
852.615966254099
852.615966254099
852.615966254099
852.615966254099
852.6159662540989
852.6159662540989
852.615966254099
852.6159662540989
852.6159662540989
852.615966254099
852.615966254099
852.6159662540989
852.615966254099
852.6159662540989
852.615966254099
852.615966254099
852.615966254099
852.615966254099
852.615966254099
852.615966254099
852.615966254099
852.615966254099
852.6159662540989
852.615966254099
852.615966254099
852.615966254099
852.615966254099
852.6159662540989
852.615966254099
852.615966254099
852.615966254099
852.615966254099
852.615966254099
852.6159662540989
852.615966254099
852.615966254099
852.615966254099
852.615966254099
852.615966254099
852.615966254099
852.615966254099
852.615966254099
852.615966254099
852.615966254099
852.615966254099
852.615966254099
852.615966254099
852.615966254099
852.6159662540989
852.615966254099
852.6159662540989
852.6159662540989
852.615966254099
852.615966254099
852.615966254099
852.615966254099
852.615966254099
852.6159662540989
852.6159662540989
852.615966254099
852.6159662540989
852.6159662540989
852.615966254099
852.615966254099
852.6159662540989
852.615966254099
852.6159662540989
852.615966254099
852.615966254099
852.615966254099
852.615966254099
852.615966254099
852.615966254099
852.615966254099
852.615966254099
852.6159662540989
852.615966254099
852.615966254099
852.615966254099
852.615966254099
852.6159662540989
852.615966254099
852.615966254099
852.615966254099
852.615966254099
852.615966254099
852.6159662540989
852.615966254099
852.615966254099
852.615966254099
852.615966254099
852.615966254099
852.615966254099
852.615966254099
852.615966254099
852.615966254099
852.615966254099
852.615966254099
852.615966254099
852.615966254099
852.615966254099
852.6159662540989
852.615966254099
852.6159662540989
852.6159662540989
852.615966254099
852.615966254099
852.615966254099
852.615966254099
852.615966254099
852.6159662540989
852.6159662540989
852.615966254099
852.6159662540989
852.6159662540989
852.615966254099
852.615966254099
852.6159662540989
852.615966254099
852.6159662540989
852.615966254099
852.615966254099
852.615966254099
852.615966254099
852.615966254099
852.615966254099
852.615966254099
852.615966254099
852.6159662540989
852.615966254099
852.615966254099
852.615966254099
852.615966254099
852.6159662540989
852.615966254099
852.615966254099
852.615966254099
852.615966254099
852.615966254099
852.6159662540989
852.615966254099
852.615966254099
852.615966254099
852.615966254099
852.615966254099
852.615966254099
852.615966254099
852.615966254099
852.615966254099
852.615966254099
852.615966254099
852.615966254099
852.615966254099
852.615966254099
852.6159662540989
852.615966254099
852.6159662540989
852.6159662540989
852.615966254099
852.615966254099
852.615966254099
852.615966254099
852.615966254099
852.6159662540989
852.6159662540989
852.615966254099
852.6159662540989
852.6159662540989
852.615966254099
852.615966254099
852.6159662540989
852.615966254099
852.6159662540989
852.615966254099
852.615966254099
852.615966254099
852.615966254099
852.615966254099
852.615966254099
852.615966254099
852.615966254099
852.6159662540989
852.615966254099
852.615966254099
852.615966254099
852.615966254099
852.6159662540989
852.615966254099
852.615966254099
852.615966254099
852.615966254099
852.615966254099
852.6159662540989
852.615966254099
852.615966254099
852.615966254099
852.615966254099
852.615966254099
852.615966254099
852.615966254099
852.615966254099
852.615966254099
852.615966254099
852.615966254099
852.615966254099
852.615966254099
852.615966254099
852.6159662540989
852.615966254099
852.6159662540989
852.6159662540989
852.615966254099
852.615966254099
852.615966254099
852.615966254099
852.615966254099
852.6159662540989
852.6159662540989
852.615966254099
852.6159662540989
852.6159662540989
852.615966254099
852.615966254099
852.6159662540989
852.615966254099
852.6159662540989
852.615966254099
852.615966254099
852.615966254099
852.615966254099
852.615966254099
852.615966254099
852.615966254099
852.615966254099
852.6159662540989
852.615966254099
852.615966254099
852.615966254099
852.615966254099
852.6159662540989
852.615966254099
852.615966254099
852.615966254099
852.615966254099
852.615966254099
852.6159662540989
852.615966254099
852.615966254099
852.615966254099
852.615966254099
852.615966254099
852.615966254099
852.615966254099
852.615966254099
852.615966254099
852.615966254099
852.615966254099
852.615966254099
852.615966254099
852.615966254099
852.6159662540989
852.615966254099
852.6159662540989
852.6159662540989
852.615966254099
852.615966254099
852.615966254099
852.615966254099
852.615966254099
852.6159662540989
852.6159662540989
852.615966254099
852.6159662540989
852.6159662540989
852.615966254099
852.615966254099
852.6159662540989
852.615966254099
852.6159662540989
852.615966254099
852.615966254099
852.615966254099
852.615966254099
852.615966254099
852.615966254099
852.615966254099
852.615966254099
852.6159662540989
852.615966254099
852.615966254099
852.615966254099
852.615966254099
852.6159662540989
852.615966254099
852.615966254099
852.615966254099
852.615966254099
852.615966254099
852.6159662540989
852.615966254099
852.615966254099
852.615966254099
852.615966254099
852.615966254099
852.615966254099
852.615966254099
852.615966254099
852.615966254099
852.615966254099
852.615966254099
852.615966254099
852.615966254099
852.615966254099
852.6159662540989
852.615966254099
852.6159662540989
852.6159662540989
852.615966254099
852.615966254099
852.615966254099
852.615966254099
852.615966254099
852.6159662540989
852.6159662540989
852.615966254099
852.6159662540989
852.6159662540989
852.615966254099
852.615966254099
852.6159662540989
852.615966254099
852.6159662540989
852.615966254099
852.615966254099
852.615966254099
852.615966254099
852.615966254099
852.615966254099
852.615966254099
852.615966254099
852.6159662540989
852.615966254099
852.615966254099
852.615966254099
852.615966254099
852.6159662540989
852.615966254099
852.615966254099
852.615966254099
852.615966254099
852.615966254099
852.6159662540989
852.615966254099
852.615966254099
852.615966254099
852.615966254099
852.615966254099
852.615966254099
852.615966254099
852.615966254099
852.615966254099
852.615966254099
852.615966254099
852.615966254099
852.615966254099
852.615966254099
852.6159662540989
852.615966254099
852.6159662540989
852.6159662540989
852.615966254099
852.615966254099
852.615966254099
852.615966254099
852.615966254099
852.6159662540989
852.6159662540989
852.615966254099
852.6159662540989
852.6159662540989
852.615966254099
852.615966254099
852.6159662540989
852.615966254099
852.6159662540989
852.615966254099
852.615966254099
852.615966254099
852.615966254099
852.615966254099
852.615966254099
852.615966254099
852.615966254099
852.6159662540989
852.615966254099
852.615966254099
852.615966254099
852.615966254099
852.6159662540989
852.615966254099
852.615966254099
852.615966254099
852.615966254099
852.615966254099
852.6159662540989
852.615966254099
852.615966254099
852.615966254099
852.615966254099
852.615966254099
852.615966254099
852.615966254099
852.615966254099
852.615966254099
852.615966254099
852.615966254099
852.615966254099
852.615966254099
852.615966254099
852.6159662540989
852.615966254099
852.6159662540989
852.6159662540989
852.615966254099
852.615966254099
852.615966254099
852.615966254099
852.615966254099
852.6159662540989
852.6159662540989
852.615966254099
852.6159662540989
852.6159662540989
852.615966254099
852.615966254099
852.6159662540989
852.615966254099
852.6159662540989
852.615966254099
852.615966254099
852.615966254099
852.615966254099
852.615966254099
852.615966254099
852.615966254099
852.615966254099
852.6159662540989
852.615966254099
852.615966254099
852.615966254099
852.615966254099
852.6159662540989
852.615966254099
852.615966254099
852.615966254099
852.615966254099
852.615966254099
852.6159662540989
852.615966254099
852.615966254099
852.615966254099
852.615966254099
852.615966254099
852.615966254099
852.615966254099
852.615966254099
852.615966254099
852.615966254099
852.615966254099
852.615966254099
852.615966254099
852.615966254099
852.6159662540989
852.615966254099
852.6159662540989
852.6159662540989
852.615966254099
852.615966254099
852.615966254099
852.615966254099
852.615966254099
852.6159662540989
852.6159662540989
852.615966254099
852.6159662540989
852.6159662540989
852.615966254099
852.615966254099
852.6159662540989
852.615966254099
852.6159662540989
852.615966254099
852.615966254099
852.615966254099
852.615966254099
852.615966254099
852.615966254099
852.615966254099
852.615966254099
852.6159662540989
852.615966254099
852.615966254099
852.615966254099
852.615966254099
852.6159662540989
852.615966254099
852.615966254099
852.615966254099
852.615966254099
852.615966254099
852.6159662540989
852.615966254099
852.615966254099
852.615966254099
852.615966254099
852.615966254099
852.615966254099
852.615966254099
852.615966254099
852.615966254099
852.615966254099
852.615966254099
852.615966254099
852.615966254099
852.615966254099
852.6159662540989
852.615966254099
852.6159662540989
852.6159662540989
852.615966254099
852.615966254099
852.615966254099
852.615966254099
852.615966254099
852.6159662540989
852.6159662540989
852.615966254099
852.6159662540989
852.6159662540989
852.615966254099
852.615966254099
852.6159662540989
852.615966254099
852.6159662540989
852.615966254099
852.615966254099
852.615966254099
852.615966254099
852.615966254099
852.615966254099
852.615966254099
852.615966254099
852.6159662540989
852.615966254099
852.615966254099
852.615966254099
852.615966254099
852.6159662540989
852.615966254099
852.615966254099
852.615966254099
852.615966254099
852.615966254099
852.6159662540989
852.615966254099
852.615966254099
852.615966254099
852.615966254099
852.615966254099
852.615966254099
852.615966254099
852.615966254099
852.615966254099
852.615966254099
852.615966254099
852.615966254099
852.615966254099
852.615966254099
852.6159662540989
852.615966254099
852.6159662540989
852.6159662540989
852.615966254099
852.615966254099
852.615966254099
852.615966254099
852.615966254099
852.6159662540989
852.6159662540989
852.615966254099
852.6159662540989
852.6159662540989
852.615966254099
852.615966254099
852.6159662540989
852.615966254099
852.6159662540989
852.615966254099
852.615966254099
852.615966254099
852.615966254099
852.615966254099
852.615966254099
852.615966254099
852.615966254099
852.6159662540989
852.615966254099
852.615966254099
852.615966254099
852.615966254099
852.6159662540989
852.615966254099
852.615966254099
852.615966254099
852.615966254099
852.615966254099
852.6159662540989
852.615966254099
852.615966254099
852.615966254099
852.615966254099
852.615966254099
852.615966254099
852.615966254099
852.615966254099
852.615966254099
852.615966254099
852.615966254099
852.615966254099
852.615966254099
852.615966254099
852.6159662540989
852.615966254099
852.6159662540989
852.6159662540989
852.615966254099
852.615966254099
852.615966254099
852.615966254099
852.615966254099
852.6159662540989
852.6159662540989
852.615966254099
852.6159662540989
852.6159662540989
852.615966254099
852.615966254099
852.6159662540989
852.615966254099
852.6159662540989
852.615966254099
852.615966254099
852.615966254099
852.615966254099
852.615966254099
852.615966254099
852.615966254099
852.615966254099
852.6159662540989
852.615966254099
852.615966254099
852.615966254099
852.615966254099
852.6159662540989
852.615966254099
852.615966254099
852.615966254099
852.615966254099
852.615966254099
852.6159662540989
852.615966254099
852.615966254099
852.615966254099
852.615966254099
852.615966254099
852.615966254099
852.615966254099
852.615966254099
852.615966254099
852.615966254099
852.615966254099
852.615966254099
852.615966254099
852.615966254099
852.6159662540989
852.615966254099
852.6159662540989
852.6159662540989
852.615966254099
852.615966254099
852.615966254099
852.615966254099
852.615966254099
852.6159662540989
852.6159662540989
852.615966254099
852.6159662540989
852.6159662540989
852.615966254099
852.615966254099
852.6159662540989
852.615966254099
852.6159662540989
852.615966254099
852.615966254099
852.615966254099
852.615966254099
852.615966254099
852.615966254099
852.615966254099
852.615966254099
852.6159662540989
852.615966254099
852.615966254099
852.615966254099
852.615966254099
852.6159662540989
852.615966254099
852.615966254099
852.615966254099
852.615966254099
852.615966254099
852.6159662540989
852.615966254099
852.615966254099
852.615966254099
852.615966254099
852.615966254099
852.615966254099
852.615966254099
852.615966254099
852.615966254099
852.615966254099
852.615966254099
852.615966254099
852.615966254099
852.615966254099
852.6159662540989
852.615966254099
852.6159662540989
852.6159662540989
852.615966254099
852.615966254099
852.615966254099
852.615966254099
852.615966254099
852.6159662540989
852.6159662540989
852.615966254099
852.6159662540989
852.6159662540989
852.615966254099
852.615966254099
852.6159662540989
852.615966254099
852.6159662540989
852.615966254099
852.615966254099
852.615966254099
852.615966254099
852.615966254099
852.615966254099
852.615966254099
852.615966254099
852.6159662540989
852.615966254099
852.615966254099
852.615966254099
852.615966254099
852.6159662540989
852.615966254099
852.615966254099
852.615966254099
852.615966254099
852.615966254099
852.6159662540989
852.615966254099
852.615966254099
852.615966254099
852.615966254099
852.615966254099
852.615966254099
852.615966254099
852.615966254099
852.615966254099
852.615966254099
852.615966254099
852.615966254099
852.615966254099
852.615966254099
852.6159662540989
852.615966254099
852.6159662540989
852.6159662540989
852.615966254099
852.615966254099
852.615966254099
852.615966254099
852.615966254099
852.6159662540989
852.6159662540989
852.615966254099
852.6159662540989
852.6159662540989
852.615966254099
852.615966254099
852.6159662540989
852.615966254099
852.6159662540989
852.615966254099
852.615966254099
852.615966254099
852.615966254099
852.615966254099
852.615966254099
852.615966254099
852.615966254099
852.6159662540989
852.615966254099
852.615966254099
852.615966254099
852.615966254099
852.6159662540989
852.615966254099
852.615966254099
852.615966254099
852.615966254099
852.615966254099
852.6159662540989
852.615966254099
852.615966254099
852.615966254099
852.615966254099
852.615966254099
852.615966254099
852.615966254099
852.615966254099
852.615966254099
852.615966254099
852.615966254099
852.615966254099
852.615966254099
852.615966254099
852.6159662540989
852.615966254099
852.6159662540989
852.6159662540989
852.615966254099
852.615966254099
852.615966254099
852.615966254099
852.615966254099
852.6159662540989
852.6159662540989
852.615966254099
852.6159662540989
852.6159662540989
852.615966254099
852.615966254099
852.6159662540989
852.615966254099
852.6159662540989
852.615966254099
852.615966254099
852.615966254099
852.615966254099
852.615966254099
852.615966254099
852.615966254099
852.615966254099
852.6159662540989
852.615966254099
852.615966254099
852.615966254099
852.615966254099
852.6159662540989
852.615966254099
852.615966254099
852.615966254099
852.615966254099
852.615966254099
852.6159662540989
852.615966254099
852.615966254099
852.615966254099
852.615966254099
852.615966254099
852.615966254099
852.615966254099
852.615966254099
852.615966254099
852.615966254099
852.615966254099
852.615966254099
852.615966254099
852.615966254099
852.6159662540989
852.615966254099
852.6159662540989
852.6159662540989
852.615966254099
852.615966254099
852.615966254099
852.615966254099
852.615966254099
852.6159662540989
852.6159662540989
852.615966254099
852.6159662540989
852.6159662540989
852.615966254099
852.615966254099
852.6159662540989
852.615966254099
852.6159662540989
852.615966254099
852.615966254099
852.615966254099
852.615966254099
852.615966254099
852.615966254099
852.615966254099
852.615966254099
852.6159662540989
852.615966254099
852.615966254099
852.615966254099
852.615966254099
852.6159662540989
852.615966254099
852.615966254099
852.615966254099
852.615966254099
852.615966254099
852.6159662540989
852.615966254099
852.615966254099
852.615966254099
852.615966254099
852.615966254099
852.615966254099
852.615966254099
852.615966254099
852.615966254099
852.615966254099
852.615966254099
852.615966254099
852.615966254099
852.615966254099
852.6159662540989
852.615966254099
852.6159662540989
852.6159662540989
852.615966254099
852.615966254099
852.615966254099
852.615966254099
852.615966254099
852.6159662540989
852.6159662540989
852.615966254099
852.6159662540989
852.6159662540989
852.615966254099
852.615966254099
852.6159662540989
852.615966254099
852.6159662540989
852.615966254099
852.615966254099
852.615966254099
852.615966254099
852.615966254099
852.615966254099
852.615966254099
852.615966254099
852.6159662540989
852.615966254099
852.615966254099
852.615966254099
852.615966254099
852.6159662540989
852.615966254099
852.615966254099
852.615966254099
852.615966254099
852.615966254099
852.6159662540989
852.615966254099
852.615966254099
852.615966254099
852.615966254099
852.615966254099
852.615966254099
852.615966254099
852.615966254099
852.615966254099
852.615966254099
852.615966254099
852.615966254099
852.615966254099
852.615966254099
852.6159662540989
852.615966254099
852.6159662540989
852.6159662540989
852.615966254099
852.615966254099
852.615966254099
852.615966254099
852.615966254099
852.6159662540989
852.6159662540989
852.615966254099
852.6159662540989
852.6159662540989
852.615966254099
852.615966254099
852.6159662540989
852.615966254099
852.6159662540989
852.615966254099
852.615966254099
852.615966254099
852.615966254099
852.615966254099
852.615966254099
852.615966254099
852.615966254099
852.6159662540989
852.615966254099
852.615966254099
852.615966254099
852.615966254099
852.6159662540989
852.615966254099
852.615966254099
852.615966254099
852.615966254099
852.615966254099
852.6159662540989
852.615966254099
852.615966254099
852.615966254099
852.615966254099
852.615966254099
852.615966254099
852.615966254099
852.615966254099
852.615966254099
852.615966254099
852.615966254099
852.615966254099
852.615966254099
852.615966254099
852.6159662540989
852.615966254099
852.6159662540989
852.6159662540989
852.615966254099
852.615966254099
852.615966254099
852.615966254099
852.615966254099
852.6159662540989
852.6159662540989
852.615966254099
852.6159662540989
852.6159662540989
852.615966254099
852.615966254099
852.6159662540989
852.615966254099
852.6159662540989
852.615966254099
852.615966254099
852.615966254099
852.615966254099
852.615966254099
852.615966254099
852.615966254099
852.615966254099
852.6159662540989
852.615966254099
852.615966254099
852.615966254099
852.615966254099
852.6159662540989
852.615966254099
852.615966254099
852.615966254099
852.615966254099
852.615966254099
852.6159662540989
852.615966254099
852.615966254099
852.615966254099
852.615966254099
852.615966254099
852.615966254099
852.615966254099
852.615966254099
852.615966254099
852.615966254099
852.615966254099
852.615966254099
852.615966254099
852.615966254099
852.6159662540989
852.615966254099
852.6159662540989
852.6159662540989
852.615966254099
852.615966254099
852.615966254099
852.615966254099
852.615966254099
852.6159662540989
852.6159662540989
852.615966254099
852.6159662540989
852.6159662540989
852.615966254099
852.615966254099
852.6159662540989
852.615966254099
852.6159662540989
852.615966254099
852.615966254099
852.615966254099
852.615966254099
852.615966254099
852.615966254099
852.615966254099
852.615966254099
852.6159662540989
852.615966254099
852.615966254099
852.615966254099
852.615966254099
852.6159662540989
852.615966254099
852.615966254099
852.615966254099
852.615966254099
852.615966254099
852.6159662540989
852.615966254099
852.615966254099
852.615966254099
852.615966254099
852.615966254099
852.615966254099
852.615966254099
852.615966254099
852.615966254099
852.615966254099
852.615966254099
852.615966254099
852.615966254099
852.615966254099
852.6159662540989
852.615966254099
852.6159662540989
852.6159662540989
852.615966254099
852.615966254099
852.615966254099
852.615966254099
852.615966254099
852.6159662540989
852.6159662540989
852.615966254099
852.6159662540989
852.6159662540989
852.615966254099
852.615966254099
852.6159662540989
852.615966254099
852.6159662540989
852.615966254099
852.615966254099
852.615966254099
852.615966254099
852.615966254099
852.615966254099
852.615966254099
852.615966254099
852.6159662540989
852.615966254099
852.615966254099
852.615966254099
852.615966254099
852.6159662540989
852.615966254099
852.615966254099
852.615966254099
852.615966254099
852.615966254099
852.6159662540989
852.615966254099
852.615966254099
852.615966254099
852.615966254099
852.615966254099
852.615966254099
852.615966254099
852.615966254099
852.615966254099
852.615966254099
852.615966254099
852.615966254099
852.615966254099
852.615966254099
852.6159662540989
852.615966254099
852.6159662540989
852.6159662540989
852.615966254099
852.615966254099
852.615966254099
852.615966254099
852.615966254099
852.6159662540989
852.6159662540989
852.615966254099
852.6159662540989
852.6159662540989
852.615966254099
852.615966254099
852.6159662540989
852.615966254099
852.6159662540989
852.615966254099
852.615966254099
852.615966254099
852.615966254099
852.615966254099
852.615966254099
852.615966254099
852.615966254099
852.6159662540989
852.615966254099
852.615966254099
852.615966254099
852.615966254099
852.6159662540989
852.615966254099
852.615966254099
852.615966254099
852.615966254099
852.615966254099
852.6159662540989
852.615966254099
852.615966254099
852.615966254099
852.615966254099
852.615966254099
852.615966254099
852.615966254099
852.615966254099
852.615966254099
852.615966254099
852.615966254099
852.615966254099
852.615966254099
852.615966254099
852.6159662540989
852.615966254099
852.6159662540989
852.6159662540989
852.615966254099
852.615966254099
852.615966254099
852.615966254099
852.615966254099
852.6159662540989
852.6159662540989
852.615966254099
852.6159662540989
852.6159662540989
852.615966254099
852.615966254099
852.6159662540989
852.615966254099
852.6159662540989
852.615966254099
852.615966254099
852.615966254099
852.615966254099
852.615966254099
852.615966254099
852.615966254099
852.615966254099
852.6159662540989
852.615966254099
852.615966254099
852.615966254099
852.615966254099
852.6159662540989
852.615966254099
852.615966254099
852.615966254099
852.615966254099
852.615966254099
852.6159662540989
852.615966254099
852.615966254099
852.615966254099
852.615966254099
852.615966254099
852.615966254099
852.615966254099
852.615966254099
852.615966254099
852.615966254099
852.615966254099
852.615966254099
852.615966254099
852.615966254099
852.6159662540989
852.615966254099
852.6159662540989
852.6159662540989
852.615966254099
852.615966254099
852.615966254099
852.615966254099
852.615966254099
852.6159662540989
852.6159662540989
852.615966254099
852.6159662540989
852.6159662540989
852.615966254099
852.615966254099
852.6159662540989
852.615966254099
852.6159662540989
852.615966254099
852.615966254099
852.615966254099
852.615966254099
852.615966254099
852.615966254099
852.615966254099
852.615966254099
852.6159662540989
852.615966254099
852.615966254099
852.615966254099
852.615966254099
852.6159662540989
852.615966254099
852.615966254099
852.615966254099
852.615966254099
852.615966254099
852.6159662540989
852.615966254099
852.615966254099
852.615966254099
852.615966254099
852.615966254099
852.615966254099
852.615966254099
852.615966254099
852.615966254099
852.615966254099
852.615966254099
852.615966254099
852.615966254099
852.615966254099
852.6159662540989
852.615966254099
852.6159662540989
852.6159662540989
852.615966254099
852.615966254099
852.615966254099
852.615966254099
852.615966254099
852.6159662540989
852.6159662540989
852.615966254099
852.6159662540989
852.6159662540989
852.615966254099
852.615966254099
852.6159662540989
852.615966254099
852.6159662540989
852.615966254099
852.615966254099
852.615966254099
852.615966254099
852.615966254099
852.615966254099
852.615966254099
852.615966254099
852.6159662540989
852.615966254099
852.615966254099
852.615966254099
852.615966254099
852.6159662540989
852.615966254099
852.615966254099
852.615966254099
852.615966254099
852.615966254099
852.6159662540989
852.615966254099
852.615966254099
852.615966254099
852.615966254099
852.615966254099
852.615966254099
852.615966254099
852.615966254099
852.615966254099
852.615966254099
852.615966254099
852.615966254099
852.615966254099
852.615966254099
852.6159662540989
852.615966254099
852.6159662540989
852.6159662540989
852.615966254099
852.615966254099
852.615966254099
852.615966254099
852.615966254099
852.6159662540989
852.6159662540989
852.615966254099
852.6159662540989
852.6159662540989
852.615966254099
852.615966254099
852.6159662540989
852.615966254099
852.6159662540989
852.615966254099
852.615966254099
852.615966254099
852.615966254099
852.615966254099
852.615966254099
852.615966254099
852.615966254099
852.6159662540989
852.615966254099
852.615966254099
852.615966254099
852.615966254099
852.6159662540989
852.615966254099
852.615966254099
852.615966254099
852.615966254099
852.615966254099
852.6159662540989
852.615966254099
852.615966254099
852.615966254099
852.615966254099
852.615966254099
852.615966254099
852.615966254099
852.615966254099
852.615966254099
852.615966254099
852.615966254099
852.615966254099
997.5756241239526
852.615966254099
852.6159662540989
852.615966254099
852.6159662540989
852.6159662540989
852.615966254099
852.615966254099
852.615966254099
852.615966254099
852.615966254099
852.6159662540989
852.6159662540989
852.615966254099
852.6159662540989
852.6159662540989
852.615966254099
852.615966254099
852.6159662540989
852.615966254099
852.6159662540989
852.615966254099
852.615966254099
852.615966254099
852.615966254099
852.615966254099
852.615966254099
852.615966254099
852.615966254099
852.6159662540989
852.615966254099
852.615966254099
852.615966254099
852.615966254099
852.6159662540989
852.615966254099
852.615966254099
852.615966254099
852.615966254099
852.615966254099
852.6159662540989
852.615966254099
852.615966254099
852.615966254099
852.615966254099
852.615966254099
852.615966254099
852.615966254099
852.615966254099
852.615966254099
852.615966254099
852.615966254099
852.615966254099
852.6159662540989
852.6159662540989
852.6159662540989
852.615966254099
852.6159662540989
852.6159662540989
852.615966254099
852.615966254099
852.615966254099
852.615966254099
852.615966254099
852.6159662540989
852.6159662540989
852.615966254099
852.6159662540989
852.6159662540989
852.615966254099
852.615966254099
852.6159662540989
852.615966254099
852.6159662540989
852.615966254099
852.615966254099
852.615966254099
852.615966254099
852.615966254099
852.615966254099
852.615966254099
852.615966254099
852.6159662540989
852.615966254099
852.615966254099
852.615966254099
852.615966254099
852.6159662540989
852.615966254099
852.615966254099
852.615966254099
852.615966254099
852.615966254099
852.6159662540989
852.615966254099
852.615966254099
852.615966254099
852.615966254099
852.615966254099
852.615966254099
852.615966254099
852.615966254099
852.615966254099
852.615966254099
852.615966254099
852.615966254099
852.6159662540989
852.6159662540989
852.6159662540989
852.615966254099
852.6159662540989
852.6159662540989
852.615966254099
852.615966254099
852.615966254099
852.615966254099
852.615966254099
852.6159662540989
852.6159662540989
852.615966254099
852.6159662540989
852.6159662540989
852.615966254099
852.615966254099
852.6159662540989
852.615966254099
852.6159662540989
852.615966254099
852.615966254099
852.615966254099
852.615966254099
852.615966254099
852.615966254099
852.615966254099
852.615966254099
852.6159662540989
852.615966254099
852.615966254099
852.615966254099
852.615966254099
852.6159662540989
852.615966254099
852.615966254099
852.615966254099
852.615966254099
852.615966254099
852.6159662540989
852.615966254099
852.615966254099
852.615966254099
852.615966254099
852.615966254099
852.615966254099
852.615966254099
852.615966254099
852.615966254099
852.615966254099
852.615966254099
852.615966254099
852.6159662540989
852.6159662540989
852.6159662540989
852.615966254099
852.6159662540989
852.6159662540989
852.615966254099
852.615966254099
852.615966254099
852.615966254099
852.615966254099
852.6159662540989
852.6159662540989
852.615966254099
852.6159662540989
852.6159662540989
852.615966254099
852.615966254099
852.6159662540989
852.615966254099
852.6159662540989
852.615966254099
852.615966254099
852.615966254099
852.615966254099
852.615966254099
852.615966254099
852.615966254099
852.615966254099
852.6159662540989
852.615966254099
852.615966254099
852.615966254099
852.615966254099
852.6159662540989
852.615966254099
852.615966254099
852.615966254099
852.615966254099
852.615966254099
852.6159662540989
852.615966254099
852.615966254099
852.615966254099
852.615966254099
852.615966254099
852.615966254099
852.615966254099
852.615966254099
852.615966254099
852.615966254099
852.615966254099
852.615966254099
852.6159662540989
852.6159662540989
852.6159662540989
852.615966254099
852.6159662540989
852.6159662540989
852.615966254099
852.615966254099
852.615966254099
852.615966254099
852.615966254099
852.6159662540989
852.6159662540989
852.615966254099
852.6159662540989
852.6159662540989
852.615966254099
852.615966254099
852.6159662540989
852.615966254099
852.6159662540989
852.615966254099
852.615966254099
852.615966254099
852.615966254099
852.615966254099
852.615966254099
852.615966254099
852.615966254099
852.6159662540989
852.615966254099
852.615966254099
852.615966254099
852.615966254099
852.6159662540989
852.615966254099
852.615966254099
852.615966254099
852.615966254099
852.615966254099
852.6159662540989
852.615966254099
852.615966254099
852.615966254099
852.615966254099
852.615966254099
852.615966254099
852.615966254099
852.615966254099
852.615966254099
852.615966254099
852.615966254099
852.615966254099
852.6159662540989
852.6159662540989
852.6159662540989
852.615966254099
852.6159662540989
852.6159662540989
852.615966254099
852.615966254099
852.615966254099
852.615966254099
852.615966254099
852.6159662540989
852.6159662540989
852.615966254099
852.6159662540989
852.6159662540989
852.615966254099
852.615966254099
852.6159662540989
852.615966254099
852.6159662540989
852.615966254099
852.615966254099
852.615966254099
852.615966254099
852.615966254099
852.615966254099
852.615966254099
852.615966254099
852.6159662540989
852.615966254099
852.615966254099
852.615966254099
852.615966254099
852.6159662540989
852.615966254099
852.615966254099
852.615966254099
852.615966254099
852.615966254099
852.6159662540989
852.615966254099
852.615966254099
852.615966254099
852.615966254099
852.615966254099
852.615966254099
852.615966254099
852.615966254099
852.615966254099
852.615966254099
852.615966254099
852.615966254099
852.6159662540989
852.6159662540989
852.6159662540989
852.615966254099
852.6159662540989
852.6159662540989
852.615966254099
852.615966254099
852.615966254099
852.615966254099
852.615966254099
852.6159662540989
852.6159662540989
852.615966254099
852.6159662540989
852.6159662540989
852.615966254099
852.615966254099
852.6159662540989
852.615966254099
852.6159662540989
852.615966254099
852.615966254099
852.615966254099
852.615966254099
852.615966254099
852.615966254099
852.615966254099
852.615966254099
852.6159662540989
852.615966254099
852.615966254099
852.615966254099
852.615966254099
852.6159662540989
852.615966254099
852.615966254099
852.615966254099
852.615966254099
852.615966254099
852.6159662540989
852.615966254099
852.615966254099
852.615966254099
852.615966254099
852.615966254099
852.615966254099
852.615966254099
852.615966254099
852.615966254099
852.615966254099
852.615966254099
852.615966254099
852.6159662540989
