1.09
14
63.33558752020861
58.711309055366954
65.01418766885735
79.92915951637555
57.96506851180389
62.66165332955777
60.06947578027973
60.31099766780945
66.78332313219603
51.949264036616945
57.98180169085257
66.9176216815715
65.0563750178179
55.792265695551066
40.3963646798712
55.53799095561219
45.39389514844876
48.900066527340826
59.48416973855683
48.724504488597496
51.872550446855236
43.97199278100054
45.232247697125025
53.180296806050094
40.3963646798712
40.09376891686463
54.52482218696652
52.64896135411144
38.41779127025706
34.3385197491241
48.65144257285494
38.417791270257055
45.06341230693135
44.26120930069091
44.46630843954062
44.64805713914613
39.01286334317098
42.745582662753336
45.63807902453606
35.231461318470416
37.517751554389626
43.74063285331557
46.224866410168865
34.3385197491241
32.77361979341585
44.556592740602476
34.3385197491241
41.771266556544326
40.38741407672478
41.616586240069026
34.3385197491241
34.3385197491241
40.58597579983033
37.561051137818154
32.14207793492189
37.517751554389626
34.3385197491241
34.3385197491241
32.77361979341585
31.566961626179083
32.14207793492189
32.14207793492189
32.03135014636335
32.14207793492189
39.12551726521058
32.14207793492189
32.14207793492189
40.58597579983033
32.14207793492189
31.566961626179083
36.21424512512909
31.566961626179083
32.77361979341585
32.77361979341585
31.566961626179083
32.14207793492189
31.566961626179083
31.566961626179083
31.566961626179083
31.566961626179083
31.566961626179083
31.566961626179083
38.660089298865216
31.566961626179083
31.566961626179083
31.566961626179083
31.566961626179083
31.566961626179083
32.24406263383475
31.23207702795848
31.566961626179083
31.232077027958482
31.56696162617908
31.232077027958482
31.56696162617908
31.232077027958482
30.878503892588
31.566961626179083
30.878503892588
31.23207702795848
31.232077027958482
31.566961626179083
31.232077027958482
31.802031418170344
30.878503892587997
30.878503892587997
30.878503892587997
30.878503892587997
30.878503892587997
31.23207702795848
30.878503892587997
30.878503892587997
30.878503892588
30.878503892588
30.878503892588
30.878503892588
30.878503892588
30.878503892587997
31.226915109427544
31.232077027958475
30.878503892587997
30.878503892587997
30.878503892587997
30.878503892587997
30.878503892588
30.878503892587997
30.878503892587997
30.878503892588
30.878503892588
30.878503892588
30.878503892588
30.878503892588
30.878503892587997
31.226915109427544
30.878503892588
30.878503892587997
30.878503892587997
30.878503892587997
30.878503892587997
30.878503892588
30.878503892587997
30.878503892587997
30.878503892588
30.878503892588
30.878503892588
30.878503892588
30.878503892588
30.878503892587997
30.878503892588
31.23207702795848
30.878503892587997
30.878503892587997
30.878503892587997
30.878503892587997
30.878503892588
30.878503892587997
30.878503892587997
30.878503892588
30.878503892588
30.878503892588
30.878503892588
30.878503892588
30.878503892587997
30.878503892588
30.878503892587997
30.878503892587997
30.878503892587997
30.878503892587997
30.878503892587997
30.878503892587997
30.878503892587997
30.878503892587997
30.878503892588
30.878503892588
30.878503892588
30.878503892588
30.878503892588
30.878503892587997
30.878503892588
30.878503892587997
30.878503892587997
30.878503892587997
30.878503892587997
30.878503892587997
30.878503892587997
30.878503892587997
30.878503892587997
30.878503892588
30.878503892588
30.878503892588
30.878503892588
30.878503892588
30.878503892587997
30.878503892588
30.878503892587997
30.878503892587997
30.878503892587997
30.878503892587997
30.878503892587997
30.878503892587997
30.878503892587997
30.878503892587997
30.878503892588
30.878503892588
30.878503892588
30.878503892588
30.878503892588
30.878503892587997
30.878503892588
30.878503892587997
30.878503892587997
30.878503892587997
30.878503892587997
30.878503892587997
30.878503892587997
30.878503892587997
30.878503892587997
30.878503892588
30.878503892588
30.878503892588
30.878503892588
30.878503892588
30.878503892587997
30.878503892588
30.878503892587997
30.878503892587997
30.878503892587997
30.878503892587997
30.878503892587997
30.878503892587997
30.878503892587997
30.878503892587997
30.878503892588
30.878503892588
30.878503892588
30.878503892588
30.878503892588
30.878503892587997
30.878503892587997
31.232077027958475
30.878503892587997
30.878503892587997
30.878503892587997
30.878503892587997
30.878503892587997
30.878503892587997
30.878503892587997
30.878503892588
30.878503892588
30.878503892588
30.878503892588
30.878503892588
30.878503892587997
30.878503892587997
48.34560413929952
30.878503892587997
30.878503892587997
30.878503892587997
30.878503892587997
30.878503892587997
30.878503892587997
30.878503892587997
30.878503892588
30.878503892588
30.878503892588
30.878503892588
30.878503892588
30.878503892587997
30.878503892587997
30.878503892587997
30.878503892587997
30.878503892587997
30.878503892587997
30.878503892587997
30.878503892587997
30.878503892587997
30.878503892587997
30.878503892588
30.878503892587997
30.878503892588
30.878503892588
30.878503892588
30.878503892587997
30.878503892587997
30.878503892587997
30.878503892587997
30.878503892587997
30.878503892587997
30.878503892587997
30.878503892587997
30.878503892587997
30.878503892587997
30.878503892588
30.878503892587997
30.878503892588
30.878503892588
30.878503892588
30.878503892587997
30.878503892587997
31.232077027958475
30.878503892587997
30.878503892587997
30.878503892587997
30.878503892587997
30.878503892587997
30.878503892587997
30.878503892587997
30.878503892588
30.878503892587997
30.878503892588
30.878503892588
30.878503892588
30.878503892587997
30.878503892587997
30.878503892587997
30.878503892587997
30.878503892587997
30.878503892587997
30.878503892587997
30.878503892587997
30.878503892587997
30.878503892587997
30.878503892588
30.878503892587997
30.878503892587997
30.878503892588
30.878503892587997
30.878503892587997
30.878503892587997
31.232077027958482
30.878503892587997
30.878503892587997
30.878503892587997
30.878503892587997
30.878503892587997
30.878503892587997
30.878503892587997
30.878503892587997
30.878503892587997
30.878503892587997
30.878503892588
30.878503892587997
30.878503892587997
30.878503892587997
30.878503892587997
30.878503892587997
30.878503892587997
30.878503892587997
30.878503892587997
30.878503892587997
30.878503892587997
30.878503892587997
30.878503892587997
30.878503892587997
30.878503892587997
30.878503892588
30.878503892587997
30.878503892587997
30.878503892587997
30.878503892587997
30.878503892587997
30.878503892587997
30.878503892587997
30.878503892587997
30.878503892587997
30.878503892587997
30.878503892587997
30.878503892587997
30.878503892587997
30.878503892587997
30.878503892588
30.878503892587997
30.878503892587997
30.878503892587997
30.878503892587997
30.878503892587997
30.878503892587997
30.878503892587997
30.878503892587997
30.878503892587997
30.878503892587997
30.878503892587997
30.878503892587997
30.878503892587997
30.878503892587997
30.878503892588
30.878503892587997
30.878503892587997
30.878503892587997
30.878503892587997
30.878503892587997
30.878503892587997
30.878503892587997
30.878503892587997
30.878503892587997
30.878503892587997
30.878503892587997
30.878503892587997
30.878503892587997
30.878503892587997
30.878503892588
30.878503892587997
30.878503892587997
30.878503892587997
30.878503892587997
30.878503892587997
30.878503892587997
30.878503892587997
30.878503892587997
30.878503892587997
30.878503892587997
30.878503892587997
30.878503892587997
30.878503892587997
30.878503892587997
30.878503892588
30.878503892587997
30.878503892587997
30.878503892587997
30.878503892587997
30.878503892587997
30.878503892587997
30.878503892587997
30.878503892587997
30.878503892587997
30.878503892587997
30.878503892587997
30.878503892587997
30.878503892587997
30.878503892587997
30.878503892587997
30.878503892587997
30.878503892587997
30.878503892587997
37.809598741829795
30.878503892587997
30.878503892587997
30.878503892587997
30.878503892587997
30.878503892587997
30.878503892587997
30.878503892587997
30.878503892587997
30.878503892587997
30.878503892587997
30.878503892587997
30.878503892587997
30.878503892587997
30.878503892587997
30.878503892587997
30.878503892587997
30.878503892587997
30.878503892587997
30.878503892587997
30.878503892587997
30.878503892587997
30.878503892587997
30.878503892587997
30.878503892587997
30.878503892587997
30.878503892587997
30.878503892587997
30.878503892587997
30.878503892587997
30.878503892587997
30.878503892587997
30.878503892587997
30.878503892587997
30.878503892587997
30.878503892587997
30.878503892587997
30.878503892587997
30.878503892587997
30.878503892587997
30.878503892587997
30.878503892587997
30.878503892587997
30.878503892587997
30.878503892587997
30.878503892587997
30.878503892587997
30.878503892587997
30.878503892587997
30.878503892587997
30.878503892587997
30.878503892587997
30.878503892587997
30.878503892587997
30.878503892587997
30.878503892587997
30.878503892587997
30.878503892587997
30.878503892587997
30.878503892587997
30.878503892588
30.878503892587997
30.878503892587997
30.878503892587997
30.878503892587997
30.878503892587997
30.878503892587997
30.878503892587997
30.878503892587997
30.878503892587997
30.878503892587997
30.878503892587997
30.878503892587997
30.878503892587997
30.878503892587997
30.878503892587997
30.878503892587997
30.878503892587997
30.878503892587997
30.878503892587997
30.878503892587997
30.878503892587997
30.878503892587997
30.878503892587997
30.878503892587997
30.878503892587997
30.878503892587997
30.878503892587997
30.878503892587997
30.878503892587997
30.878503892587997
30.878503892587997
30.878503892587997
30.878503892587997
30.878503892587997
30.878503892587997
30.878503892587997
30.878503892587997
30.878503892587997
30.878503892587997
30.878503892587997
30.878503892587997
30.878503892587997
30.878503892587997
30.878503892587997
30.878503892587997
30.878503892587997
30.878503892587997
30.878503892587997
30.878503892587997
30.878503892587997
30.878503892587997
30.878503892587997
30.878503892587997
30.878503892587997
30.878503892587997
30.878503892587997
30.878503892587997
30.878503892587997
30.878503892587997
30.878503892587997
30.878503892587997
30.878503892587997
30.878503892587997
30.878503892587997
30.878503892587997
30.878503892587997
30.878503892587997
30.878503892587997
30.878503892587997
30.878503892587997
30.878503892587997
30.878503892587997
30.878503892587997
30.878503892587997
30.878503892587997
30.878503892587997
30.878503892587997
30.878503892587997
30.878503892587997
30.878503892587997
30.878503892587997
30.878503892587997
30.878503892587997
30.878503892587997
30.878503892587997
30.878503892587997
30.878503892587997
30.878503892587997
30.878503892587997
30.878503892587997
30.878503892587997
30.878503892587997
30.878503892587997
30.878503892587997
30.878503892587997
30.878503892587997
30.878503892587997
30.878503892587997
30.878503892587997
30.878503892587997
30.878503892587997
30.878503892587997
30.878503892587997
30.878503892587997
30.878503892587997
30.878503892587997
30.878503892587997
30.878503892587997
30.878503892587997
30.878503892587997
30.878503892587997
30.878503892587997
30.878503892587997
30.878503892587997
30.878503892587997
30.878503892587997
30.878503892587997
30.878503892587997
30.878503892587997
30.878503892587997
30.878503892587997
30.878503892587997
30.878503892587997
30.878503892587997
30.878503892587997
30.878503892587997
30.878503892587997
30.878503892587997
30.878503892587997
30.878503892587997
30.878503892587997
30.878503892587997
30.878503892587997
30.878503892587997
30.878503892587997
30.878503892587997
30.878503892587997
30.878503892587997
30.878503892587997
30.878503892587997
30.878503892587997
30.878503892587997
30.878503892587997
30.878503892587997
30.878503892587997
30.878503892587997
30.878503892587997
30.878503892587997
30.878503892587997
30.878503892587997
30.878503892587997
30.878503892587997
30.878503892587997
30.878503892587997
30.878503892587997
30.878503892587997
30.878503892587997
30.878503892587997
30.878503892587997
30.878503892587997
30.878503892587997
30.878503892587997
30.878503892587997
30.878503892587997
30.878503892587997
30.878503892587997
30.878503892587997
30.878503892587997
30.878503892587997
30.878503892587997
30.878503892587997
30.878503892587997
30.878503892587997
30.878503892587997
30.878503892587997
30.878503892587997
30.878503892587997
30.878503892587997
30.878503892587997
30.878503892587997
30.878503892587997
30.878503892587997
30.878503892587997
30.878503892587997
30.878503892587997
30.878503892587997
30.878503892587997
30.878503892587997
30.878503892587997
30.878503892587997
30.878503892587997
30.878503892587997
30.878503892587997
30.878503892587997
36.28344700304724
30.878503892587997
30.878503892587997
30.878503892587997
30.878503892587997
30.878503892587997
30.878503892587997
30.878503892587997
30.878503892587997
30.878503892587997
30.878503892587997
30.878503892587997
30.878503892587997
30.878503892587997
30.878503892587997
30.878503892587997
30.878503892587997
30.878503892587997
30.878503892587997
30.878503892587997
30.878503892587997
30.878503892587997
30.878503892587997
30.878503892587997
30.878503892587997
30.878503892587997
30.878503892587997
30.878503892587997
30.878503892587997
30.878503892587997
30.878503892587997
30.878503892587997
30.878503892587997
30.878503892587997
30.878503892587997
30.878503892587997
30.878503892587997
30.878503892587997
30.878503892587997
30.878503892587997
30.878503892587997
30.878503892587997
30.878503892587997
30.878503892587997
30.878503892587997
30.878503892587997
30.878503892587997
30.878503892587997
30.878503892587997
30.878503892587997
30.878503892587997
30.878503892587997
30.878503892587997
30.878503892587997
30.878503892587997
30.878503892587997
30.878503892587997
30.878503892587997
30.878503892587997
30.878503892587997
30.878503892587997
30.878503892587997
30.878503892587997
30.878503892587997
30.878503892587997
30.878503892587997
30.878503892587997
30.878503892587997
30.878503892587997
30.878503892587997
30.878503892587997
30.878503892587997
30.878503892587997
30.878503892587997
30.878503892587997
30.878503892587997
30.878503892587997
30.878503892587997
30.878503892587997
30.878503892587997
30.878503892587997
30.878503892587997
30.878503892587997
30.878503892587997
30.878503892587997
30.878503892587997
30.878503892587997
30.878503892587997
30.878503892587997
30.878503892587997
30.878503892587997
30.878503892587997
30.878503892587997
30.878503892587997
30.878503892587997
30.878503892587997
30.878503892587997
30.878503892587997
30.878503892587997
30.878503892587997
30.878503892587997
30.878503892587997
30.878503892587997
30.878503892587997
30.878503892587997
30.878503892587997
30.878503892587997
30.878503892587997
30.878503892587997
30.878503892587997
30.878503892587997
30.878503892587997
30.878503892587997
30.878503892587997
30.878503892587997
30.878503892587997
30.878503892587997
30.878503892587997
30.878503892587997
30.878503892587997
30.878503892587997
30.878503892587997
30.878503892587997
30.878503892587997
30.878503892587997
30.878503892587997
30.878503892587997
30.878503892587997
30.878503892587997
30.878503892587997
30.878503892587997
30.878503892587997
30.878503892587997
30.878503892587997
30.878503892587997
30.878503892587997
30.878503892587997
30.878503892587997
30.878503892587997
30.878503892587997
30.878503892587997
30.878503892587997
30.878503892587997
30.878503892587997
30.878503892587997
30.878503892587997
30.878503892587997
30.878503892587997
30.878503892587997
30.878503892587997
30.878503892587997
30.878503892587997
30.878503892587997
30.878503892587997
30.878503892587997
30.878503892587997
30.878503892587997
30.878503892587997
30.878503892587997
30.878503892587997
30.878503892587997
30.878503892587997
30.878503892587997
30.878503892587997
30.878503892587997
30.878503892587997
30.878503892587997
30.878503892587997
30.878503892587997
30.878503892587997
30.878503892587997
30.878503892587997
30.878503892587997
30.878503892587997
30.878503892587997
30.878503892587997
30.878503892587997
30.878503892587997
30.878503892587997
30.878503892587997
30.878503892587997
30.878503892587997
30.878503892587997
30.878503892587997
30.878503892587997
30.878503892587997
30.878503892587997
30.878503892587997
30.878503892587997
30.878503892587997
30.878503892587997
30.878503892587997
30.878503892587997
30.878503892587997
30.878503892587997
30.878503892587997
30.878503892587997
30.878503892587997
30.878503892587997
30.878503892587997
30.878503892587997
30.878503892587997
30.878503892587997
30.878503892587997
30.878503892587997
30.878503892587997
30.878503892587997
30.878503892587997
30.878503892587997
30.878503892587997
30.878503892587997
30.878503892587997
30.878503892587997
30.878503892587997
30.878503892587997
30.878503892587997
30.878503892587997
30.878503892587997
30.878503892587997
30.878503892587997
30.878503892587997
30.878503892587997
30.878503892587997
30.878503892587997
30.878503892587997
30.878503892587997
30.878503892587997
30.878503892587997
30.878503892587997
30.878503892587997
30.878503892587997
30.878503892587997
30.878503892587997
30.878503892587997
30.878503892587997
30.878503892587997
30.878503892587997
30.878503892587997
30.878503892587997
30.878503892587997
30.878503892587997
30.878503892587997
30.878503892587997
30.878503892587997
30.878503892587997
30.878503892587997
30.878503892587997
30.878503892587997
30.878503892587997
30.878503892587997
30.878503892587997
30.878503892587997
30.878503892587997
30.878503892587997
30.878503892587997
30.878503892587997
30.878503892587997
30.878503892587997
30.878503892587997
30.878503892587997
30.878503892587997
30.878503892587997
30.878503892587997
30.878503892587997
30.878503892587997
30.878503892587997
30.878503892587997
30.878503892587997
30.878503892587997
30.878503892587997
30.878503892587997
30.878503892587997
30.878503892587997
30.878503892587997
30.878503892587997
30.878503892587997
30.878503892587997
30.878503892587997
30.878503892587997
30.878503892587997
30.878503892587997
30.878503892587997
30.878503892587997
30.878503892587997
30.878503892587997
30.878503892587997
30.878503892587997
30.878503892587997
30.878503892587997
30.878503892587997
30.878503892587997
30.878503892587997
30.878503892587997
30.878503892587997
30.878503892587997
30.878503892587997
30.878503892587997
30.878503892587997
30.878503892587997
30.878503892587997
30.878503892587997
30.878503892587997
30.878503892587997
30.878503892587997
30.878503892587997
30.878503892587997
30.878503892587997
30.878503892587997
30.878503892587997
30.878503892587997
30.878503892587997
30.878503892587997
30.878503892587997
30.878503892587997
30.878503892587997
30.878503892587997
30.878503892587997
30.878503892587997
30.878503892587997
30.878503892587997
30.878503892587997
30.878503892587997
30.878503892587997
30.878503892587997
30.878503892587997
30.878503892587997
30.878503892587997
30.878503892587997
30.878503892587997
30.878503892587997
30.878503892587997
30.878503892587997
30.878503892587997
30.878503892587997
30.878503892587997
30.878503892587997
30.878503892587997
30.878503892587997
30.878503892587997
30.878503892587997
30.878503892587997
30.878503892587997
30.878503892587997
30.878503892587997
30.878503892587997
44.02559691555429
30.878503892587997
30.878503892587997
30.878503892587997
30.878503892587997
30.878503892587997
30.878503892587997
30.878503892587997
30.878503892587997
30.878503892587997
30.878503892587997
30.878503892587997
30.878503892587997
30.878503892587997
30.878503892587997
30.878503892587997
30.878503892587997
30.878503892587997
30.878503892587997
30.878503892587997
30.878503892587997
30.878503892587997
30.878503892587997
30.878503892587997
30.878503892587997
30.878503892587997
30.878503892587997
30.878503892587997
30.878503892587997
30.878503892587997
30.878503892587997
30.878503892587997
30.878503892587997
30.878503892587997
30.878503892587997
30.878503892587997
30.878503892587997
30.878503892587997
30.878503892587997
30.878503892587997
30.878503892587997
30.878503892587997
30.878503892587997
30.878503892587997
30.878503892587997
30.878503892587997
30.878503892587997
30.878503892587997
30.878503892587997
30.878503892587997
30.878503892587997
30.878503892587997
30.878503892587997
30.878503892587997
30.878503892587997
30.878503892587997
30.878503892587997
30.878503892587997
30.878503892587997
30.878503892587997
30.878503892587997
30.878503892587997
30.878503892587997
30.878503892587997
30.878503892587997
30.878503892587997
30.878503892587997
30.878503892587997
30.878503892587997
30.878503892587997
30.878503892587997
30.878503892587997
30.878503892587997
30.878503892587997
30.878503892587997
30.878503892587997
30.878503892587997
30.878503892587997
30.878503892587997
30.878503892587997
30.878503892587997
30.878503892587997
30.878503892587997
30.878503892587997
30.878503892587997
30.878503892587997
30.878503892587997
30.878503892587997
30.878503892587997
30.878503892587997
30.878503892587997
30.878503892587997
30.878503892587997
30.878503892587997
30.878503892587997
30.878503892587997
30.878503892587997
30.878503892587997
30.878503892587997
30.878503892587997
30.878503892587997
30.878503892587997
30.878503892587997
30.878503892587997
30.878503892587997
30.878503892587997
30.878503892587997
30.878503892587997
30.878503892587997
30.878503892587997
30.878503892587997
30.878503892587997
30.878503892587997
30.878503892587997
30.878503892587997
30.878503892587997
30.878503892587997
30.878503892587997
30.878503892587997
30.878503892587997
30.878503892587997
30.878503892587997
30.878503892587997
30.878503892587997
30.878503892587997
30.878503892587997
30.878503892587997
30.878503892587997
30.878503892587997
30.878503892587997
30.878503892587997
30.878503892587997
30.878503892587997
30.878503892587997
30.878503892587997
30.878503892587997
30.878503892587997
30.878503892587997
30.878503892587997
30.878503892587997
30.878503892587997
30.878503892587997
30.878503892587997
30.878503892587997
30.878503892587997
30.878503892587997
30.878503892587997
30.878503892587997
30.878503892587997
30.878503892587997
30.878503892587997
30.878503892587997
30.878503892587997
30.878503892587997
30.878503892587997
30.878503892587997
30.878503892587997
30.878503892587997
30.878503892587997
30.878503892587997
30.878503892587997
30.878503892587997
30.878503892587997
30.878503892587997
30.878503892587997
30.878503892587997
30.878503892587997
30.878503892587997
30.878503892587997
30.878503892587997
30.878503892587997
30.878503892587997
30.878503892587997
30.878503892587997
30.878503892587997
30.878503892587997
30.878503892587997
30.878503892587997
30.878503892587997
30.878503892587997
30.878503892587997
30.878503892587997
30.878503892587997
30.878503892587997
30.878503892587997
30.878503892587997
30.878503892587997
30.878503892587997
30.878503892587997
30.878503892587997
30.878503892587997
30.878503892587997
30.878503892587997
30.878503892587997
30.878503892587997
30.878503892587997
30.878503892587997
30.878503892587997
30.878503892587997
30.878503892587997
30.878503892587997
30.878503892587997
30.878503892587997
30.878503892587997
30.878503892587997
30.878503892587997
30.878503892587997
30.878503892587997
30.878503892587997
30.878503892587997
30.878503892587997
30.878503892587997
30.878503892587997
30.878503892587997
30.878503892587997
30.878503892587997
30.878503892587997
30.878503892587997
30.878503892587997
30.878503892587997
30.878503892587997
30.878503892587997
30.878503892587997
30.878503892587997
30.878503892587997
30.878503892587997
30.878503892587997
30.878503892587997
30.878503892587997
30.878503892587997
30.878503892587997
30.878503892587997
30.878503892587997
30.878503892587997
30.878503892587997
30.878503892587997
30.878503892587997
30.878503892587997
30.878503892587997
30.878503892587997
30.878503892587997
30.878503892587997
30.878503892587997
30.878503892587997
30.878503892587997
30.878503892587997
30.878503892587997
30.878503892587997
30.878503892587997
30.878503892587997
30.878503892587997
30.878503892587997
30.878503892587997
30.878503892587997
30.878503892587997
30.878503892587997
30.878503892587997
30.878503892587997
30.878503892587997
30.878503892587997
30.878503892587997
30.878503892587997
30.878503892587997
30.878503892587997
30.878503892587997
30.878503892587997
30.878503892587997
30.878503892587997
30.878503892587997
30.878503892587997
30.878503892587997
30.878503892587997
30.878503892587997
30.878503892587997
30.878503892587997
30.878503892587997
30.878503892587997
30.878503892587997
30.878503892587997
30.878503892587997
30.878503892587997
30.878503892587997
30.878503892587997
30.878503892587997
30.878503892587997
30.878503892587997
30.878503892587997
30.878503892587997
30.878503892587997
30.878503892587997
30.878503892587997
30.878503892587997
30.878503892587997
30.878503892587997
30.878503892587997
30.878503892587997
30.878503892587997
30.878503892587997
30.878503892587997
30.878503892587997
30.878503892587997
30.878503892587997
30.878503892587997
30.878503892587997
30.878503892587997
30.878503892587997
30.878503892587997
30.878503892587997
30.878503892587997
30.878503892587997
30.878503892587997
30.878503892587997
30.878503892587997
30.878503892587997
30.878503892587997
35.45551505258299
30.878503892587997
30.878503892587997
30.878503892587997
30.878503892587997
30.878503892587997
30.878503892587997
30.878503892587997
30.878503892587997
30.878503892587997
30.878503892587997
30.878503892587997
30.878503892587997
30.878503892587997
30.878503892587997
30.878503892587997
30.878503892587997
30.878503892587997
30.878503892587997
30.878503892587997
30.878503892587997
30.878503892587997
30.878503892587997
30.878503892587997
30.878503892587997
30.878503892587997
30.878503892587997
30.878503892587997
30.878503892587997
30.878503892587997
30.878503892587997
30.878503892587997
30.878503892587997
30.878503892587997
30.878503892587997
30.878503892587997
30.878503892587997
30.878503892587997
30.878503892587997
30.878503892587997
30.878503892587997
30.878503892587997
30.878503892587997
30.878503892587997
30.878503892587997
30.878503892587997
30.878503892587997
30.878503892587997
30.878503892587997
30.878503892587997
30.878503892587997
30.878503892587997
30.878503892587997
30.878503892587997
30.878503892587997
30.878503892587997
30.878503892587997
30.878503892587997
30.878503892587997
30.878503892587997
30.878503892587997
30.878503892587997
30.878503892587997
30.878503892587997
30.878503892587997
30.878503892587997
30.878503892587997
30.878503892587997
30.878503892587997
30.878503892587997
30.878503892587997
30.878503892587997
30.878503892587997
30.878503892587997
30.878503892587997
30.878503892587997
30.878503892587997
30.878503892587997
30.878503892587997
30.878503892587997
30.878503892587997
30.878503892587997
30.878503892587997
30.878503892587997
30.878503892587997
30.878503892587997
30.878503892587997
30.878503892587997
30.878503892587997
30.878503892587997
30.878503892587997
30.878503892587997
30.878503892587997
30.878503892587997
30.878503892587997
30.878503892587997
30.878503892587997
30.878503892587997
30.878503892587997
30.878503892587997
30.878503892587997
30.878503892587997
30.878503892587997
30.878503892587997
30.878503892587997
30.878503892587997
30.878503892587997
30.878503892587997
30.878503892587997
30.878503892587997
30.878503892587997
30.878503892587997
30.878503892587997
30.878503892587997
30.878503892587997
30.878503892587997
30.878503892587997
30.878503892587997
30.878503892587997
30.878503892587997
30.878503892587997
30.878503892587997
30.878503892587997
30.878503892587997
30.878503892587997
30.878503892587997
30.878503892587997
30.878503892587997
30.878503892587997
30.878503892587997
30.878503892587997
30.878503892587997
30.878503892587997
30.878503892587997
30.878503892587997
30.878503892587997
30.878503892587997
30.878503892587997
30.878503892587997
30.878503892587997
30.878503892587997
30.878503892587997
30.878503892587997
30.878503892587997
30.878503892587997
30.878503892587997
30.878503892587997
30.878503892587997
30.878503892587997
30.878503892587997
30.878503892587997
