2.14
28
50.92760344210126
57.34745626535908
68.69035219974573
67.5783740903454
64.76794774433739
56.030243482272695
60.32714513196336
55.381853909911996
56.53611831757543
67.26625432100195
73.2042874841256
66.93403530190962
64.42467036894668
62.918380720583514
57.26530943618635
70.11497017804705
52.48322139355794
54.09388975459629
60.30022108004853
64.38118094385432
59.5911049645541
53.15053042127314
54.041067463924506
60.722233471052576
71.02148130493084
60.49288818684524
59.1624230527193
63.454389757137136
44.909968991494935
44.909968991494935
45.525346711941864
50.52586537156866
44.90996899149495
50.21607060687728
44.149675645852426
44.90996899149495
45.67264121774617
49.69283779189861
56.37880657559262
43.63633831757623
44.57831160405789
49.241758827044144
48.03028370784028
46.11753689296461
54.20960675262273
38.53879036849695
46.47098392364272
47.686607816654394
50.53269163500438
43.53179933356745
44.90996899149495
44.90996899149495
43.654376462657446
51.71728390195168
44.90996899149495
46.489605232009225
50.329436165445095
37.293225758113124
42.73551203737853
39.36340425304335
40.888519317476124
40.82978347389372
40.82468921920013
36.73965351294075
42.73551203737853
43.22744000964656
43.32943107833673
48.882360496018606
39.36004184289437
40.30643337846834
44.21576990956956
41.252439317707456
38.53879036849695
44.175587464150055
37.293225758113124
37.293225758113124
42.117577478731
42.22778657145263
37.293225758113124
40.82978347389372
42.73551203737853
39.766903853909916
38.2775868231895
37.293225758113124
42.1367305741782
41.348568084838874
34.49863653836192
42.73551203737853
37.16012551070274
37.97965245929855
37.279650625822875
36.49934036460672
34.49863653836192
42.73551203737853
41.45838634044415
41.53154872732696
44.11274040023568
34.49863653836192
36.9753772293292
34.49863653836192
38.62752905466322
34.49863653836192
39.479089272225146
36.017674818440256
34.49863653836192
39.22407340592499
38.86424115884752
36.01767481844025
37.25461229917142
41.55734187690504
34.49863653836192
36.59248964095742
37.293225758113124
34.49863653836192
37.48598487042496
32.78851919591855
34.49863653836192
35.71720068834995
36.42041511442381
34.49863653836192
34.221942693804046
32.78851919591855
34.54781208007979
32.78851919591855
32.78851919591855
38.6062550453343
32.78851919591855
35.810759885025305
32.78851919591855
38.62752905466322
32.78851919591855
32.78851919591855
32.78851919591855
32.78851919591855
36.99470901619319
34.50698303688159
34.71398300390193
32.78851919591855
37.74132898678823
32.78851919591855
32.78851919591855
32.78851919591855
32.78851919591855
34.386410811778916
31.485012766658013
32.78851919591855
34.83029070434455
36.42041511442381
32.78851919591855
32.55031296960887
31.485012766658013
32.88696209034203
31.485012766658013
31.485012766658013
35.86528771806449
31.485012766658013
32.78851919591855
31.485012766658013
31.485012766658013
32.78851919591855
31.485012766658013
31.485012766658013
31.485012766658013
31.485012766658013
31.485012766658013
33.85250779030579
31.485012766658013
31.485012766658013
31.485012766658013
32.78851919591855
31.485012766658013
31.485012766658013
33.15985609700731
30.878503892588
31.485012766658013
31.485012766658013
31.485012766658013
31.485012766658013
32.17672873729409
30.878503892588
32.17561565048513
30.878503892588
30.878503892588
30.878503892588
30.878503892588
30.878503892588
30.878503892588
30.878503892588
30.878503892588
30.878503892588
30.878503892588
30.878503892588
30.878503892588
30.878503892588
30.878503892588
30.878503892588
30.878503892588
30.878503892588
32.78851919591855
30.878503892588
30.878503892588
30.878503892588
31.232077027958482
30.878503892588
30.878503892588
30.878503892588
30.878503892588
32.17672873729409
30.878503892588
31.600499341742324
30.878503892588
30.878503892588
30.878503892588
30.878503892588
30.878503892588
30.878503892588
30.878503892588
30.878503892588
30.878503892588
30.878503892588
30.878503892588
30.878503892588
30.878503892588
30.878503892588
30.878503892588
30.878503892588
30.878503892588
31.485012766658013
30.878503892588
30.878503892588
30.878503892588
30.878503892588
30.878503892588
30.878503892588
30.878503892588
30.878503892588
32.17672873729409
30.878503892588
31.22691510942754
30.878503892588
30.878503892588
30.878503892588
30.878503892588
30.878503892588
30.878503892588
30.878503892588
30.878503892588
30.878503892588
30.878503892588
30.878503892588
30.878503892588
30.878503892588
30.878503892588
30.878503892588
30.878503892588
30.878503892588
31.485012766658013
30.878503892588
30.878503892588
30.878503892588
30.878503892588
30.878503892588
30.878503892588
30.878503892588
30.878503892588
30.878503892588
30.878503892588
31.22691510942754
30.878503892588
30.878503892588
30.878503892588
30.878503892588
30.878503892588
30.878503892588
30.878503892588
30.878503892588
30.878503892588
30.878503892588
30.878503892588
30.878503892588
30.878503892588
30.878503892588
30.878503892588
30.878503892588
30.878503892588
30.878503892588
30.878503892588
30.878503892588
30.878503892588
31.23207702795848
30.878503892588
30.878503892588
30.878503892588
30.878503892588
30.878503892587997
30.878503892588
30.878503892588
30.878503892588
30.878503892588
30.878503892588
30.878503892588
30.878503892588
30.878503892588
30.878503892588
30.878503892588
30.878503892588
30.878503892588
30.878503892588
30.878503892588
30.878503892588
30.878503892588
30.878503892588
30.878503892588
30.878503892588
30.878503892588
30.878503892588
30.878503892588
30.878503892588
30.878503892587997
30.878503892587997
30.878503892588
30.878503892588
30.878503892588
30.878503892587997
30.878503892587997
30.878503892587997
30.878503892587997
30.878503892588
30.878503892587997
30.878503892587997
30.878503892588
30.878503892587997
30.878503892587997
30.878503892588
30.878503892587997
30.878503892587997
30.878503892588
30.878503892588
30.878503892587997
30.878503892587997
30.878503892587997
30.878503892587997
30.878503892587997
30.878503892587997
30.878503892587997
30.878503892587997
30.878503892588
30.878503892587997
30.878503892587997
30.878503892587997
30.878503892587997
30.878503892587997
30.878503892587997
30.878503892587997
30.878503892587997
30.878503892587997
30.878503892588
30.878503892587997
30.878503892587997
30.878503892587997
30.878503892587997
30.878503892587997
30.878503892587997
30.878503892587997
30.878503892587997
30.878503892588
30.878503892587997
30.878503892587997
30.878503892587997
30.878503892587997
30.878503892587997
30.878503892587997
30.878503892587997
30.878503892587997
30.878503892587997
30.878503892587997
31.232077027958475
30.878503892587997
30.878503892587997
30.878503892587997
30.878503892587997
30.878503892587997
30.878503892587997
30.878503892587997
30.878503892587997
30.878503892588
30.878503892587997
30.878503892587997
30.878503892587997
30.878503892587997
30.878503892587997
30.878503892587997
30.878503892587997
30.878503892587997
30.878503892587997
30.878503892587997
30.878503892587997
30.878503892587997
30.878503892587997
30.878503892587997
30.878503892587997
30.878503892587997
30.878503892587997
30.878503892587997
30.878503892587997
31.232077027958475
30.878503892587997
30.878503892587997
30.878503892587997
30.878503892587997
30.878503892587997
30.878503892587997
30.878503892587997
30.878503892587997
30.878503892587997
30.878503892587997
30.878503892587997
30.878503892587997
30.878503892587997
30.878503892587997
30.878503892587997
30.878503892587997
30.878503892587997
30.878503892587997
30.878503892587997
30.878503892587997
30.878503892587997
30.878503892587997
30.878503892587997
30.878503892587997
30.878503892587997
30.878503892587997
30.878503892587997
30.878503892587997
31.232077027958475
30.878503892587997
30.878503892587997
30.878503892587997
30.878503892587997
30.878503892587997
30.878503892587997
30.878503892587997
30.878503892587997
30.878503892587997
30.878503892587997
30.878503892587997
30.878503892587997
30.878503892587997
30.878503892587997
30.878503892587997
30.878503892587997
30.878503892587997
30.878503892587997
30.878503892587997
30.878503892587997
30.878503892587997
30.878503892587997
30.878503892587997
30.878503892587997
30.878503892587997
30.878503892587997
30.878503892587997
30.878503892587997
30.878503892587997
30.878503892587997
30.878503892587997
30.878503892587997
30.878503892587997
30.878503892587997
30.878503892587997
30.878503892587997
30.878503892587997
30.878503892587997
30.878503892587997
30.878503892587997
30.878503892587997
30.878503892587997
30.878503892587997
30.878503892587997
30.878503892587997
30.878503892587997
30.878503892587997
30.878503892587997
30.878503892587997
30.878503892587997
30.878503892587997
30.878503892587997
30.878503892587997
30.878503892587997
30.878503892587997
30.878503892587997
30.878503892587997
31.232077027958475
30.878503892587997
30.878503892587997
30.878503892587997
30.878503892587997
30.878503892587997
30.878503892587997
30.878503892587997
30.878503892587997
30.878503892587997
30.878503892587997
30.878503892587997
30.878503892587997
30.878503892587997
30.878503892587997
30.878503892587997
30.878503892587997
30.878503892587997
30.878503892587997
30.878503892587997
30.878503892587997
30.878503892587997
30.878503892587997
30.878503892587997
30.878503892587997
30.878503892587997
30.878503892587997
30.878503892587997
30.878503892587997
35.54225969715779
30.878503892587997
30.878503892587997
30.878503892587997
30.878503892587997
30.878503892587997
30.878503892587997
30.878503892587997
30.878503892587997
30.878503892587997
30.878503892587997
30.878503892587997
30.878503892587997
30.878503892587997
30.878503892587997
30.878503892587997
30.878503892587997
30.878503892587997
30.878503892587997
30.878503892587997
30.878503892587997
30.878503892587997
30.878503892587997
30.878503892587997
30.878503892587997
30.878503892587997
30.878503892587997
30.878503892587997
30.878503892587997
30.878503892587997
30.878503892587997
30.878503892587997
30.878503892587997
30.878503892587997
30.878503892587997
30.878503892587997
30.878503892587997
30.878503892587997
30.878503892587997
30.878503892587997
30.878503892587997
30.878503892587997
30.878503892587997
30.878503892587997
30.878503892587997
30.878503892587997
30.878503892587997
30.878503892587997
30.878503892587997
30.878503892587997
30.878503892587997
30.878503892587997
30.878503892587997
30.878503892587997
30.878503892587997
30.878503892587997
30.878503892587997
30.878503892587997
31.232077027958475
30.878503892587997
30.878503892587997
30.878503892587997
30.878503892587997
30.878503892587997
30.878503892587997
30.878503892587997
30.878503892587997
30.878503892587997
30.878503892587997
30.878503892587997
30.878503892587997
30.878503892587997
30.878503892587997
30.878503892587997
30.878503892587997
30.878503892587997
30.878503892587997
30.878503892587997
30.878503892587997
30.878503892587997
30.878503892587997
30.878503892587997
30.878503892587997
30.878503892587997
30.878503892587997
30.878503892587997
30.878503892587997
31.232077027958475
30.878503892587997
30.878503892587997
30.878503892587997
30.878503892587997
30.878503892587997
30.878503892587997
30.878503892587997
30.878503892587997
30.878503892587997
30.878503892587997
30.878503892587997
30.878503892587997
30.878503892587997
30.878503892587997
30.878503892587997
30.878503892587997
30.878503892587997
30.878503892587997
30.878503892587997
30.878503892587997
30.878503892587997
30.878503892587997
30.878503892587997
30.878503892587997
30.878503892587997
30.878503892587997
30.878503892587997
30.878503892587997
30.878503892587997
30.878503892587997
30.878503892587997
30.878503892587997
30.878503892587997
30.878503892587997
30.878503892587997
30.878503892587997
30.878503892587997
30.878503892587997
30.878503892587997
30.878503892587997
30.878503892587997
30.878503892587997
30.878503892587997
30.878503892587997
30.878503892587997
30.878503892587997
30.878503892587997
30.878503892587997
30.878503892587997
30.878503892587997
30.878503892587997
30.878503892587997
30.878503892587997
30.878503892587997
30.878503892587997
30.878503892587997
30.878503892587997
30.878503892587997
30.878503892587997
30.878503892587997
30.878503892587997
30.878503892587997
30.878503892587997
30.878503892587997
30.878503892587997
30.878503892587997
30.878503892587997
30.878503892587997
30.878503892587997
30.878503892587997
30.878503892587997
30.878503892587997
30.878503892587997
30.878503892587997
30.878503892587997
30.878503892587997
30.878503892587997
30.878503892587997
30.878503892587997
30.878503892587997
30.878503892587997
30.878503892587997
30.878503892587997
30.878503892587997
30.878503892587997
30.878503892587997
30.878503892587997
30.878503892587997
30.878503892587997
30.878503892587997
30.878503892587997
30.878503892587997
30.878503892587997
30.878503892587997
30.878503892587997
30.878503892587997
30.878503892587997
30.878503892587997
30.878503892587997
30.878503892587997
30.878503892587997
30.878503892587997
30.878503892587997
30.878503892587997
30.878503892587997
30.878503892587997
30.878503892587997
30.878503892587997
30.878503892587997
30.878503892587997
30.878503892587997
30.878503892587997
30.878503892587997
30.878503892587997
30.878503892587997
36.099309673166104
30.878503892587997
30.878503892587997
30.878503892587997
30.878503892587997
30.878503892587997
30.878503892587997
30.878503892587997
30.878503892587997
30.878503892587997
30.878503892587997
30.878503892587997
30.878503892587997
30.878503892587997
30.878503892587997
30.878503892587997
30.878503892587997
30.878503892587997
30.878503892587997
30.878503892587997
30.878503892587997
30.878503892587997
30.878503892587997
30.878503892587997
30.878503892587997
30.878503892587997
30.878503892587997
30.878503892587997
30.878503892587997
31.232077027958475
30.878503892587997
30.878503892587997
30.878503892587997
30.878503892587997
30.878503892587997
30.878503892587997
30.878503892587997
30.878503892587997
30.878503892587997
30.878503892587997
30.878503892587997
30.878503892587997
30.878503892587997
30.878503892587997
30.878503892587997
30.878503892587997
30.878503892587997
30.878503892587997
30.878503892587997
30.878503892587997
30.878503892587997
30.878503892587997
30.878503892587997
30.878503892587997
30.878503892587997
30.878503892587997
30.878503892587997
30.878503892587997
30.878503892587997
30.878503892587997
30.878503892587997
30.878503892587997
30.878503892587997
30.878503892587997
30.878503892587997
30.878503892587997
30.878503892587997
30.878503892587997
30.878503892587997
30.878503892587997
30.878503892587997
30.878503892587997
30.878503892587997
30.878503892587997
30.878503892587997
30.878503892587997
30.878503892587997
30.878503892587997
30.878503892587997
30.878503892587997
30.878503892587997
30.878503892587997
30.878503892587997
30.878503892587997
30.878503892587997
30.878503892587997
30.878503892587997
30.878503892587997
30.878503892587997
30.878503892587997
30.878503892587997
30.878503892587997
30.878503892587997
30.878503892587997
30.878503892587997
30.878503892587997
30.878503892587997
30.878503892587997
30.878503892587997
30.878503892587997
30.878503892587997
30.878503892587997
30.878503892587997
30.878503892587997
30.878503892587997
30.878503892587997
30.878503892587997
30.878503892587997
30.878503892587997
30.878503892587997
30.878503892587997
30.878503892587997
30.878503892587997
30.878503892587997
30.878503892587997
30.878503892587997
30.878503892587997
30.878503892587997
30.878503892587997
30.878503892587997
30.878503892587997
30.878503892587997
30.878503892587997
30.878503892587997
30.878503892587997
30.878503892587997
30.878503892587997
30.878503892587997
30.878503892587997
30.878503892587997
30.878503892587997
30.878503892587997
30.878503892587997
30.878503892587997
30.878503892587997
30.878503892587997
30.878503892587997
30.878503892587997
30.878503892587997
30.878503892587997
30.878503892587997
30.878503892587997
30.878503892587997
30.878503892587997
30.878503892587997
30.878503892587997
30.878503892587997
30.878503892587997
30.878503892587997
30.878503892587997
30.878503892587997
30.878503892587997
30.878503892587997
30.878503892587997
30.878503892587997
30.878503892587997
30.878503892587997
30.878503892587997
30.878503892587997
30.878503892587997
30.878503892587997
30.878503892587997
30.878503892587997
30.878503892587997
30.878503892587997
30.878503892587997
30.878503892587997
30.878503892587997
30.878503892587997
30.878503892587997
30.878503892587997
30.878503892587997
30.878503892587997
30.878503892587997
30.878503892587997
30.878503892587997
30.878503892587997
30.878503892587997
30.878503892587997
30.878503892587997
30.878503892587997
30.878503892587997
30.878503892587997
30.878503892587997
30.878503892587997
30.878503892587997
30.878503892587997
30.878503892587997
30.878503892587997
30.878503892587997
30.878503892587997
30.878503892587997
30.878503892587997
30.878503892587997
30.878503892587997
30.878503892587997
30.878503892587997
30.878503892587997
30.878503892587997
30.878503892587997
30.878503892587997
30.878503892587997
30.878503892587997
34.66419886561484
30.878503892587997
30.878503892587997
30.878503892587997
30.878503892587997
30.878503892587997
30.878503892587997
30.878503892587997
30.878503892587997
30.878503892587997
30.878503892587997
30.878503892587997
30.878503892587997
30.878503892587997
30.878503892587997
30.878503892587997
30.878503892587997
30.878503892587997
30.878503892587997
30.878503892587997
30.878503892587997
30.878503892587997
30.878503892587997
30.878503892587997
30.878503892587997
30.878503892587997
30.878503892587997
30.878503892587997
30.878503892587997
30.878503892587997
30.878503892587997
30.878503892587997
30.878503892587997
30.878503892587997
30.878503892587997
30.878503892587997
30.878503892587997
30.878503892587997
30.878503892587997
30.878503892587997
30.878503892587997
30.878503892587997
30.878503892587997
30.878503892587997
30.878503892587997
30.878503892587997
30.878503892587997
30.878503892587997
30.878503892587997
30.878503892587997
30.878503892587997
30.878503892587997
30.878503892587997
30.878503892587997
30.878503892587997
30.878503892587997
30.878503892587997
30.878503892587997
30.878503892587997
30.878503892587997
30.878503892587997
30.878503892587997
30.878503892587997
30.878503892587997
30.878503892587997
30.878503892587997
30.878503892587997
30.878503892587997
30.878503892587997
30.878503892587997
30.878503892587997
30.878503892587997
30.878503892587997
30.878503892587997
30.878503892587997
30.878503892587997
30.878503892587997
30.878503892587997
30.878503892587997
30.878503892587997
30.878503892587997
30.878503892587997
30.878503892587997
30.878503892587997
30.878503892587997
30.878503892587997
30.878503892587997
36.099309673166104
30.878503892587997
30.878503892587997
30.878503892587997
30.878503892587997
30.878503892587997
30.878503892587997
30.878503892587997
30.878503892587997
30.878503892587997
30.878503892587997
30.878503892587997
30.878503892587997
30.878503892587997
30.878503892587997
30.878503892587997
30.878503892587997
30.878503892587997
30.878503892587997
30.878503892587997
30.878503892587997
30.878503892587997
30.878503892587997
30.878503892587997
30.878503892587997
30.878503892587997
30.878503892587997
30.878503892587997
30.878503892587997
30.878503892587997
30.878503892587997
30.878503892587997
30.878503892587997
30.878503892587997
30.878503892587997
30.878503892587997
30.878503892587997
30.878503892587997
30.878503892587997
30.878503892587997
30.878503892587997
30.878503892587997
30.878503892587997
30.878503892587997
30.878503892587997
30.878503892587997
30.878503892587997
30.878503892587997
30.878503892587997
30.878503892587997
30.878503892587997
30.878503892587997
30.878503892587997
30.878503892587997
30.878503892587997
30.878503892587997
30.878503892587997
30.878503892587997
30.878503892587997
30.878503892587997
30.878503892587997
30.878503892587997
30.878503892587997
30.878503892587997
30.878503892587997
30.878503892587997
30.878503892587997
30.878503892587997
30.878503892587997
30.878503892587997
30.878503892587997
30.878503892587997
30.878503892587997
30.878503892587997
30.878503892587997
30.878503892587997
30.878503892587997
30.878503892587997
30.878503892587997
30.878503892587997
30.878503892587997
30.878503892587997
30.878503892587997
30.878503892587997
30.878503892587997
30.878503892587997
30.878503892587997
30.878503892587997
30.878503892587997
30.878503892587997
30.878503892587997
30.878503892587997
30.878503892587997
30.878503892587997
30.878503892587997
30.878503892587997
30.878503892587997
30.878503892587997
30.878503892587997
30.878503892587997
30.878503892587997
30.878503892587997
30.878503892587997
30.878503892587997
30.878503892587997
30.878503892587997
30.878503892587997
30.878503892587997
30.878503892587997
30.878503892587997
30.878503892587997
30.878503892587997
30.878503892587997
30.878503892587997
30.878503892587997
30.878503892587997
30.878503892587997
30.878503892587997
30.878503892587997
30.878503892587997
30.878503892587997
30.878503892587997
30.878503892587997
30.878503892587997
30.878503892587997
30.878503892587997
30.878503892587997
30.878503892587997
30.878503892587997
30.878503892587997
30.878503892587997
30.878503892587997
30.878503892587997
30.878503892587997
30.878503892587997
30.878503892587997
30.878503892587997
30.878503892587997
30.878503892587997
30.878503892587997
30.878503892587997
30.878503892587997
30.878503892587997
30.878503892587997
30.878503892587997
30.878503892587997
30.878503892587997
30.878503892587997
30.878503892587997
30.878503892587997
30.878503892587997
30.878503892587997
30.878503892587997
30.878503892587997
30.878503892587997
30.878503892587997
30.878503892587997
30.878503892587997
30.878503892587997
30.878503892587997
30.878503892587997
30.878503892587997
30.878503892587997
30.878503892587997
30.878503892587997
30.878503892587997
30.878503892587997
30.878503892587997
30.878503892587997
30.878503892587997
30.878503892587997
30.878503892587997
30.878503892587997
30.878503892587997
30.878503892587997
30.878503892587997
30.878503892587997
30.878503892587997
30.878503892587997
30.878503892587997
30.878503892587997
30.878503892587997
30.878503892587997
30.878503892587997
30.878503892587997
30.878503892587997
30.878503892587997
30.878503892587997
30.878503892587997
30.878503892587997
30.878503892587997
30.878503892587997
30.878503892587997
30.878503892587997
30.878503892587997
30.878503892587997
30.878503892587997
30.878503892587997
30.878503892587997
30.878503892587997
30.878503892587997
30.878503892587997
30.878503892587997
30.878503892587997
30.878503892587997
30.878503892587997
30.878503892587997
30.878503892587997
30.878503892587997
30.878503892587997
30.878503892587997
30.878503892587997
30.878503892587997
30.878503892587997
30.878503892587997
30.878503892587997
30.878503892587997
30.878503892587997
30.878503892587997
30.878503892587997
30.878503892587997
30.878503892587997
30.878503892587997
30.878503892587997
30.878503892587997
30.878503892587997
30.878503892587997
30.878503892587997
30.878503892587997
30.878503892587997
30.878503892587997
30.878503892587997
30.878503892587997
30.878503892587997
30.878503892587997
30.878503892587997
30.878503892587997
30.878503892587997
30.878503892587997
30.878503892587997
30.878503892587997
30.878503892587997
30.878503892587997
30.878503892587997
30.878503892587997
30.878503892587997
30.878503892587997
30.878503892587997
30.878503892587997
30.878503892587997
30.878503892587997
30.878503892587997
30.878503892587997
30.878503892587997
30.878503892587997
30.878503892587997
30.878503892587997
30.878503892587997
30.878503892587997
30.878503892587997
30.878503892587997
30.878503892587997
30.878503892587997
30.878503892587997
30.878503892587997
30.878503892587997
30.878503892587997
30.878503892587997
30.878503892587997
30.878503892587997
30.878503892587997
30.878503892587997
30.878503892587997
30.878503892587997
30.878503892587997
30.878503892587997
30.878503892587997
30.878503892587997
30.878503892587997
30.878503892587997
30.878503892587997
30.878503892587997
30.878503892587997
30.878503892587997
30.878503892587997
30.878503892587997
30.878503892587997
30.878503892587997
30.878503892587997
30.878503892587997
30.878503892587997
30.878503892587997
30.878503892587997
30.878503892587997
30.878503892587997
30.878503892587997
30.878503892587997
30.878503892587997
30.878503892587997
30.878503892587997
30.878503892587997
30.878503892587997
30.878503892587997
30.878503892587997
30.878503892587997
30.878503892587997
30.878503892587997
30.878503892587997
30.878503892587997
30.878503892587997
30.878503892587997
30.878503892587997
30.878503892587997
30.878503892587997
30.878503892587997
30.878503892587997
30.878503892587997
30.878503892587997
30.878503892587997
30.878503892587997
30.878503892587997
30.878503892587997
30.878503892587997
30.878503892587997
30.878503892587997
30.878503892587997
30.878503892587997
30.878503892587997
30.878503892587997
30.878503892587997
30.878503892587997
30.878503892587997
30.878503892587997
30.878503892587997
30.878503892587997
30.878503892587997
30.878503892587997
30.878503892587997
30.878503892587997
30.878503892587997
30.878503892587997
30.878503892587997
30.878503892587997
30.878503892587997
30.878503892587997
30.878503892587997
30.878503892587997
30.878503892587997
30.878503892587997
30.878503892587997
30.878503892587997
30.878503892587997
30.878503892587997
30.878503892587997
30.878503892587997
30.878503892587997
30.878503892587997
30.878503892587997
30.878503892587997
30.878503892587997
30.878503892587997
30.878503892587997
30.878503892587997
30.878503892587997
30.878503892587997
30.878503892587997
30.878503892587997
30.878503892587997
30.878503892587997
30.878503892587997
30.878503892587997
30.878503892587997
30.878503892587997
30.878503892587997
30.878503892587997
30.878503892587997
30.878503892587997
30.878503892587997
30.878503892587997
30.878503892587997
30.878503892587997
30.878503892587997
30.878503892587997
30.878503892587997
30.878503892587997
30.878503892587997
30.878503892587997
30.878503892587997
30.878503892587997
30.878503892587997
30.878503892587997
30.878503892587997
30.878503892587997
30.878503892587997
30.878503892587997
30.878503892587997
30.878503892587997
30.878503892587997
30.878503892587997
30.878503892587997
30.878503892587997
30.878503892587997
30.878503892587997
30.878503892587997
30.878503892587997
30.878503892587997
30.878503892587997
30.878503892587997
30.878503892587997
30.878503892587997
30.878503892587997
30.878503892587997
30.878503892587997
30.878503892587997
30.878503892587997
30.878503892587997
30.878503892587997
30.878503892587997
30.878503892587997
30.878503892587997
30.878503892587997
30.878503892587997
30.878503892587997
30.878503892587997
30.878503892587997
30.878503892587997
30.878503892587997
30.878503892587997
30.878503892587997
30.878503892587997
30.878503892587997
30.878503892587997
30.878503892587997
30.878503892587997
30.878503892587997
30.878503892587997
30.878503892587997
30.878503892587997
30.878503892587997
30.878503892587997
30.878503892587997
30.878503892587997
30.878503892587997
30.878503892587997
30.878503892587997
30.878503892587997
30.878503892587997
30.878503892587997
30.878503892587997
30.878503892587997
30.878503892587997
30.878503892587997
30.878503892587997
30.878503892587997
30.878503892587997
30.878503892587997
30.878503892587997
30.878503892587997
30.878503892587997
30.878503892587997
30.878503892587997
30.878503892587997
30.878503892587997
30.878503892587997
31.48501276665801
30.878503892587997
30.878503892587997
30.878503892587997
30.878503892587997
30.878503892587997
30.878503892587997
30.878503892587997
30.878503892587997
30.878503892587997
30.878503892587997
30.878503892587997
30.878503892587997
30.878503892587997
30.878503892587997
30.878503892587997
30.878503892587997
30.878503892587997
30.878503892587997
30.878503892587997
30.878503892587997
30.878503892587997
30.878503892587997
30.878503892587997
30.878503892587997
30.878503892587997
30.878503892587997
30.878503892587997
30.878503892587997
30.878503892587997
30.878503892587997
30.878503892587997
30.878503892587997
30.878503892587997
30.878503892587997
30.878503892587997
30.878503892587997
30.878503892587997
30.878503892587997
30.878503892587997
30.878503892587997
30.878503892587997
30.878503892587997
30.878503892587997
30.878503892587997
30.878503892587997
30.878503892587997
30.878503892587997
30.878503892587997
30.878503892587997
30.878503892587997
30.878503892587997
30.878503892587997
30.878503892587997
30.878503892587997
30.878503892587997
30.878503892587997
30.878503892587997
30.878503892587997
30.878503892587997
30.878503892587997
30.878503892587997
30.878503892587997
30.878503892587997
30.878503892587997
30.878503892587997
30.878503892587997
30.878503892587997
30.878503892587997
30.878503892587997
30.878503892587997
30.878503892587997
30.878503892587997
30.878503892587997
30.878503892587997
30.878503892587997
30.878503892587997
30.878503892587997
30.878503892587997
30.878503892587997
30.878503892587997
30.878503892587997
30.878503892587997
30.878503892587997
30.878503892587997
30.878503892587997
30.878503892587997
30.878503892587997
30.878503892587997
30.878503892587997
30.878503892587997
30.878503892587997
30.878503892587997
30.878503892587997
30.878503892587997
30.878503892587997
30.878503892587997
30.878503892587997
30.878503892587997
30.878503892587997
30.878503892587997
30.878503892587997
30.878503892587997
30.878503892587997
30.878503892587997
30.878503892587997
30.878503892587997
30.878503892587997
30.878503892587997
30.878503892587997
30.878503892587997
30.878503892587997
30.878503892587997
30.878503892587997
30.878503892587997
30.878503892587997
30.878503892587997
30.878503892587997
30.878503892587997
30.878503892587997
30.878503892587997
30.878503892587997
30.878503892587997
30.878503892587997
30.878503892587997
30.878503892587997
30.878503892587997
30.878503892587997
30.878503892587997
30.878503892587997
30.878503892587997
30.878503892587997
30.878503892587997
30.878503892587997
30.878503892587997
30.878503892587997
30.878503892587997
30.878503892587997
30.878503892587997
30.878503892587997
30.878503892587997
30.878503892587997
30.878503892587997
30.878503892587997
30.878503892587997
30.878503892587997
30.878503892587997
30.878503892587997
30.878503892587997
30.878503892587997
30.878503892587997
30.878503892587997
30.878503892587997
30.878503892587997
30.878503892587997
30.878503892587997
30.878503892587997
30.878503892587997
30.878503892587997
30.878503892587997
30.878503892587997
30.878503892587997
30.878503892587997
30.878503892587997
30.878503892587997
30.878503892587997
30.878503892587997
30.878503892587997
30.878503892587997
30.878503892587997
30.878503892587997
30.878503892587997
30.878503892587997
30.878503892587997
30.878503892587997
30.878503892587997
30.878503892587997
30.878503892587997
30.878503892587997
30.878503892587997
30.878503892587997
30.878503892587997
30.878503892587997
30.878503892587997
30.878503892587997
30.878503892587997
30.878503892587997
30.878503892587997
30.878503892587997
30.878503892587997
30.878503892587997
30.878503892587997
30.878503892587997
30.878503892587997
30.878503892587997
30.878503892587997
30.878503892587997
30.878503892587997
30.878503892587997
30.878503892587997
30.878503892587997
30.878503892587997
30.878503892587997
30.878503892587997
30.878503892587997
30.878503892587997
30.878503892587997
30.878503892587997
30.878503892587997
30.878503892587997
30.878503892587997
30.878503892587997
30.878503892587997
30.878503892587997
30.878503892587997
30.878503892587997
30.878503892587997
30.878503892587997
30.878503892587997
30.878503892587997
30.878503892587997
30.878503892587997
30.878503892587997
30.878503892587997
30.878503892587997
30.878503892587997
30.878503892587997
30.878503892587997
30.878503892587997
30.878503892587997
30.878503892587997
30.878503892587997
30.878503892587997
30.878503892587997
30.878503892587997
30.878503892587997
30.878503892587997
30.878503892587997
30.878503892587997
30.878503892587997
30.878503892587997
30.878503892587997
30.878503892587997
30.878503892587997
30.878503892587997
30.878503892587997
30.878503892587997
30.878503892587997
30.878503892587997
30.878503892587997
30.878503892587997
30.878503892587997
30.878503892587997
30.878503892587997
30.878503892587997
30.878503892587997
30.878503892587997
30.878503892587997
30.878503892587997
30.878503892587997
30.878503892587997
30.878503892587997
30.878503892587997
30.878503892587997
30.878503892587997
30.878503892587997
30.878503892587997
30.878503892587997
30.878503892587997
30.878503892587997
30.878503892587997
30.878503892587997
30.878503892587997
30.878503892587997
30.878503892587997
30.878503892587997
30.878503892587997
30.878503892587997
30.878503892587997
30.878503892587997
30.878503892587997
30.878503892587997
30.878503892587997
30.878503892587997
30.878503892587997
30.878503892587997
30.878503892587997
30.878503892587997
30.878503892587997
30.878503892587997
30.878503892587997
30.878503892587997
30.878503892587997
30.878503892587997
30.878503892587997
30.878503892587997
30.878503892587997
30.878503892587997
30.878503892587997
30.878503892587997
30.878503892587997
30.878503892587997
30.878503892587997
30.878503892587997
30.878503892587997
30.878503892587997
30.878503892587997
30.878503892587997
30.878503892587997
30.878503892587997
30.878503892587997
30.878503892587997
30.878503892587997
30.878503892587997
30.878503892587997
30.878503892587997
30.878503892587997
30.878503892587997
30.878503892587997
30.878503892587997
30.878503892587997
30.878503892587997
30.878503892587997
30.878503892587997
30.878503892587997
30.878503892587997
30.878503892587997
30.878503892587997
30.878503892587997
30.878503892587997
30.878503892587997
30.878503892587997
30.878503892587997
30.878503892587997
30.878503892587997
30.878503892587997
30.878503892587997
30.878503892587997
30.878503892587997
30.878503892587997
30.878503892587997
30.878503892587997
30.878503892587997
30.878503892587997
30.878503892587997
30.878503892587997
30.878503892587997
30.878503892587997
30.878503892587997
30.878503892587997
30.878503892587997
30.878503892587997
30.878503892587997
30.878503892587997
30.878503892587997
30.878503892587997
30.878503892587997
30.878503892587997
30.878503892587997
30.878503892587997
30.878503892587997
30.878503892587997
30.878503892587997
30.878503892587997
30.878503892587997
30.878503892587997
30.878503892587997
30.878503892587997
30.878503892587997
30.878503892587997
30.878503892587997
30.878503892587997
30.878503892587997
30.878503892587997
30.878503892587997
30.878503892587997
30.878503892587997
30.878503892587997
30.878503892587997
30.878503892587997
30.878503892587997
30.878503892587997
30.878503892587997
30.878503892587997
30.878503892587997
30.878503892587997
30.878503892587997
30.878503892587997
30.878503892587997
30.878503892587997
30.878503892587997
30.878503892587997
30.878503892587997
30.878503892587997
30.878503892587997
30.878503892587997
30.878503892587997
30.878503892587997
30.878503892587997
30.878503892587997
30.878503892587997
30.878503892587997
30.878503892587997
30.878503892587997
30.878503892587997
30.878503892587997
30.878503892587997
30.878503892587997
30.878503892587997
30.878503892587997
30.878503892587997
30.878503892587997
30.878503892587997
30.878503892587997
30.878503892587997
30.878503892587997
30.878503892587997
30.878503892587997
30.878503892587997
30.878503892587997
30.878503892587997
30.878503892587997
30.878503892587997
30.878503892587997
30.878503892587997
30.878503892587997
30.878503892587997
30.878503892587997
30.878503892587997
30.878503892587997
30.878503892587997
30.878503892587997
30.878503892587997
30.878503892587997
30.878503892587997
30.878503892587997
30.878503892587997
30.878503892587997
30.878503892587997
30.878503892587997
30.878503892587997
30.878503892587997
30.878503892587997
30.878503892587997
30.878503892587997
30.878503892587997
30.878503892587997
30.878503892587997
30.878503892587997
30.878503892587997
30.878503892587997
30.878503892587997
30.878503892587997
30.878503892587997
30.878503892587997
30.878503892587997
30.878503892587997
30.878503892587997
30.878503892587997
30.878503892587997
30.878503892587997
30.878503892587997
30.878503892587997
30.878503892587997
30.878503892587997
30.878503892587997
30.878503892587997
30.878503892587997
30.878503892587997
30.878503892587997
30.878503892587997
30.878503892587997
30.878503892587997
30.878503892587997
30.878503892587997
30.878503892587997
30.878503892587997
30.878503892587997
30.878503892587997
30.878503892587997
30.878503892587997
30.878503892587997
30.878503892587997
30.878503892587997
30.878503892587997
30.878503892587997
30.878503892587997
30.878503892587997
30.878503892587997
30.878503892587997
30.878503892587997
30.878503892587997
30.878503892587997
30.878503892587997
30.878503892587997
30.878503892587997
30.878503892587997
30.878503892587997
30.878503892587997
30.878503892587997
30.878503892587997
30.878503892587997
30.878503892587997
30.878503892587997
30.878503892587997
30.878503892587997
30.878503892587997
30.878503892587997
30.878503892587997
30.878503892587997
30.878503892587997
30.878503892587997
30.878503892587997
30.878503892587997
30.878503892587997
30.878503892587997
30.878503892587997
30.878503892587997
30.878503892587997
30.878503892587997
30.878503892587997
30.878503892587997
30.878503892587997
30.878503892587997
30.878503892587997
30.878503892587997
30.878503892587997
30.878503892587997
30.878503892587997
30.878503892587997
30.878503892587997
30.878503892587997
30.878503892587997
30.878503892587997
30.878503892587997
30.878503892587997
30.878503892587997
30.878503892587997
30.878503892587997
30.878503892587997
30.878503892587997
30.878503892587997
30.878503892587997
30.878503892587997
30.878503892587997
30.878503892587997
30.878503892587997
30.878503892587997
30.878503892587997
30.878503892587997
30.878503892587997
30.878503892587997
30.878503892587997
30.878503892587997
30.878503892587997
30.878503892587997
30.878503892587997
30.878503892587997
30.878503892587997
30.878503892587997
30.878503892587997
30.878503892587997
30.878503892587997
30.878503892587997
30.878503892587997
30.878503892587997
30.878503892587997
30.878503892587997
30.878503892587997
30.878503892587997
30.878503892587997
30.878503892587997
30.878503892587997
30.878503892587997
30.878503892587997
30.878503892587997
30.878503892587997
30.878503892587997
30.878503892587997
30.878503892587997
30.878503892587997
30.878503892587997
30.878503892587997
30.878503892587997
30.878503892587997
30.878503892587997
30.878503892587997
30.878503892587997
30.878503892587997
30.878503892587997
30.878503892587997
30.878503892587997
30.878503892587997
30.878503892587997
30.878503892587997
30.878503892587997
30.878503892587997
30.878503892587997
30.878503892587997
30.878503892587997
30.878503892587997
30.878503892587997
30.878503892587997
30.878503892587997
30.878503892587997
30.878503892587997
30.878503892587997
30.878503892587997
30.878503892587997
30.878503892587997
30.878503892587997
30.878503892587997
30.878503892587997
30.878503892587997
30.878503892587997
30.878503892587997
30.878503892587997
30.878503892587997
30.878503892587997
30.878503892587997
30.878503892587997
30.878503892587997
30.878503892587997
30.878503892587997
30.878503892587997
30.878503892587997
30.878503892587997
30.878503892587997
30.878503892587997
30.878503892587997
30.878503892587997
30.878503892587997
30.878503892587997
30.878503892587997
30.878503892587997
30.878503892587997
30.878503892587997
30.878503892587997
30.878503892587997
30.878503892587997
30.878503892587997
30.878503892587997
30.878503892587997
30.878503892587997
30.878503892587997
30.878503892587997
30.878503892587997
30.878503892587997
30.878503892587997
30.878503892587997
30.878503892587997
30.878503892587997
30.878503892587997
30.878503892587997
30.878503892587997
30.878503892587997
30.878503892587997
30.878503892587997
30.878503892587997
30.878503892587997
30.878503892587997
30.878503892587997
30.878503892587997
30.878503892587997
30.878503892587997
30.878503892587997
30.878503892587997
30.878503892587997
30.878503892587997
30.878503892587997
30.878503892587997
30.878503892587997
30.878503892587997
30.878503892587997
30.878503892587997
30.878503892587997
30.878503892587997
30.878503892587997
30.878503892587997
30.878503892587997
30.878503892587997
30.878503892587997
30.878503892587997
30.878503892587997
30.878503892587997
30.878503892587997
30.878503892587997
30.878503892587997
30.878503892587997
30.878503892587997
30.878503892587997
30.878503892587997
30.878503892587997
30.878503892587997
30.878503892587997
30.878503892587997
30.878503892587997
30.878503892587997
30.878503892587997
30.878503892587997
30.878503892587997
30.878503892587997
30.878503892587997
30.878503892587997
30.878503892587997
30.878503892587997
30.878503892587997
30.878503892587997
30.878503892587997
30.878503892587997
30.878503892587997
30.878503892587997
30.878503892587997
30.878503892587997
30.878503892587997
30.878503892587997
30.878503892587997
30.878503892587997
30.878503892587997
30.878503892587997
30.878503892587997
30.878503892587997
30.878503892587997
30.878503892587997
30.878503892587997
30.878503892587997
30.878503892587997
30.878503892587997
30.878503892587997
30.878503892587997
30.878503892587997
30.878503892587997
30.878503892587997
30.878503892587997
30.878503892587997
30.878503892587997
30.878503892587997
30.878503892587997
30.878503892587997
30.878503892587997
30.878503892587997
30.878503892587997
30.878503892587997
30.878503892587997
30.878503892587997
30.878503892587997
30.878503892587997
30.878503892587997
30.878503892587997
30.878503892587997
30.878503892587997
30.878503892587997
30.878503892587997
30.878503892587997
30.878503892587997
30.878503892587997
30.878503892587997
30.878503892587997
30.878503892587997
30.878503892587997
30.878503892587997
30.878503892587997
30.878503892587997
30.878503892587997
30.878503892587997
30.878503892587997
30.878503892587997
30.878503892587997
30.878503892587997
30.878503892587997
30.878503892587997
30.878503892587997
30.878503892587997
30.878503892587997
30.878503892587997
30.878503892587997
30.878503892587997
30.878503892587997
30.878503892587997
30.878503892587997
30.878503892587997
30.878503892587997
30.878503892587997
30.878503892587997
30.878503892587997
30.878503892587997
30.878503892587997
30.878503892587997
30.878503892587997
30.878503892587997
30.878503892587997
30.878503892587997
30.878503892587997
30.878503892587997
30.878503892587997
30.878503892587997
30.878503892587997
30.878503892587997
30.878503892587997
30.878503892587997
30.878503892587997
30.878503892587997
30.878503892587997
30.878503892587997
30.878503892587997
30.878503892587997
30.878503892587997
30.878503892587997
30.878503892587997
30.878503892587997
30.878503892587997
30.878503892587997
30.878503892587997
30.878503892587997
30.878503892587997
30.878503892587997
30.878503892587997
30.878503892587997
30.878503892587997
30.878503892587997
30.878503892587997
30.878503892587997
30.878503892587997
30.878503892587997
30.878503892587997
30.878503892587997
30.878503892587997
30.878503892587997
30.878503892587997
30.878503892587997
30.878503892587997
30.878503892587997
30.878503892587997
30.878503892587997
30.878503892587997
30.878503892587997
30.878503892587997
30.878503892587997
30.878503892587997
30.878503892587997
30.878503892587997
30.878503892587997
30.878503892587997
30.878503892587997
30.878503892587997
30.878503892587997
30.878503892587997
30.878503892587997
30.878503892587997
30.878503892587997
30.878503892587997
30.878503892587997
30.878503892587997
30.878503892587997
30.878503892587997
30.878503892587997
30.878503892587997
30.878503892587997
30.878503892587997
30.878503892587997
30.878503892587997
30.878503892587997
30.878503892587997
30.878503892587997
30.878503892587997
30.878503892587997
30.878503892587997
30.878503892587997
30.878503892587997
30.878503892587997
30.878503892587997
30.878503892587997
30.878503892587997
30.878503892587997
30.878503892587997
30.878503892587997
30.878503892587997
30.878503892587997
30.878503892587997
30.878503892587997
30.878503892587997
30.878503892587997
30.878503892587997
30.878503892587997
30.878503892587997
30.878503892587997
30.878503892587997
30.878503892587997
30.878503892587997
30.878503892587997
30.878503892587997
30.878503892587997
30.878503892587997
30.878503892587997
30.878503892587997
30.878503892587997
30.878503892587997
30.878503892587997
30.878503892587997
30.878503892587997
30.878503892587997
30.878503892587997
30.878503892587997
30.878503892587997
30.878503892587997
30.878503892587997
30.878503892587997
30.878503892587997
30.878503892587997
30.878503892587997
30.878503892587997
30.878503892587997
30.878503892587997
30.878503892587997
30.878503892587997
30.878503892587997
30.878503892587997
30.878503892587997
30.878503892587997
30.878503892587997
30.878503892587997
30.878503892587997
30.878503892587997
30.878503892587997
30.878503892587997
30.878503892587997
30.878503892587997
30.878503892587997
30.878503892587997
30.878503892587997
30.878503892587997
30.878503892587997
30.878503892587997
30.878503892587997
30.878503892587997
30.878503892587997
30.878503892587997
30.878503892587997
30.878503892587997
30.878503892587997
30.878503892587997
30.878503892587997
30.878503892587997
30.878503892587997
30.878503892587997
30.878503892587997
30.878503892587997
30.878503892587997
30.878503892587997
30.878503892587997
30.878503892587997
30.878503892587997
30.878503892587997
30.878503892587997
30.878503892587997
30.878503892587997
30.878503892587997
30.878503892587997
30.878503892587997
30.878503892587997
30.878503892587997
30.878503892587997
30.878503892587997
30.878503892587997
30.878503892587997
30.878503892587997
30.878503892587997
30.878503892587997
30.878503892587997
30.878503892587997
30.878503892587997
30.878503892587997
30.878503892587997
30.878503892587997
30.878503892587997
30.878503892587997
30.878503892587997
30.878503892587997
30.878503892587997
30.878503892587997
30.878503892587997
30.878503892587997
30.878503892587997
30.878503892587997
30.878503892587997
30.878503892587997
30.878503892587997
30.878503892587997
30.878503892587997
30.878503892587997
30.878503892587997
30.878503892587997
30.878503892587997
30.878503892587997
30.878503892587997
30.878503892587997
30.878503892587997
30.878503892587997
30.878503892587997
30.878503892587997
30.878503892587997
30.878503892587997
30.878503892587997
30.878503892587997
30.878503892587997
30.878503892587997
30.878503892587997
30.878503892587997
30.878503892587997
30.878503892587997
30.878503892587997
30.878503892587997
30.878503892587997
30.878503892587997
30.878503892587997
31.453620201330807
30.878503892587997
30.878503892587997
30.878503892587997
30.878503892587997
30.878503892587997
30.878503892587997
30.878503892587997
30.878503892587997
30.878503892587997
30.878503892587997
30.878503892587997
30.878503892587997
30.878503892587997
30.878503892587997
30.878503892587997
30.878503892587997
30.878503892587997
30.878503892587997
30.878503892587997
30.878503892587997
30.878503892587997
30.878503892587997
30.878503892587997
30.878503892587997
30.878503892587997
30.878503892587997
30.878503892587997
30.878503892587997
30.878503892587997
30.878503892587997
30.878503892587997
30.878503892587997
30.878503892587997
30.878503892587997
30.878503892587997
30.878503892587997
30.878503892587997
30.878503892587997
30.878503892587997
30.878503892587997
30.878503892587997
30.878503892587997
30.878503892587997
30.878503892587997
30.878503892587997
30.878503892587997
30.878503892587997
30.878503892587997
30.878503892587997
30.878503892587997
30.878503892587997
30.878503892587997
30.878503892587997
30.878503892587997
30.878503892587997
30.878503892587997
30.878503892587997
30.878503892587997
30.878503892587997
30.878503892587997
30.878503892587997
30.878503892587997
30.878503892587997
30.878503892587997
30.878503892587997
30.878503892587997
30.878503892587997
30.878503892587997
30.878503892587997
30.878503892587997
30.878503892587997
30.878503892587997
30.878503892587997
30.878503892587997
30.878503892587997
30.878503892587997
30.878503892587997
30.878503892587997
30.878503892587997
30.878503892587997
30.878503892587997
30.878503892587997
30.878503892587997
30.878503892587997
30.878503892587997
30.878503892587997
30.878503892587997
30.878503892587997
30.878503892587997
30.878503892587997
30.878503892587997
30.878503892587997
30.878503892587997
30.878503892587997
30.878503892587997
30.878503892587997
30.878503892587997
30.878503892587997
30.878503892587997
30.878503892587997
30.878503892587997
30.878503892587997
30.878503892587997
30.878503892587997
30.878503892587997
30.878503892587997
30.878503892587997
30.878503892587997
30.878503892587997
30.878503892587997
30.878503892587997
30.878503892587997
30.878503892587997
30.878503892587997
30.878503892587997
30.878503892587997
30.878503892587997
30.878503892587997
30.878503892587997
30.878503892587997
30.878503892587997
30.878503892587997
30.878503892587997
30.878503892587997
30.878503892587997
30.878503892587997
30.878503892587997
30.878503892587997
30.878503892587997
30.878503892587997
30.878503892587997
30.878503892587997
30.878503892587997
30.878503892587997
30.878503892587997
30.878503892587997
30.878503892587997
30.878503892587997
30.878503892587997
30.878503892587997
30.878503892587997
30.878503892587997
30.878503892587997
30.878503892587997
30.878503892587997
30.878503892587997
30.878503892587997
30.878503892587997
30.878503892587997
30.878503892587997
30.878503892587997
30.878503892587997
30.878503892587997
30.878503892587997
30.878503892587997
30.878503892587997
30.878503892587997
30.878503892587997
30.878503892587997
30.878503892587997
30.878503892587997
30.878503892587997
30.878503892587997
30.878503892587997
30.878503892587997
30.878503892587997
30.878503892587997
30.878503892587997
30.878503892587997
30.878503892587997
30.878503892587997
30.878503892587997
30.878503892587997
30.878503892587997
30.878503892587997
30.878503892587997
30.878503892587997
30.878503892587997
30.878503892587997
30.878503892587997
30.878503892587997
30.878503892587997
30.878503892587997
30.878503892587997
30.878503892587997
30.878503892587997
30.878503892587997
30.878503892587997
30.878503892587997
30.878503892587997
30.878503892587997
30.878503892587997
30.878503892587997
30.878503892587997
30.878503892587997
30.878503892587997
30.878503892587997
30.878503892587997
30.878503892587997
30.878503892587997
30.878503892587997
30.878503892587997
30.878503892587997
30.878503892587997
30.878503892587997
30.878503892587997
30.878503892587997
30.878503892587997
30.878503892587997
30.878503892587997
30.878503892587997
30.878503892587997
30.878503892587997
30.878503892587997
30.878503892587997
30.878503892587997
30.878503892587997
30.878503892587997
30.878503892587997
30.878503892587997
30.878503892587997
30.878503892587997
30.878503892587997
30.878503892587997
30.878503892587997
30.878503892587997
30.878503892587997
30.878503892587997
30.878503892587997
30.878503892587997
30.878503892587997
30.878503892587997
30.878503892587997
30.878503892587997
30.878503892587997
30.878503892587997
30.878503892587997
30.878503892587997
30.878503892587997
30.878503892587997
30.878503892587997
30.878503892587997
30.878503892587997
30.878503892587997
30.878503892587997
30.878503892587997
30.878503892587997
30.878503892587997
30.878503892587997
30.878503892587997
30.878503892587997
30.878503892587997
30.878503892587997
30.878503892587997
30.878503892587997
30.878503892587997
30.878503892587997
30.878503892587997
30.878503892587997
30.878503892587997
30.878503892587997
30.878503892587997
30.878503892587997
30.878503892587997
30.878503892587997
30.878503892587997
30.878503892587997
30.878503892587997
30.878503892587997
30.878503892587997
30.878503892587997
30.878503892587997
30.878503892587997
30.878503892587997
30.878503892587997
30.878503892587997
30.878503892587997
30.878503892587997
30.878503892587997
30.878503892587997
30.878503892587997
30.878503892587997
30.878503892587997
30.878503892587997
30.878503892587997
30.878503892587997
30.878503892587997
30.878503892587997
30.878503892587997
30.878503892587997
30.878503892587997
30.878503892587997
30.878503892587997
30.878503892587997
30.878503892587997
30.878503892587997
30.878503892587997
30.878503892587997
30.878503892587997
30.878503892587997
30.878503892587997
30.878503892587997
30.878503892587997
30.878503892587997
30.878503892587997
30.878503892587997
30.878503892587997
30.878503892587997
30.878503892587997
30.878503892587997
30.878503892587997
30.878503892587997
30.878503892587997
30.878503892587997
30.878503892587997
30.878503892587997
30.878503892587997
30.878503892587997
30.878503892587997
30.878503892587997
30.878503892587997
30.878503892587997
30.878503892587997
30.878503892587997
30.878503892587997
30.878503892587997
30.878503892587997
30.878503892587997
30.878503892587997
30.878503892587997
30.878503892587997
30.878503892587997
30.878503892587997
30.878503892587997
30.878503892587997
30.878503892587997
30.878503892587997
30.878503892587997
30.878503892587997
30.878503892587997
30.878503892587997
30.878503892587997
30.878503892587997
30.878503892587997
30.878503892587997
30.878503892587997
30.878503892587997
30.878503892587997
30.878503892587997
30.878503892587997
30.878503892587997
30.878503892587997
30.878503892587997
30.878503892587997
30.878503892587997
30.878503892587997
30.878503892587997
30.878503892587997
30.878503892587997
30.878503892587997
30.878503892587997
30.878503892587997
30.878503892587997
30.878503892587997
30.878503892587997
30.878503892587997
30.878503892587997
30.878503892587997
30.878503892587997
30.878503892587997
30.878503892587997
30.878503892587997
30.878503892587997
30.878503892587997
30.878503892587997
30.878503892587997
30.878503892587997
30.878503892587997
30.878503892587997
30.878503892587997
30.878503892587997
30.878503892587997
30.878503892587997
30.878503892587997
30.878503892587997
30.878503892587997
30.878503892587997
30.878503892587997
30.878503892587997
30.878503892587997
30.878503892587997
30.878503892587997
30.878503892587997
30.878503892587997
30.878503892587997
30.878503892587997
30.878503892587997
30.878503892587997
30.878503892587997
30.878503892587997
30.878503892587997
30.878503892587997
30.878503892587997
30.878503892587997
30.878503892587997
30.878503892587997
