1.31
17
58.60957349462218
74.17366201968872
59.980768640472775
62.724781100214955
54.06644399318165
53.49001356068776
65.55557415143318
60.63423839538584
67.29532136069018
64.02211425265733
67.15325397259556
69.26178191899868
66.77277353193885
64.58344549729561
51.23578504139901
63.9346222170528
60.62808655863771
45.63692292045287
49.50250940791053
47.1856863276338
48.86554934101707
46.36960728292285
43.23508501408436
41.96123461035194
54.22020788994766
46.19818504161637
53.77082302935723
50.81887502680353
52.84927339839973
41.76212707139102
53.29975226304978
52.17318563409752
45.63692292045287
49.29313395997719
49.3812261888952
39.931255477166864
42.93434951397389
43.87612792727056
40.75280626665
40.00973317257261
41.548650264666904
38.02619241094249
47.739952898305745
41.60885372437237
46.29813354720606
46.87762890681133
44.52415390772268
39.931255477166864
44.116764492161906
39.859355366144925
39.859355366144925
43.06227023843441
45.439980068903004
36.852594796580185
38.11356836674915
43.87612792727056
36.76961092720967
36.055578760337525
40.109476167249305
36.852594796580185
43.65729916527874
38.51817786065196
42.75227842667582
43.496932731026526
41.36351322054787
39.46670697278305
40.04812628637903
39.39480686176111
39.39480686176111
39.178170204288065
41.86362091111542
34.54217446563075
36.49882242831882
36.852594796580185
36.76961092720967
34.54217446563075
39.391588925849824
34.49420775377028
34.54217446563075
34.54217446563075
36.705923417252016
34.54217446563075
34.54217446563075
34.54217446563075
34.54217446563075
39.39480686176111
38.9150906323694
37.325013639635806
34.54217446563075
32.66983993178034
35.90212189231499
34.494207753770276
35.802407551034534
34.494207753770276
34.494207753770276
32.66983993178034
32.669839931780345
32.669839931780345
32.669839931780345
34.100143249966344
34.100143249966344
32.669839931780345
32.669839931780345
38.9150906323694
35.409496715406526
35.47703662442145
34.100143249966344
32.66983993178034
35.56555412794171
32.669839931780345
32.669839931780345
32.669839931780345
32.669839931780345
32.66983993178034
31.22691510942754
31.22691510942754
31.22691510942754
33.52502694122354
32.669839931780345
31.22691510942754
32.669839931780345
32.669839931780345
32.669839931780345
34.98001647552163
32.669839931780345
31.45623383762054
31.226915109427548
31.22691510942754
32.669839931780345
31.22691510942754
31.226915109427548
31.22691510942754
31.22691510942754
31.22691510942754
31.22691510942754
31.45623383762054
31.45623383762054
31.22691510942754
31.45623383762054
31.22691510942754
31.22691510942754
31.45623383762054
31.45623383762054
31.45623383762054
31.226915109427548
31.22691510942754
31.226915109427548
31.22691510942754
31.226915109427548
31.22691510942754
31.22691510942754
31.22691510942754
31.22691510942754
31.45623383762054
31.226915109427548
31.22691510942754
31.226915109427548
31.22691510942754
31.22691510942754
31.45623383762054
31.456233837620537
31.22691510942754
31.22691510942754
31.22691510942754
31.226915109427544
31.22691510942754
31.226915109427548
31.22691510942754
31.22691510942754
31.22691510942754
31.22691510942754
31.226915109427548
31.226915109427548
31.22691510942754
31.22691510942754
31.22691510942754
31.22691510942754
31.22691510942754
31.22691510942754
31.45623383762054
31.22691510942754
31.22691510942754
31.226915109427544
31.22691510942754
31.22691510942754
31.22691510942754
31.22691510942754
31.22691510942754
31.22691510942754
31.226915109427548
31.226915109427548
31.22691510942754
31.22691510942754
31.22691510942754
31.22691510942754
31.22691510942754
31.22691510942754
31.22691510942754
31.22691510942754
31.22691510942754
31.226915109427544
31.22691510942754
31.22691510942754
31.22691510942754
31.22691510942754
31.22691510942754
31.22691510942754
31.226915109427544
31.226915109427548
31.22691510942754
31.22691510942754
31.22691510942754
31.22691510942754
31.22691510942754
31.22691510942754
31.45623383762054
31.22691510942754
31.22691510942754
31.226915109427544
31.22691510942754
31.22691510942754
31.22691510942754
31.22691510942754
31.22691510942754
31.22691510942754
31.226915109427544
31.226915109427544
31.22691510942754
31.22691510942754
31.22691510942754
31.22691510942754
31.22691510942754
31.22691510942754
31.45623383762054
31.22691510942754
31.22691510942754
31.22691510942754
31.22691510942754
31.22691510942754
31.22691510942754
31.22691510942754
31.22691510942754
31.22691510942754
31.226915109427544
31.226915109427544
31.22691510942754
31.22691510942754
31.22691510942754
31.22691510942754
31.22691510942754
31.22691510942754
31.22691510942754
31.22691510942754
31.22691510942754
31.22691510942754
31.22691510942754
31.22691510942754
31.22691510942754
31.22691510942754
31.22691510942754
31.22691510942754
31.226915109427544
31.226915109427544
31.22691510942754
31.22691510942754
31.22691510942754
31.22691510942754
31.22691510942754
31.22691510942754
31.22691510942754
31.22691510942754
31.22691510942754
31.22691510942754
31.22691510942754
31.22691510942754
31.22691510942754
31.22691510942754
31.22691510942754
31.22691510942754
31.226915109427544
31.226915109427544
31.22691510942754
31.22691510942754
31.22691510942754
31.22691510942754
31.22691510942754
31.22691510942754
31.22691510942754
31.22691510942754
31.22691510942754
31.22691510942754
31.22691510942754
31.22691510942754
31.22691510942754
31.22691510942754
31.22691510942754
31.22691510942754
31.226915109427544
31.226915109427544
31.22691510942754
31.22691510942754
31.22691510942754
31.22691510942754
31.22691510942754
31.22691510942754
31.22691510942754
31.22691510942754
31.22691510942754
31.22691510942754
31.22691510942754
31.22691510942754
31.22691510942754
31.22691510942754
31.22691510942754
31.22691510942754
31.226915109427544
31.226915109427544
31.22691510942754
31.22691510942754
31.22691510942754
31.22691510942754
31.22691510942754
31.22691510942754
49.42903975947315
31.22691510942754
31.22691510942754
31.22691510942754
31.22691510942754
31.22691510942754
31.22691510942754
31.22691510942754
31.22691510942754
31.22691510942754
31.226915109427544
31.226915109427544
31.22691510942754
31.22691510942754
31.22691510942754
31.22691510942754
31.22691510942754
31.22691510942754
31.22691510942754
31.22691510942754
31.22691510942754
31.22691510942754
31.22691510942754
31.22691510942754
31.22691510942754
31.22691510942754
31.22691510942754
31.22691510942754
31.226915109427544
31.226915109427544
31.22691510942754
31.22691510942754
31.22691510942754
31.22691510942754
31.22691510942754
31.22691510942754
52.815198364430145
31.22691510942754
31.22691510942754
31.22691510942754
31.22691510942754
31.22691510942754
31.22691510942754
31.22691510942754
31.22691510942754
31.22691510942754
31.226915109427544
31.226915109427544
31.22691510942754
31.22691510942754
31.22691510942754
31.22691510942754
31.22691510942754
31.22691510942754
31.226915109427544
31.22691510942754
31.22691510942754
31.22691510942754
31.22691510942754
31.22691510942754
31.22691510942754
31.22691510942754
31.22691510942754
31.22691510942754
31.226915109427544
31.226915109427544
31.22691510942754
31.22691510942754
31.22691510942754
31.22691510942754
31.22691510942754
31.22691510942754
37.75666495219208
31.22691510942754
31.22691510942754
31.22691510942754
31.22691510942754
31.22691510942754
31.22691510942754
31.22691510942754
31.22691510942754
31.22691510942754
31.226915109427544
31.226915109427544
31.22691510942754
31.22691510942754
31.22691510942754
31.22691510942754
31.22691510942754
31.22691510942754
31.22691510942754
31.22691510942754
31.226915109427537
31.226915109427537
31.226915109427537
31.226915109427537
31.226915109427537
31.22691510942754
31.226915109427537
31.226915109427537
31.226915109427537
31.226915109427537
31.226915109427537
31.226915109427537
31.226915109427537
31.226915109427537
31.22691510942754
31.226915109427537
30.878503892587997
30.878503892587997
30.878503892587997
30.878503892588
30.878503892588
30.878503892588
30.878503892588
31.22691510942754
30.878503892588
30.878503892588
30.878503892588
30.878503892588
30.878503892588
30.878503892588
30.878503892587997
30.878503892588
30.878503892588
30.878503892587997
36.452882808536586
30.878503892587997
30.878503892587997
30.878503892588
30.878503892588
30.878503892588
30.878503892588
31.22691510942754
30.878503892588
30.878503892588
30.878503892588
30.878503892588
30.878503892588
30.878503892588
30.878503892587997
30.878503892588
30.878503892588
30.878503892587997
35.05246452497772
30.878503892587997
30.878503892587997
30.878503892588
30.878503892588
30.878503892588
30.878503892588
31.22691510942754
30.878503892588
30.878503892588
30.878503892588
30.878503892588
30.878503892588
30.878503892588
30.878503892587997
30.878503892588
30.878503892588
30.878503892587997
30.878503892588
30.878503892587997
30.878503892587997
30.878503892588
30.878503892588
30.878503892588
30.878503892588
30.878503892588
30.878503892588
30.878503892588
30.878503892588
30.878503892588
30.878503892588
30.878503892588
30.878503892587997
30.878503892588
30.878503892588
30.878503892587997
30.878503892588
30.878503892587997
30.878503892587997
30.878503892588
30.878503892588
30.878503892588
30.878503892588
30.878503892587997
30.878503892588
30.878503892588
30.878503892588
30.878503892588
30.878503892588
30.878503892588
30.878503892587997
30.878503892588
30.878503892588
30.878503892587997
48.158489634155124
30.878503892587997
30.878503892587997
30.878503892588
30.878503892588
30.878503892588
30.878503892588
30.878503892587997
30.878503892588
30.878503892588
30.878503892588
30.878503892588
30.878503892588
30.878503892588
30.878503892587997
30.878503892588
30.878503892588
30.878503892587997
30.878503892588
30.878503892587997
30.878503892587997
30.878503892588
30.878503892588
30.878503892588
30.878503892588
30.878503892587997
30.878503892588
30.878503892588
30.878503892588
30.878503892588
30.878503892588
30.878503892588
30.878503892587997
30.878503892588
30.878503892588
30.878503892587997
30.878503892588
30.878503892587997
30.878503892587997
30.878503892588
30.878503892588
30.878503892588
30.878503892588
30.878503892587997
30.878503892588
30.878503892588
30.878503892588
30.878503892588
30.878503892588
30.878503892588
30.878503892587997
30.878503892588
30.878503892588
30.878503892587997
30.878503892588
30.878503892587997
30.878503892587997
30.878503892588
30.878503892588
30.878503892588
30.878503892588
30.878503892587997
30.878503892588
30.878503892588
30.878503892588
30.878503892588
30.878503892588
30.878503892588
30.878503892587997
30.878503892588
30.878503892588
30.878503892587997
30.878503892588
30.878503892587997
30.878503892587997
30.878503892588
30.878503892588
30.878503892588
30.878503892588
30.878503892587997
30.878503892588
30.878503892588
30.878503892588
30.878503892588
30.878503892588
30.878503892588
30.878503892587997
30.878503892588
30.878503892588
30.878503892587997
30.878503892588
30.878503892587997
30.878503892587997
30.878503892588
30.878503892588
30.878503892588
30.878503892588
30.878503892587997
30.878503892588
30.878503892588
30.878503892588
30.878503892588
30.878503892588
30.878503892588
30.878503892587997
30.878503892588
30.878503892588
30.878503892587997
30.878503892588
30.878503892587997
30.878503892587997
30.878503892588
30.878503892588
30.878503892588
30.878503892588
30.878503892587997
30.878503892588
30.878503892588
30.878503892588
30.878503892588
30.878503892588
30.878503892588
30.878503892587997
30.878503892588
30.878503892588
30.878503892587997
30.878503892588
30.878503892587997
30.878503892587997
30.878503892588
30.878503892588
30.878503892588
30.878503892588
30.878503892587997
30.878503892588
30.878503892588
30.878503892588
30.878503892588
30.878503892588
30.878503892588
30.878503892587997
30.878503892588
30.878503892588
30.878503892587997
30.878503892588
30.878503892587997
30.878503892587997
30.878503892588
30.878503892588
30.878503892588
30.878503892588
30.878503892587997
30.878503892588
30.878503892588
30.878503892588
30.878503892588
30.878503892588
30.878503892588
30.878503892587997
30.878503892588
30.878503892588
30.878503892587997
30.878503892588
30.878503892587997
30.878503892587997
30.878503892588
30.878503892588
30.878503892588
30.878503892588
30.878503892587997
30.878503892588
30.878503892588
30.878503892588
30.878503892588
30.878503892588
30.878503892588
30.878503892587997
30.878503892588
30.878503892588
30.878503892587997
30.878503892588
30.878503892587997
30.878503892587997
30.878503892588
30.878503892588
30.878503892588
30.878503892588
30.878503892587997
30.878503892588
30.878503892588
30.878503892588
30.878503892588
30.878503892588
30.878503892588
30.878503892587997
30.878503892588
30.878503892588
30.878503892587997
31.23207702795848
30.878503892587997
30.878503892587997
30.878503892588
30.878503892588
30.878503892588
30.878503892588
30.878503892587997
30.878503892588
30.878503892588
30.878503892588
30.878503892588
30.878503892588
30.878503892588
30.878503892587997
30.878503892588
30.878503892588
30.878503892587997
31.232077027958475
30.878503892587997
30.878503892587997
30.878503892588
30.878503892588
30.878503892588
30.878503892588
30.878503892587997
30.878503892588
30.878503892588
30.878503892588
30.878503892588
30.878503892588
30.878503892588
30.878503892587997
30.878503892588
30.878503892588
30.878503892587997
30.878503892587997
30.878503892587997
30.878503892587997
30.878503892588
30.878503892588
30.878503892588
30.878503892588
30.878503892587997
30.878503892588
30.878503892588
30.878503892588
30.878503892588
30.878503892588
30.878503892588
30.878503892587997
30.878503892588
30.878503892588
30.878503892587997
30.878503892588
30.878503892587997
30.878503892587997
30.878503892588
30.878503892588
30.878503892588
30.878503892588
30.878503892587997
30.878503892588
30.878503892588
30.878503892588
30.878503892588
30.878503892588
30.878503892588
30.878503892587997
30.878503892588
30.878503892588
30.878503892587997
30.878503892587997
30.878503892587997
30.878503892587997
30.878503892588
30.878503892588
30.878503892588
30.878503892588
30.878503892587997
30.878503892588
30.878503892588
30.878503892588
30.878503892588
30.878503892588
30.878503892588
30.878503892587997
30.878503892588
30.878503892588
30.878503892587997
30.878503892587997
30.878503892587997
30.878503892587997
30.878503892588
30.878503892588
30.878503892588
30.878503892588
30.878503892587997
30.878503892588
30.878503892588
30.878503892588
30.878503892588
30.878503892588
30.878503892588
30.878503892587997
30.878503892588
30.878503892588
30.878503892587997
30.878503892587997
30.878503892587997
30.878503892587997
30.878503892588
30.878503892588
30.878503892588
30.878503892588
30.878503892587997
30.878503892588
30.878503892588
30.878503892588
30.878503892588
30.878503892588
30.878503892588
30.878503892587997
30.878503892588
30.878503892588
30.878503892587997
30.878503892587997
30.878503892587997
30.878503892587997
30.878503892588
30.878503892588
30.878503892588
30.878503892588
30.878503892587997
30.878503892588
30.878503892588
30.878503892588
30.878503892588
30.878503892588
30.878503892588
30.878503892587997
30.878503892588
30.878503892588
30.878503892587997
30.878503892587997
30.878503892587997
30.878503892587997
30.878503892588
30.878503892588
30.878503892588
30.878503892588
30.878503892587997
30.878503892588
30.878503892588
30.878503892588
30.878503892588
30.878503892588
30.878503892588
30.878503892587997
30.878503892588
30.878503892588
30.878503892587997
30.878503892587997
30.878503892587997
30.878503892587997
30.878503892588
30.878503892588
30.878503892588
30.878503892588
30.878503892587997
30.878503892588
30.878503892588
30.878503892588
30.878503892588
30.878503892588
30.878503892588
30.878503892587997
30.878503892588
30.878503892588
30.878503892587997
30.878503892587997
30.878503892587997
30.878503892587997
30.878503892588
30.878503892588
30.878503892588
30.878503892588
30.878503892587997
30.878503892588
30.878503892588
30.878503892588
30.878503892588
30.878503892588
30.878503892588
30.878503892587997
30.878503892588
30.878503892588
30.878503892587997
30.878503892587997
30.878503892587997
30.878503892587997
30.878503892588
30.878503892588
30.878503892588
30.878503892588
30.878503892587997
30.878503892588
30.878503892588
30.878503892588
30.878503892588
30.878503892588
30.878503892588
30.878503892587997
30.878503892588
30.878503892588
30.878503892587997
30.878503892587997
30.878503892587997
30.878503892587997
30.878503892588
30.878503892588
30.878503892588
30.878503892588
30.878503892587997
30.878503892588
30.878503892588
30.878503892588
30.878503892588
30.878503892588
30.878503892588
30.878503892587997
30.878503892588
30.878503892588
30.878503892587997
30.878503892587997
30.878503892587997
30.878503892587997
30.878503892588
30.878503892588
30.878503892588
30.878503892588
30.878503892587997
30.878503892588
30.878503892588
30.878503892588
30.878503892588
30.878503892588
30.878503892588
30.878503892587997
30.878503892588
30.878503892588
30.878503892587997
30.878503892587997
30.878503892587997
30.878503892587997
30.878503892588
30.878503892588
30.878503892588
30.878503892588
30.878503892587997
30.878503892588
30.878503892588
30.878503892588
30.878503892588
30.878503892588
30.878503892588
30.878503892587997
30.878503892588
30.878503892588
30.878503892587997
30.878503892587997
30.878503892587997
30.878503892587997
30.878503892588
30.878503892588
30.878503892588
30.878503892588
30.878503892587997
30.878503892588
30.878503892588
30.878503892588
30.878503892588
30.878503892588
30.878503892588
30.878503892587997
30.878503892588
30.878503892588
30.878503892587997
30.878503892587997
30.878503892587997
30.878503892587997
30.878503892588
30.878503892588
30.878503892588
30.878503892588
30.878503892587997
30.878503892588
30.878503892588
30.878503892588
30.878503892588
30.878503892588
30.878503892588
30.878503892587997
30.878503892588
30.878503892588
30.878503892587997
30.878503892587997
30.878503892587997
30.878503892587997
30.878503892588
30.878503892588
30.878503892588
30.878503892588
30.878503892587997
30.878503892588
30.878503892588
30.878503892588
30.878503892588
30.878503892588
30.878503892588
30.878503892587997
30.878503892588
30.878503892588
30.878503892587997
30.878503892587997
30.878503892587997
30.878503892587997
30.878503892588
30.878503892588
30.878503892588
30.878503892588
30.878503892587997
30.878503892588
30.878503892588
30.878503892588
30.878503892588
30.878503892588
30.878503892588
30.878503892587997
30.878503892588
30.878503892588
30.878503892587997
30.878503892587997
30.878503892587997
30.878503892587997
30.878503892588
30.878503892588
30.878503892588
30.878503892588
30.878503892587997
30.878503892588
30.878503892588
30.878503892588
30.878503892588
30.878503892588
30.878503892588
30.878503892587997
30.878503892588
30.878503892588
30.878503892587997
30.878503892587997
30.878503892587997
30.878503892587997
30.878503892588
30.878503892588
30.878503892588
30.878503892588
30.878503892587997
30.878503892588
30.878503892588
30.878503892588
30.878503892588
30.878503892588
30.878503892588
30.878503892587997
30.878503892588
30.878503892588
30.878503892587997
30.878503892587997
30.878503892587997
30.878503892587997
30.878503892588
30.878503892588
30.878503892588
30.878503892588
30.878503892587997
30.878503892588
30.878503892588
30.878503892588
30.878503892588
30.878503892588
30.878503892588
30.878503892587997
30.878503892588
30.878503892588
30.878503892587997
30.878503892587997
30.878503892587997
30.878503892587997
30.878503892588
30.878503892588
30.878503892588
30.878503892588
30.878503892587997
30.878503892588
30.878503892588
30.878503892588
30.878503892588
30.878503892588
30.878503892588
30.878503892587997
30.878503892588
30.878503892588
30.878503892587997
30.878503892587997
30.878503892587997
30.878503892587997
30.878503892588
30.878503892588
30.878503892588
30.878503892588
30.878503892587997
30.878503892588
30.878503892588
30.878503892588
30.878503892588
30.878503892588
30.878503892588
30.878503892587997
30.878503892588
30.878503892588
30.878503892587997
30.878503892587997
30.878503892587997
30.878503892587997
30.878503892588
30.878503892588
30.878503892588
30.878503892588
30.878503892587997
30.878503892588
30.878503892588
30.878503892588
30.878503892588
30.878503892588
30.878503892588
30.878503892587997
30.878503892588
30.878503892588
30.878503892587997
30.878503892587997
30.878503892587997
30.878503892587997
30.878503892588
30.878503892588
30.878503892588
30.878503892588
30.878503892587997
30.878503892588
30.878503892588
30.878503892588
30.878503892588
30.878503892588
30.878503892588
30.878503892587997
30.878503892588
30.878503892588
30.878503892587997
30.878503892587997
30.878503892587997
30.878503892587997
30.878503892588
30.878503892588
30.878503892588
30.878503892588
30.878503892587997
30.878503892588
30.878503892588
30.878503892588
30.878503892588
30.878503892588
30.878503892588
30.878503892587997
30.878503892588
30.878503892588
30.878503892587997
30.878503892587997
30.878503892587997
30.878503892587997
30.878503892588
30.878503892588
30.878503892588
30.878503892588
30.878503892587997
30.878503892588
30.878503892588
30.878503892588
30.878503892588
30.878503892588
30.878503892588
30.878503892587997
30.878503892588
30.878503892588
30.878503892587997
30.878503892587997
30.878503892587997
30.878503892587997
30.878503892588
30.878503892588
30.878503892588
30.878503892588
30.878503892587997
30.878503892588
30.878503892588
30.878503892588
30.878503892588
30.878503892588
30.878503892588
30.878503892587997
30.878503892588
30.878503892588
30.878503892587997
30.878503892587997
30.878503892587997
30.878503892587997
30.878503892588
30.878503892588
30.878503892588
30.878503892588
30.878503892587997
30.878503892588
30.878503892588
30.878503892588
30.878503892588
30.878503892588
30.878503892588
30.878503892587997
30.878503892588
30.878503892588
30.878503892587997
30.878503892587997
30.878503892587997
30.878503892587997
30.878503892588
30.878503892588
30.878503892588
30.878503892588
30.878503892587997
30.878503892588
30.878503892588
30.878503892588
30.878503892588
30.878503892588
30.878503892588
30.878503892587997
30.878503892588
30.878503892588
30.878503892587997
30.878503892587997
30.878503892587997
30.878503892587997
30.878503892588
30.878503892588
30.878503892588
30.878503892588
30.878503892587997
30.878503892588
30.878503892588
30.878503892588
30.878503892588
30.878503892588
30.878503892588
30.878503892587997
30.878503892588
30.878503892588
30.878503892587997
30.878503892587997
30.878503892587997
30.878503892587997
30.878503892588
30.878503892588
30.878503892588
30.878503892588
30.878503892587997
30.878503892588
30.878503892588
30.878503892588
30.878503892588
30.878503892588
30.878503892588
30.878503892587997
30.878503892588
30.878503892588
30.878503892587997
30.878503892587997
30.878503892587997
30.878503892587997
30.878503892588
30.878503892588
30.878503892588
30.878503892588
30.878503892587997
30.878503892588
30.878503892588
30.878503892588
30.878503892588
30.878503892588
30.878503892588
30.878503892587997
30.878503892588
30.878503892588
30.878503892587997
30.878503892587997
30.878503892587997
30.878503892587997
30.878503892588
30.878503892588
30.878503892588
30.878503892588
30.878503892587997
30.878503892588
30.878503892588
30.878503892588
30.878503892588
30.878503892588
30.878503892588
30.878503892587997
30.878503892588
30.878503892588
30.878503892587997
30.878503892587997
30.878503892587997
30.878503892587997
30.878503892588
30.878503892588
30.878503892588
30.878503892588
30.878503892587997
30.878503892588
30.878503892588
30.878503892588
30.878503892588
30.878503892588
30.878503892588
30.878503892587997
30.878503892588
30.878503892588
30.878503892587997
30.878503892587997
30.878503892587997
30.878503892587997
30.878503892588
30.878503892588
30.878503892588
30.878503892588
30.878503892587997
30.878503892588
30.878503892588
30.878503892588
30.878503892588
30.878503892588
30.878503892588
30.878503892587997
30.878503892588
30.878503892588
30.878503892587997
30.878503892587997
30.878503892587997
30.878503892587997
30.878503892588
30.878503892588
30.878503892588
30.878503892588
30.878503892587997
30.878503892588
30.878503892588
30.878503892588
30.878503892588
30.878503892588
30.878503892588
30.878503892587997
30.878503892588
30.878503892588
30.878503892587997
30.878503892587997
30.878503892587997
30.878503892587997
30.878503892588
30.878503892588
30.878503892588
30.878503892588
30.878503892587997
30.878503892588
30.878503892588
30.878503892588
30.878503892588
30.878503892588
30.878503892588
30.878503892587997
30.878503892588
30.878503892588
30.878503892587997
30.878503892587997
30.878503892587997
30.878503892587997
30.878503892588
30.878503892588
30.878503892588
30.878503892588
30.878503892587997
30.878503892588
30.878503892588
30.878503892588
30.878503892588
30.878503892588
30.878503892588
30.878503892587997
30.878503892588
30.878503892588
30.878503892587997
30.878503892587997
30.878503892587997
30.878503892587997
30.878503892588
30.878503892588
30.878503892588
30.878503892588
30.878503892587997
30.878503892588
30.878503892588
30.878503892588
30.878503892588
30.878503892588
30.878503892588
30.878503892587997
30.878503892588
30.878503892588
30.878503892587997
30.878503892587997
30.878503892587997
30.878503892587997
30.878503892588
30.878503892588
30.878503892588
30.878503892588
30.878503892587997
30.878503892588
30.878503892588
30.878503892588
30.878503892588
30.878503892588
30.878503892588
30.878503892587997
30.878503892588
30.878503892588
30.878503892587997
30.878503892587997
30.878503892587997
30.878503892587997
30.878503892588
30.878503892588
30.878503892588
30.878503892588
30.878503892587997
30.878503892588
30.878503892588
30.878503892588
30.878503892588
30.878503892588
30.878503892588
30.878503892587997
30.878503892588
30.878503892588
30.878503892587997
30.878503892587997
30.878503892587997
30.878503892587997
30.878503892588
30.878503892588
30.878503892588
30.878503892588
30.878503892587997
30.878503892588
30.878503892588
30.878503892588
30.878503892588
30.878503892588
30.878503892588
30.878503892587997
30.878503892588
30.878503892588
30.878503892587997
30.878503892587997
30.878503892587997
30.878503892587997
30.878503892588
30.878503892588
30.878503892588
30.878503892588
30.878503892587997
30.878503892588
30.878503892588
30.878503892588
30.878503892588
30.878503892588
30.878503892588
30.878503892587997
30.878503892588
30.878503892588
30.878503892587997
37.866449462152225
30.878503892587997
30.878503892587997
30.878503892588
30.878503892588
30.878503892588
30.878503892588
30.878503892587997
30.878503892588
30.878503892588
30.878503892588
30.878503892588
30.878503892588
30.878503892588
30.878503892587997
30.878503892588
30.878503892588
30.878503892587997
30.878503892588
30.878503892587997
30.878503892587997
30.878503892588
30.878503892588
30.878503892588
30.878503892588
30.878503892587997
30.878503892588
30.878503892588
30.878503892588
30.878503892588
30.878503892588
30.878503892588
30.878503892587997
30.878503892588
30.878503892588
30.878503892587997
30.878503892588
30.878503892587997
30.878503892587997
30.878503892588
30.878503892588
30.878503892588
30.878503892588
30.878503892587997
30.878503892588
30.878503892588
30.878503892588
30.878503892588
30.878503892588
30.878503892588
30.878503892587997
30.878503892588
30.878503892588
30.878503892587997
30.878503892588
30.878503892587997
30.878503892587997
30.878503892588
30.878503892588
30.878503892588
30.878503892588
30.878503892587997
30.878503892588
30.878503892588
30.878503892588
30.878503892588
30.878503892588
30.878503892588
30.878503892587997
30.878503892588
30.878503892588
30.878503892587997
30.878503892588
30.878503892587997
30.878503892587997
30.878503892588
30.878503892588
30.878503892588
30.878503892588
30.878503892587997
30.878503892588
30.878503892588
30.878503892588
30.878503892588
30.878503892588
30.878503892588
30.878503892587997
30.878503892588
30.878503892588
30.878503892587997
30.878503892588
30.878503892587997
30.878503892587997
30.878503892588
30.878503892588
30.878503892588
30.878503892588
30.878503892587997
30.878503892588
30.878503892588
30.878503892588
30.878503892588
30.878503892588
30.878503892588
30.878503892587997
30.878503892588
30.878503892588
30.878503892587997
30.878503892588
30.878503892587997
30.878503892587997
30.878503892588
30.878503892588
30.878503892588
30.878503892588
30.878503892587997
30.878503892588
30.878503892588
30.878503892588
30.878503892588
30.878503892588
30.878503892588
30.878503892587997
30.878503892588
30.878503892588
30.878503892587997
34.84933882398283
30.878503892587997
30.878503892587997
30.878503892588
30.878503892588
30.878503892588
30.878503892588
30.878503892587997
30.878503892588
30.878503892588
30.878503892588
30.878503892588
30.878503892588
30.878503892588
30.878503892587997
30.878503892588
30.878503892588
30.878503892587997
30.878503892588
30.878503892587997
30.878503892587997
30.878503892588
30.878503892588
30.878503892588
30.878503892588
30.878503892587997
30.878503892588
30.878503892588
30.878503892588
30.878503892588
30.878503892588
30.878503892588
30.878503892587997
30.878503892588
30.878503892588
30.878503892587997
30.878503892588
30.878503892587997
30.878503892587997
30.878503892588
30.878503892588
30.878503892588
30.878503892588
30.878503892587997
30.878503892588
30.878503892588
30.878503892588
30.878503892588
30.878503892588
30.878503892588
30.878503892587997
30.878503892588
30.878503892588
30.878503892587997
30.878503892588
30.878503892587997
30.878503892587997
30.878503892588
30.878503892588
30.878503892588
30.878503892588
30.878503892587997
30.878503892588
30.878503892588
30.878503892588
30.878503892588
30.878503892588
30.878503892588
30.878503892587997
30.878503892588
30.878503892588
30.878503892587997
30.878503892588
30.878503892587997
30.878503892587997
30.878503892588
30.878503892588
30.878503892588
30.878503892588
30.878503892587997
30.878503892588
30.878503892588
30.878503892588
30.878503892588
30.878503892588
30.878503892588
30.878503892587997
30.878503892588
30.878503892588
30.878503892587997
30.878503892588
30.878503892587997
30.878503892587997
30.878503892588
30.878503892588
30.878503892588
30.878503892588
30.878503892587997
30.878503892588
30.878503892588
30.878503892588
30.878503892588
30.878503892588
30.878503892588
30.878503892587997
30.878503892588
30.878503892588
30.878503892587997
30.878503892588
30.878503892587997
30.878503892587997
30.878503892588
30.878503892588
30.878503892588
30.878503892588
30.878503892587997
30.878503892588
30.878503892588
30.878503892588
30.878503892588
30.878503892588
30.878503892588
30.878503892587997
30.878503892588
30.878503892588
30.878503892587997
30.878503892588
30.878503892587997
30.878503892587997
30.878503892588
30.878503892588
30.878503892588
30.878503892588
30.878503892587997
30.878503892588
30.878503892588
30.878503892588
30.878503892588
30.878503892588
30.878503892588
30.878503892587997
30.878503892588
30.878503892588
30.878503892587997
30.878503892588
