0.60
7
62.18744833775201
59.38066504134962
62.38863343658222
65.58046689165474
80.57522971524159
65.61066717928982
46.419087350558655
41.97454927352364
51.17503791483098
46.60521639858213
48.7225970996407
49.83991084261909
63.877092234223085
49.794644938816504
41.97454927352364
39.968368441473686
41.97454927352364
40.8349212828061
39.62740493432494
40.64773669264663
41.94824919511036
46.28451917072677
39.968368441473686
36.53633362513719
39.968368441473686
35.376055619595824
36.53633362513719
37.04732670196563
38.63653985473543
43.13381541539512
38.28402572920451
34.687088985388485
38.28402572920451
34.687088985388485
33.686611425665596
34.790263632889975
35.994117240956065
40.20246176661126
34.68708898538848
33.089116719726405
33.6866114256656
33.57696161774144
33.089116719726405
32.52176991020753
33.089116719726405
39.978750854112256
33.089116719726405
31.53411827421633
32.52176991020753
32.52176991020753
32.25089358871093
31.53411827421633
31.53411827421633
31.53411827421633
32.514000410983606
30.878503892588
31.53411827421633
31.864380588729954
31.53411827421633
30.878503892588
30.878503892588
30.878503892588
30.878503892588
31.23207702795848
30.878503892588
30.878503892588
30.878503892588
30.878503892588
30.878503892588
30.878503892588
30.878503892588
31.232077027958475
30.878503892588
30.878503892587997
30.878503892587997
30.878503892588
30.878503892587997
30.878503892587997
30.878503892587997
30.878503892587997
30.878503892588
30.878503892587997
30.878503892587997
30.878503892588
30.878503892587997
30.878503892587997
30.878503892587997
30.878503892587997
30.878503892587997
30.878503892587997
30.878503892587997
30.878503892587997
30.878503892587997
30.878503892587997
30.878503892587997
31.232077027958475
30.878503892587997
30.878503892587997
30.878503892587997
30.878503892587997
30.878503892587997
30.878503892587997
30.878503892587997
30.878503892587997
30.878503892587997
30.878503892587997
30.878503892587997
30.878503892587997
30.878503892587997
30.878503892587997
30.878503892587997
30.878503892587997
30.878503892587997
30.878503892587997
30.878503892587997
30.878503892587997
30.878503892587997
30.878503892587997
30.878503892587997
30.878503892587997
30.878503892587997
30.878503892587997
30.878503892587997
30.878503892587997
30.878503892587997
30.878503892587997
30.878503892587997
30.878503892587997
30.878503892587997
30.878503892587997
30.878503892587997
30.878503892587997
30.878503892587997
30.878503892587997
30.878503892587997
31.232077027958475
30.878503892587997
30.878503892587997
30.878503892587997
30.878503892587997
30.878503892587997
30.878503892587997
30.878503892587997
30.878503892587997
30.878503892587997
30.878503892587997
30.878503892587997
30.878503892587997
30.878503892587997
30.878503892587997
30.878503892587997
30.878503892587997
30.878503892587997
30.878503892587997
30.878503892587997
30.878503892587997
30.878503892587997
30.878503892587997
30.878503892587997
30.878503892587997
30.878503892587997
30.878503892587997
30.878503892587997
30.878503892587997
30.878503892587997
30.878503892587997
30.878503892587997
30.878503892587997
30.878503892587997
30.878503892587997
30.878503892587997
30.878503892587997
30.878503892587997
30.878503892587997
30.878503892587997
30.878503892587997
30.878503892587997
30.878503892587997
30.878503892587997
30.878503892587997
30.878503892587997
30.878503892587997
30.878503892587997
30.878503892587997
30.878503892587997
30.878503892587997
30.878503892587997
30.878503892587997
30.878503892587997
30.878503892587997
30.878503892587997
30.878503892587997
30.878503892587997
30.878503892587997
30.878503892587997
30.878503892587997
30.878503892587997
30.878503892587997
30.878503892587997
30.878503892587997
30.878503892587997
30.878503892587997
30.878503892587997
30.878503892587997
30.878503892587997
30.878503892587997
30.878503892587997
30.878503892587997
30.878503892587997
30.878503892587997
30.878503892587997
30.878503892587997
30.878503892587997
30.878503892587997
30.878503892587997
30.878503892587997
30.878503892587997
30.878503892587997
30.878503892587997
30.878503892587997
30.878503892587997
30.878503892587997
30.878503892587997
30.878503892587997
30.878503892587997
30.878503892587997
30.878503892587997
30.878503892587997
30.878503892587997
30.878503892587997
30.878503892587997
30.878503892587997
30.878503892587997
30.878503892587997
30.878503892587997
30.878503892587997
30.878503892587997
30.878503892587997
30.878503892587997
30.878503892587997
30.878503892587997
30.878503892587997
30.878503892587997
30.878503892587997
30.878503892587997
30.878503892587997
30.878503892587997
30.878503892587997
30.878503892587997
30.878503892587997
30.878503892587997
30.878503892587997
30.878503892587997
30.878503892587997
30.878503892587997
30.878503892587997
30.878503892587997
30.878503892587997
30.878503892587997
30.878503892587997
30.878503892587997
30.878503892587997
30.878503892587997
30.878503892587997
30.878503892587997
30.878503892587997
30.878503892587997
30.878503892587997
30.878503892587997
30.878503892587997
30.878503892587997
30.878503892587997
30.878503892587997
30.878503892587997
30.878503892587997
30.878503892587997
30.878503892587997
30.878503892587997
30.878503892587997
30.878503892587997
30.878503892587997
30.878503892587997
30.878503892587997
30.878503892587997
30.878503892587997
30.878503892587997
30.878503892587997
30.878503892587997
30.878503892587997
30.878503892587997
30.878503892587997
30.878503892587997
30.878503892587997
30.878503892587997
30.878503892587997
30.878503892587997
30.878503892587997
30.878503892587997
30.878503892587997
30.878503892587997
30.878503892587997
30.878503892587997
30.878503892587997
30.878503892587997
30.878503892587997
30.878503892587997
30.878503892587997
30.878503892587997
30.878503892587997
30.878503892587997
30.878503892587997
30.878503892587997
30.878503892587997
30.878503892587997
30.878503892587997
30.878503892587997
30.878503892587997
30.878503892587997
30.878503892587997
30.878503892587997
30.878503892587997
30.878503892587997
30.878503892587997
30.878503892587997
30.878503892587997
30.878503892587997
30.878503892587997
30.878503892587997
30.878503892587997
30.878503892587997
30.878503892587997
30.878503892587997
30.878503892587997
30.878503892587997
30.878503892587997
30.878503892587997
30.878503892587997
30.878503892587997
30.878503892587997
30.878503892587997
30.878503892587997
30.878503892587997
30.878503892587997
30.878503892587997
30.878503892587997
30.878503892587997
30.878503892587997
30.878503892587997
30.878503892587997
30.878503892587997
30.878503892587997
30.878503892587997
30.878503892587997
30.878503892587997
30.878503892587997
30.878503892587997
30.878503892587997
30.878503892587997
30.878503892587997
30.878503892587997
30.878503892587997
30.878503892587997
30.878503892587997
30.878503892587997
30.878503892587997
30.878503892587997
30.878503892587997
30.878503892587997
30.878503892587997
30.878503892587997
30.878503892587997
30.878503892587997
30.878503892587997
30.878503892587997
30.878503892587997
30.878503892587997
30.878503892587997
30.878503892587997
30.878503892587997
30.878503892587997
30.878503892587997
30.878503892587997
30.878503892587997
30.878503892587997
30.878503892587997
30.878503892587997
30.878503892587997
30.878503892587997
30.878503892587997
30.878503892587997
30.878503892587997
30.878503892587997
30.878503892587997
30.878503892587997
30.878503892587997
30.878503892587997
30.878503892587997
30.878503892587997
30.878503892587997
30.878503892587997
30.878503892587997
30.878503892587997
30.878503892587997
30.878503892587997
30.878503892587997
30.878503892587997
30.878503892587997
30.878503892587997
30.878503892587997
30.878503892587997
30.878503892587997
30.878503892587997
30.878503892587997
30.878503892587997
30.878503892587997
30.878503892587997
30.878503892587997
30.878503892587997
30.878503892587997
30.878503892587997
30.878503892587997
30.878503892587997
30.878503892587997
30.878503892587997
30.878503892587997
30.878503892587997
30.878503892587997
30.878503892587997
30.878503892587997
30.878503892587997
30.878503892587997
30.878503892587997
30.878503892587997
30.878503892587997
30.878503892587997
30.878503892587997
30.878503892587997
30.878503892587997
30.878503892587997
30.878503892587997
30.878503892587997
30.878503892587997
30.878503892587997
30.878503892587997
30.878503892587997
30.878503892587997
30.878503892587997
30.878503892587997
30.878503892587997
30.878503892587997
30.878503892587997
30.878503892587997
30.878503892587997
30.878503892587997
30.878503892587997
30.878503892587997
30.878503892587997
30.878503892587997
30.878503892587997
30.878503892587997
30.878503892587997
30.878503892587997
30.878503892587997
30.878503892587997
30.878503892587997
30.878503892587997
30.878503892587997
30.878503892587997
30.878503892587997
30.878503892587997
30.878503892587997
30.878503892587997
30.878503892587997
30.878503892587997
30.878503892587997
30.878503892587997
30.878503892587997
30.878503892587997
30.878503892587997
30.878503892587997
30.878503892587997
30.878503892587997
30.878503892587997
30.878503892587997
30.878503892587997
30.878503892587997
30.878503892587997
30.878503892587997
30.878503892587997
30.878503892587997
30.878503892587997
30.878503892587997
30.878503892587997
30.878503892587997
30.878503892587997
30.878503892587997
30.878503892587997
30.878503892587997
30.878503892587997
30.878503892587997
30.878503892587997
30.878503892587997
30.878503892587997
30.878503892587997
30.878503892587997
30.878503892587997
30.878503892587997
30.878503892587997
30.878503892587997
30.878503892587997
30.878503892587997
30.878503892587997
30.878503892587997
30.878503892587997
30.878503892587997
30.878503892587997
30.878503892587997
30.878503892587997
30.878503892587997
30.878503892587997
30.878503892587997
30.878503892587997
30.878503892587997
30.878503892587997
30.878503892587997
30.878503892587997
30.878503892587997
30.878503892587997
30.878503892587997
30.878503892587997
30.878503892587997
30.878503892587997
30.878503892587997
30.878503892587997
30.878503892587997
30.878503892587997
30.878503892587997
30.878503892587997
30.878503892587997
30.878503892587997
30.878503892587997
30.878503892587997
30.878503892587997
30.878503892587997
30.878503892587997
30.878503892587997
30.878503892587997
30.878503892587997
30.878503892587997
30.878503892587997
30.878503892587997
30.878503892587997
30.878503892587997
30.878503892587997
30.878503892587997
30.878503892587997
30.878503892587997
30.878503892587997
30.878503892587997
30.878503892587997
30.878503892587997
30.878503892587997
30.878503892587997
30.878503892587997
30.878503892587997
30.878503892587997
30.878503892587997
30.878503892587997
30.878503892587997
30.878503892587997
30.878503892587997
30.878503892587997
30.878503892587997
30.878503892587997
30.878503892587997
30.878503892587997
30.878503892587997
30.878503892587997
30.878503892587997
30.878503892587997
30.878503892587997
30.878503892587997
30.878503892587997
30.878503892587997
30.878503892587997
30.878503892587997
30.878503892587997
30.878503892587997
30.878503892587997
30.878503892587997
30.878503892587997
30.878503892587997
30.878503892587997
30.878503892587997
30.878503892587997
30.878503892587997
30.878503892587997
30.878503892587997
30.878503892587997
30.878503892587997
30.878503892587997
30.878503892587997
30.878503892587997
30.878503892587997
30.878503892587997
30.878503892587997
30.878503892587997
30.878503892587997
30.878503892587997
30.878503892587997
30.878503892587997
30.878503892587997
30.878503892587997
30.878503892587997
30.878503892587997
30.878503892587997
30.878503892587997
30.878503892587997
30.878503892587997
30.878503892587997
30.878503892587997
30.878503892587997
30.878503892587997
30.878503892587997
30.878503892587997
30.878503892587997
30.878503892587997
30.878503892587997
30.878503892587997
30.878503892587997
30.878503892587997
30.878503892587997
30.878503892587997
30.878503892587997
30.878503892587997
30.878503892587997
30.878503892587997
30.878503892587997
30.878503892587997
30.878503892587997
30.878503892587997
30.878503892587997
30.878503892587997
30.878503892587997
30.878503892587997
30.878503892587997
30.878503892587997
30.878503892587997
30.878503892587997
30.878503892587997
30.878503892587997
30.878503892587997
30.878503892587997
30.878503892587997
30.878503892587997
30.878503892587997
30.878503892587997
30.878503892587997
30.878503892587997
30.878503892587997
30.878503892587997
30.878503892587997
30.878503892587997
30.878503892587997
30.878503892587997
30.878503892587997
30.878503892587997
30.878503892587997
30.878503892587997
30.878503892587997
30.878503892587997
30.878503892587997
30.878503892587997
30.878503892587997
30.878503892587997
30.878503892587997
30.878503892587997
30.878503892587997
30.878503892587997
30.878503892587997
30.878503892587997
30.878503892587997
30.878503892587997
30.878503892587997
30.878503892587997
30.878503892587997
30.878503892587997
30.878503892587997
30.878503892587997
30.878503892587997
30.878503892587997
30.878503892587997
30.878503892587997
30.878503892587997
30.878503892587997
30.878503892587997
30.878503892587997
30.878503892587997
30.878503892587997
30.878503892587997
30.878503892587997
30.878503892587997
30.878503892587997
30.878503892587997
30.878503892587997
30.878503892587997
30.878503892587997
30.878503892587997
30.878503892587997
30.878503892587997
30.878503892587997
30.878503892587997
30.878503892587997
30.878503892587997
30.878503892587997
30.878503892587997
30.878503892587997
30.878503892587997
30.878503892587997
30.878503892587997
30.878503892587997
30.878503892587997
30.878503892587997
30.878503892587997
30.878503892587997
30.878503892587997
30.878503892587997
30.878503892587997
30.878503892587997
30.878503892587997
30.878503892587997
30.878503892587997
30.878503892587997
30.878503892587997
30.878503892587997
30.878503892587997
30.878503892587997
30.878503892587997
30.878503892587997
30.878503892587997
30.878503892587997
30.878503892587997
30.878503892587997
30.878503892587997
30.878503892587997
30.878503892587997
30.878503892587997
30.878503892587997
30.878503892587997
30.878503892587997
30.878503892587997
44.275500118068805
30.878503892587997
30.878503892587997
30.878503892587997
30.878503892587997
30.878503892587997
30.878503892587997
30.878503892587997
30.878503892587997
30.878503892587997
30.878503892587997
30.878503892587997
30.878503892587997
30.878503892587997
30.878503892587997
30.878503892587997
30.878503892587997
30.878503892587997
30.878503892587997
30.878503892587997
30.878503892587997
30.878503892587997
30.878503892587997
30.878503892587997
30.878503892587997
30.878503892587997
30.878503892587997
30.878503892587997
30.878503892587997
30.878503892587997
30.878503892587997
30.878503892587997
30.878503892587997
30.878503892587997
30.878503892587997
30.878503892587997
30.878503892587997
30.878503892587997
30.878503892587997
30.878503892587997
30.878503892587997
30.878503892587997
30.878503892587997
30.878503892587997
30.878503892587997
30.878503892587997
30.878503892587997
30.878503892587997
30.878503892587997
