1.64
21
65.09434547634585
51.893389364238146
66.22644015734474
62.03156037599716
67.94814898806095
58.76203054758035
54.469352985946486
68.7532908777911
62.990170748848826
57.39256757355918
59.87682381574097
61.088825332796155
62.702612941049544
65.32551243200268
68.13675567939109
49.44399155804837
68.28850521803645
55.49558127970093
57.60993651158987
45.53110198476871
72.49399711245935
46.696474378896625
49.356874100231174
42.02847692022731
41.41652671402017
44.44837998237141
50.91391313522713
42.49979436845466
50.28429057818032
52.91892899601702
50.490128359364405
52.70865964050848
51.15786280681897
48.31678310540817
42.7889164101431
44.67766611791059
42.7889164101431
41.41652671402017
51.023998274154245
41.41652671402017
46.10977745495331
45.53110198476871
44.231413470198476
40.32468356280142
40.82108765587085
37.1070283533717
40.32468356280142
41.23298945813714
39.766628721125365
37.18382049894344
47.225720606723314
47.01096376051594
44.00527565689954
46.809761322018566
42.96871889908864
43.088883695010885
42.7889164101431
39.444481299786986
40.51113452438461
40.32468356280142
44.503754183370354
40.32468356280142
39.42163486817435
45.53110198476871
38.23070351547352
33.41482243653342
37.455970036129116
33.41482243653342
39.46320834920529
41.23298945813714
33.41482243653343
34.217011821889166
33.41482243653343
43.597939936361406
37.327765856758134
44.23667836613594
38.41210254272866
40.122075017956604
40.51113452438461
33.41482243653343
33.41482243653343
39.46320834920529
40.72025063350514
39.46320834920529
33.41482243653343
41.56863878610629
34.960303514517065
32.280902664744254
35.37800147624411
32.280902664744254
38.84573183374088
39.521595712775735
32.47284915005177
32.22752367483243
31.78388251584443
40.066935248942634
32.28090266474425
32.28090266474425
32.28090266474425
38.05754479060178
32.28090266474425
32.47284915005177
32.47284915005177
38.84573183374088
32.28090266474425
38.84573183374088
31.78388251584443
40.05145230752916
32.28090266474425
31.208766207101622
33.34311986071917
31.78388251584443
38.84573183374088
31.783882515844432
31.783882515844432
32.22752367483243
31.208766207101622
31.208766207101625
31.705786356001443
31.705786356001443
31.208766207101625
34.08202290617451
31.705786356001443
31.783882515844432
31.783882515844432
38.134903326057845
31.208766207101622
38.134903326057845
31.208766207101622
31.208766207101625
31.208766207101625
31.37067171293307
31.783882515844432
31.208766207101622
31.208766207101625
31.208766207101625
31.208766207101625
31.802031418170344
31.208766207101622
31.208766207101625
31.208766207101625
31.208766207101625
31.208766207101625
31.370671712933074
31.208766207101625
31.208766207101625
31.208766207101625
31.370671712933074
31.208766207101622
34.48952685303802
31.208766207101622
31.208766207101625
31.208766207101625
31.37067171293307
31.208766207101625
31.208766207101622
31.208766207101625
31.208766207101625
31.208766207101625
31.226915109427544
31.208766207101622
31.208766207101625
31.208766207101625
31.208766207101625
31.208766207101625
31.370671712933074
31.208766207101625
31.208766207101625
31.208766207101625
31.208766207101625
31.208766207101622
31.370671712933074
31.208766207101622
31.208766207101625
31.208766207101625
31.37067171293307
31.208766207101625
31.208766207101622
31.208766207101625
31.208766207101625
31.208766207101625
31.208766207101625
31.208766207101622
31.208766207101625
31.208766207101625
31.208766207101625
31.208766207101625
31.208766207101625
31.208766207101625
31.208766207101625
31.208766207101625
31.208766207101625
31.208766207101622
31.370671712933074
31.208766207101622
31.208766207101625
31.208766207101625
31.208766207101622
31.208766207101625
31.208766207101622
31.208766207101625
31.208766207101625
31.208766207101625
31.208766207101625
31.208766207101622
31.208766207101625
31.208766207101625
31.208766207101625
31.208766207101625
31.208766207101625
31.208766207101625
31.208766207101625
31.208766207101625
31.208766207101625
31.208766207101622
31.208766207101625
31.208766207101622
31.208766207101625
31.208766207101625
31.208766207101622
31.208766207101625
31.208766207101622
31.208766207101625
31.208766207101625
31.208766207101625
31.208766207101625
31.208766207101622
31.208766207101625
31.208766207101625
31.208766207101625
31.208766207101625
31.208766207101625
31.208766207101625
31.208766207101625
31.208766207101625
31.208766207101625
31.208766207101622
31.208766207101625
31.208766207101622
31.208766207101625
31.208766207101625
31.37067171293307
31.208766207101625
31.208766207101622
31.208766207101625
31.208766207101625
31.208766207101625
31.208766207101625
31.208766207101622
31.208766207101625
31.208766207101625
31.208766207101625
31.208766207101625
31.208766207101625
31.208766207101625
31.208766207101625
31.208766207101625
31.208766207101625
31.208766207101622
31.208766207101625
31.208766207101622
31.208766207101625
31.208766207101625
31.208766207101625
31.208766207101625
31.208766207101622
31.208766207101625
31.208766207101625
31.208766207101625
31.208766207101625
31.208766207101622
31.208766207101625
31.208766207101625
31.208766207101625
31.208766207101625
31.208766207101625
31.208766207101625
31.208766207101625
31.208766207101625
31.208766207101625
31.208766207101622
31.208766207101625
31.208766207101622
31.208766207101625
31.208766207101625
31.37067171293307
31.208766207101625
31.208766207101622
31.208766207101625
31.208766207101625
31.208766207101625
31.208766207101625
31.208766207101622
31.208766207101625
31.208766207101625
31.208766207101625
31.208766207101625
31.208766207101625
31.208766207101625
31.208766207101625
31.208766207101625
31.208766207101625
31.208766207101622
31.208766207101625
31.208766207101622
31.208766207101625
31.208766207101625
31.370671712933074
31.208766207101625
31.208766207101622
31.208766207101625
31.208766207101625
31.208766207101625
31.208766207101625
31.208766207101622
31.208766207101625
31.208766207101625
31.208766207101625
31.208766207101625
31.208766207101625
31.208766207101625
31.208766207101625
31.208766207101625
31.208766207101625
31.208766207101622
31.208766207101625
31.208766207101622
31.208766207101625
31.208766207101625
31.370671712933074
31.208766207101625
31.208766207101622
31.208766207101625
31.208766207101625
31.208766207101625
31.208766207101625
31.208766207101622
31.208766207101625
31.208766207101625
31.208766207101625
31.208766207101625
31.208766207101625
31.208766207101625
31.208766207101625
31.208766207101625
31.208766207101625
31.208766207101622
31.208766207101625
31.208766207101622
31.208766207101625
31.208766207101625
31.370671712933074
31.208766207101625
31.208766207101622
31.208766207101625
31.208766207101625
31.208766207101625
31.208766207101625
31.208766207101622
31.208766207101625
31.208766207101625
31.208766207101625
31.208766207101625
31.208766207101625
31.208766207101625
31.208766207101625
31.208766207101625
31.208766207101625
31.208766207101622
31.208766207101625
31.208766207101622
31.208766207101625
31.208766207101625
31.208766207101625
31.208766207101625
31.208766207101622
31.208766207101625
31.208766207101625
31.208766207101625
31.208766207101625
31.208766207101622
31.208766207101625
31.208766207101625
31.208766207101625
31.208766207101625
31.208766207101625
31.208766207101625
31.208766207101625
31.208766207101625
31.208766207101625
31.208766207101622
31.208766207101625
31.208766207101622
31.208766207101625
31.208766207101625
31.208766207101625
31.208766207101625
31.208766207101622
31.208766207101625
31.208766207101625
31.208766207101625
31.208766207101625
31.208766207101622
31.208766207101625
31.208766207101625
31.208766207101625
31.208766207101625
31.208766207101625
31.208766207101625
31.208766207101625
31.208766207101625
31.208766207101625
31.208766207101622
31.208766207101625
31.208766207101622
31.208766207101625
31.208766207101625
31.370671712933074
31.208766207101625
31.208766207101622
31.208766207101625
31.208766207101625
31.208766207101625
31.208766207101625
31.208766207101622
31.208766207101625
31.208766207101625
31.208766207101625
31.208766207101625
31.208766207101625
31.208766207101625
31.208766207101625
31.208766207101625
31.208766207101625
31.208766207101622
31.208766207101625
31.208766207101622
31.208766207101625
31.208766207101625
31.208766207101625
31.208766207101625
31.208766207101622
31.208766207101625
31.208766207101625
31.208766207101625
31.208766207101625
31.208766207101622
31.208766207101625
31.208766207101625
31.208766207101625
31.208766207101625
31.208766207101625
31.208766207101625
31.208766207101625
31.208766207101625
31.208766207101625
31.208766207101622
31.208766207101625
31.208766207101622
31.208766207101625
31.208766207101625
31.208766207101625
31.208766207101625
31.208766207101622
31.208766207101625
31.208766207101625
31.208766207101625
31.208766207101625
31.208766207101622
31.208766207101625
31.208766207101625
31.208766207101625
31.208766207101625
31.208766207101625
31.208766207101625
31.208766207101625
31.208766207101625
31.208766207101625
31.208766207101622
31.208766207101625
31.208766207101622
31.208766207101625
31.208766207101625
31.208766207101625
31.208766207101625
31.208766207101622
31.208766207101625
31.208766207101625
31.208766207101625
31.208766207101625
31.208766207101622
31.208766207101625
31.208766207101625
31.208766207101625
31.208766207101625
31.208766207101625
31.208766207101625
31.208766207101625
31.208766207101625
31.208766207101625
31.208766207101622
31.208766207101625
31.208766207101622
31.208766207101625
31.208766207101625
31.208766207101625
31.208766207101625
31.208766207101622
31.208766207101625
31.208766207101625
31.208766207101625
31.208766207101625
31.208766207101622
31.208766207101625
31.208766207101625
31.208766207101625
31.208766207101625
31.208766207101625
31.208766207101625
31.208766207101625
31.208766207101625
31.208766207101625
31.208766207101622
31.208766207101625
31.208766207101622
31.208766207101625
31.208766207101625
31.208766207101625
31.208766207101625
31.208766207101622
31.208766207101625
31.208766207101625
31.208766207101625
31.208766207101625
31.208766207101622
31.208766207101625
31.208766207101625
31.208766207101625
31.208766207101625
31.208766207101625
31.208766207101625
31.208766207101625
31.208766207101625
31.208766207101625
31.208766207101622
31.208766207101625
31.208766207101622
31.208766207101625
31.208766207101625
31.208766207101625
31.208766207101625
31.208766207101622
31.208766207101625
31.208766207101625
31.208766207101625
31.208766207101625
31.208766207101622
31.208766207101625
31.208766207101625
31.208766207101625
31.208766207101625
31.208766207101625
31.208766207101625
31.208766207101625
31.208766207101625
31.208766207101625
31.208766207101622
31.208766207101625
31.208766207101622
31.208766207101625
31.208766207101625
31.208766207101625
31.208766207101625
31.208766207101622
31.208766207101625
31.208766207101625
31.208766207101625
31.208766207101625
31.208766207101622
31.208766207101625
31.208766207101625
31.208766207101625
31.208766207101625
31.208766207101625
31.208766207101625
31.208766207101625
31.208766207101625
31.208766207101625
31.208766207101622
31.208766207101625
31.208766207101622
31.208766207101625
31.208766207101625
31.208766207101625
31.208766207101625
31.208766207101622
31.208766207101625
31.208766207101625
31.208766207101625
31.208766207101625
31.208766207101622
31.208766207101625
31.208766207101625
31.208766207101625
31.208766207101625
31.208766207101625
31.208766207101625
31.208766207101625
31.208766207101625
31.208766207101625
31.208766207101622
31.208766207101625
31.208766207101622
31.208766207101625
31.208766207101625
31.208766207101625
31.208766207101625
31.208766207101622
31.208766207101625
31.208766207101625
31.208766207101625
31.208766207101625
31.208766207101622
31.208766207101625
31.208766207101625
31.208766207101625
31.208766207101625
31.208766207101625
31.208766207101625
31.208766207101625
31.208766207101625
31.208766207101625
31.208766207101622
31.208766207101625
31.208766207101622
31.208766207101625
31.208766207101625
31.208766207101625
31.208766207101625
31.208766207101622
31.208766207101625
31.208766207101625
31.208766207101625
31.208766207101625
31.208766207101622
31.208766207101625
31.208766207101625
31.208766207101625
31.208766207101625
31.208766207101625
31.208766207101625
31.208766207101625
31.208766207101625
31.208766207101625
31.208766207101622
31.208766207101625
31.208766207101622
31.208766207101625
31.208766207101625
31.208766207101625
31.208766207101625
31.208766207101622
31.208766207101625
31.208766207101625
31.208766207101625
31.208766207101625
31.208766207101622
31.208766207101625
31.208766207101625
31.208766207101625
31.208766207101625
31.208766207101625
31.208766207101625
31.208766207101625
31.208766207101625
31.208766207101625
31.208766207101622
31.208766207101625
31.208766207101622
31.208766207101625
31.208766207101625
31.208766207101625
31.208766207101625
31.208766207101622
31.208766207101625
31.208766207101625
31.208766207101625
31.208766207101625
31.208766207101622
31.208766207101625
31.208766207101625
31.208766207101625
31.208766207101625
31.208766207101625
31.208766207101625
31.208766207101625
31.208766207101625
31.208766207101625
31.208766207101622
31.208766207101625
31.208766207101622
31.208766207101625
31.208766207101625
31.370671712933074
31.208766207101625
31.208766207101622
31.208766207101625
31.208766207101625
31.208766207101625
31.208766207101625
31.208766207101622
31.208766207101625
31.208766207101625
31.208766207101625
31.208766207101625
31.208766207101625
31.208766207101625
31.208766207101625
31.208766207101625
31.208766207101625
31.208766207101622
31.208766207101625
31.208766207101622
31.208766207101625
31.208766207101625
47.48953259132925
31.208766207101622
31.208766207101622
31.208766207101625
31.208766207101625
31.208766207101625
31.208766207101625
31.208766207101622
31.208766207101625
31.208766207101625
31.208766207101625
31.208766207101625
31.208766207101625
31.208766207101625
31.208766207101625
31.208766207101625
31.208766207101625
31.208766207101622
31.208766207101625
31.208766207101622
31.208766207101625
31.208766207101625
31.208766207101622
31.208766207101622
31.208766207101622
31.208766207101622
31.208766207101622
31.208766207101622
31.208766207101622
31.208766207101622
31.208766207101622
31.208766207101625
31.208766207101622
31.208766207101622
31.208766207101622
31.208766207101622
31.208766207101622
31.208766207101622
31.208766207101622
31.208766207101622
31.208766207101622
31.208766207101622
31.208766207101622
31.208766207101622
31.208766207101622
31.208766207101622
31.208766207101622
31.208766207101622
31.208766207101622
31.208766207101622
31.208766207101622
31.208766207101622
31.208766207101622
31.208766207101622
31.208766207101622
31.208766207101622
31.208766207101622
31.208766207101622
31.208766207101622
31.208766207101622
31.208766207101622
31.208766207101622
31.208766207101622
31.208766207101622
31.208766207101622
31.208766207101622
31.208766207101622
31.208766207101622
31.208766207101622
31.208766207101622
31.208766207101622
31.208766207101622
31.208766207101622
31.208766207101622
31.208766207101622
31.208766207101622
31.208766207101622
31.208766207101622
31.208766207101622
31.208766207101622
31.208766207101622
31.208766207101622
31.208766207101622
31.208766207101622
31.208766207101622
31.208766207101622
31.208766207101622
31.208766207101622
31.208766207101622
31.208766207101622
31.208766207101622
31.208766207101622
31.208766207101622
31.208766207101622
31.208766207101622
31.208766207101622
31.208766207101622
31.208766207101622
31.208766207101622
31.208766207101622
31.208766207101622
31.208766207101622
31.208766207101622
31.208766207101622
31.208766207101622
31.208766207101622
31.208766207101622
31.208766207101622
31.208766207101622
31.208766207101622
31.208766207101622
31.208766207101622
31.208766207101622
31.208766207101622
31.208766207101622
31.208766207101622
31.208766207101622
31.208766207101622
31.208766207101622
31.208766207101622
31.208766207101622
31.208766207101622
31.208766207101622
31.208766207101622
31.208766207101622
31.208766207101622
31.208766207101622
31.208766207101622
31.208766207101622
31.208766207101622
31.208766207101622
31.208766207101622
31.208766207101622
31.208766207101622
31.208766207101622
31.208766207101622
31.208766207101622
31.208766207101622
31.208766207101622
31.208766207101622
31.208766207101622
31.208766207101622
31.208766207101622
31.208766207101622
31.208766207101622
31.208766207101622
31.208766207101622
31.208766207101622
31.208766207101622
31.208766207101622
31.208766207101622
31.208766207101622
31.208766207101622
31.208766207101622
31.208766207101622
31.208766207101622
31.208766207101622
31.208766207101622
31.208766207101622
31.208766207101622
31.208766207101622
31.208766207101622
31.208766207101622
31.208766207101622
31.208766207101622
31.208766207101622
31.208766207101622
31.208766207101622
31.208766207101622
31.208766207101622
31.208766207101622
31.208766207101622
31.208766207101622
31.208766207101622
31.208766207101622
31.208766207101622
31.208766207101622
31.208766207101622
31.208766207101622
31.208766207101622
31.208766207101622
31.208766207101622
31.208766207101622
31.208766207101622
31.208766207101622
31.208766207101622
31.208766207101622
31.208766207101622
31.208766207101622
31.208766207101622
31.208766207101622
31.208766207101622
31.208766207101622
31.208766207101622
31.208766207101622
31.208766207101622
31.208766207101622
31.208766207101622
31.208766207101622
31.208766207101622
31.208766207101622
31.208766207101622
31.208766207101622
31.208766207101622
31.208766207101622
31.208766207101622
31.208766207101622
31.208766207101622
31.208766207101622
31.208766207101622
31.208766207101622
31.208766207101622
31.208766207101622
31.208766207101622
31.208766207101622
31.208766207101622
31.208766207101622
31.208766207101622
31.208766207101622
31.208766207101622
31.208766207101622
31.208766207101622
31.208766207101622
31.208766207101622
31.208766207101622
31.208766207101622
31.208766207101622
31.208766207101622
31.208766207101622
31.208766207101622
31.208766207101622
31.208766207101622
31.208766207101622
31.208766207101622
31.208766207101622
31.208766207101622
31.208766207101622
31.208766207101622
31.208766207101622
31.208766207101622
31.208766207101622
31.208766207101622
31.208766207101622
31.208766207101622
31.208766207101622
31.208766207101622
31.208766207101622
31.208766207101622
31.208766207101622
31.208766207101622
31.208766207101622
31.208766207101622
31.208766207101622
31.208766207101622
31.208766207101622
31.208766207101622
31.208766207101622
31.208766207101622
31.208766207101622
31.208766207101622
31.208766207101622
31.208766207101622
31.208766207101622
31.208766207101622
31.208766207101622
31.208766207101622
31.208766207101622
31.208766207101622
31.208766207101622
31.208766207101622
31.208766207101622
31.208766207101622
31.208766207101622
31.208766207101622
31.208766207101622
31.208766207101622
31.208766207101622
31.208766207101622
31.208766207101622
31.208766207101622
31.208766207101622
31.208766207101622
31.208766207101622
31.208766207101622
31.208766207101622
31.208766207101622
31.370671712933074
31.208766207101622
31.208766207101622
31.208766207101622
31.208766207101622
31.208766207101622
31.208766207101622
31.208766207101622
31.208766207101622
31.208766207101622
31.208766207101622
31.208766207101622
31.208766207101622
31.208766207101622
31.208766207101622
31.208766207101622
31.208766207101622
31.208766207101622
31.208766207101622
31.208766207101622
31.208766207101622
31.208766207101622
31.208766207101622
31.208766207101622
31.208766207101622
31.208766207101622
31.208766207101622
31.208766207101622
31.208766207101622
31.208766207101622
31.208766207101622
31.208766207101622
31.208766207101622
31.208766207101622
31.208766207101622
31.208766207101622
31.208766207101622
31.208766207101622
31.208766207101622
31.208766207101622
31.208766207101622
31.208766207101622
31.208766207101622
31.208766207101622
31.208766207101622
31.208766207101622
31.208766207101622
31.208766207101622
31.208766207101622
31.208766207101622
31.208766207101622
31.208766207101622
31.208766207101622
31.208766207101622
31.208766207101622
31.208766207101622
31.208766207101622
31.208766207101622
31.208766207101622
31.208766207101622
31.208766207101622
31.208766207101622
31.208766207101622
31.208766207101622
31.208766207101622
31.208766207101622
31.370671712933074
31.208766207101622
31.208766207101622
31.208766207101622
31.208766207101622
31.208766207101622
31.208766207101622
31.208766207101622
31.208766207101622
31.208766207101622
31.208766207101622
31.208766207101622
31.208766207101622
31.208766207101622
31.208766207101622
31.208766207101622
31.208766207101622
31.208766207101622
31.208766207101622
31.208766207101622
31.208766207101622
31.208766207101622
31.208766207101622
31.208766207101622
31.208766207101622
31.208766207101622
31.208766207101622
31.208766207101622
31.208766207101622
31.208766207101622
31.208766207101622
31.208766207101622
31.208766207101622
31.208766207101622
31.208766207101622
31.208766207101622
31.208766207101622
31.208766207101622
31.208766207101622
31.208766207101622
31.208766207101622
31.208766207101622
31.208766207101622
31.208766207101622
35.78577736709661
31.208766207101622
31.208766207101622
31.208766207101622
31.208766207101622
31.208766207101622
31.208766207101622
31.208766207101622
31.208766207101622
31.208766207101622
31.208766207101622
31.208766207101622
31.208766207101622
31.208766207101622
31.208766207101622
31.208766207101622
31.208766207101622
31.208766207101622
31.208766207101622
31.208766207101622
31.208766207101622
31.208766207101622
31.208766207101622
31.208766207101622
31.208766207101622
31.208766207101622
31.208766207101622
31.208766207101622
31.208766207101622
31.208766207101622
31.208766207101622
31.208766207101622
31.208766207101622
31.208766207101622
31.208766207101622
31.208766207101622
31.208766207101622
31.208766207101622
31.208766207101622
31.208766207101622
31.208766207101622
31.208766207101622
31.208766207101622
31.208766207101622
31.370671712933074
31.208766207101622
31.208766207101622
31.208766207101622
31.208766207101622
31.208766207101622
31.208766207101622
31.208766207101622
31.208766207101622
31.208766207101622
31.208766207101622
31.208766207101622
31.208766207101622
31.208766207101622
31.208766207101622
31.208766207101622
31.208766207101622
31.208766207101622
31.208766207101622
31.208766207101622
31.208766207101622
31.208766207101622
31.208766207101622
31.208766207101622
31.208766207101622
31.208766207101622
31.208766207101622
31.208766207101622
31.208766207101622
31.208766207101622
31.208766207101622
31.208766207101622
31.208766207101622
31.208766207101622
31.208766207101622
31.208766207101622
31.208766207101622
31.208766207101622
31.208766207101622
31.208766207101622
31.208766207101622
31.208766207101622
31.208766207101622
31.208766207101622
31.208766207101622
31.208766207101622
31.208766207101622
31.208766207101622
31.208766207101622
31.208766207101622
31.208766207101622
31.208766207101622
31.208766207101622
31.208766207101622
31.208766207101622
31.208766207101622
31.208766207101622
31.208766207101622
31.208766207101622
31.208766207101622
31.208766207101622
31.208766207101622
31.208766207101622
31.208766207101622
31.208766207101622
31.208766207101622
31.208766207101622
31.208766207101622
31.208766207101622
31.208766207101622
31.208766207101622
31.208766207101622
31.208766207101622
31.208766207101622
31.208766207101622
31.208766207101622
31.208766207101622
31.208766207101622
31.208766207101622
31.208766207101622
31.208766207101622
31.208766207101622
31.208766207101622
31.208766207101622
31.208766207101622
31.208766207101622
31.208766207101622
31.208766207101622
31.208766207101622
31.208766207101622
31.208766207101622
31.208766207101622
31.208766207101622
31.208766207101622
31.208766207101622
31.208766207101622
31.208766207101622
31.208766207101622
31.208766207101622
31.208766207101622
31.208766207101622
31.208766207101622
31.208766207101622
31.208766207101622
31.208766207101622
31.208766207101622
31.208766207101622
31.208766207101622
31.208766207101622
31.208766207101622
31.208766207101622
31.208766207101622
31.208766207101622
31.208766207101622
31.208766207101622
31.208766207101622
31.208766207101622
31.208766207101622
31.208766207101622
31.208766207101622
31.208766207101622
31.208766207101622
31.208766207101622
31.208766207101622
31.208766207101622
31.208766207101622
31.208766207101622
31.208766207101622
31.208766207101622
31.208766207101622
31.208766207101622
31.208766207101622
31.208766207101622
31.208766207101622
31.208766207101622
31.208766207101622
31.208766207101622
31.208766207101622
31.208766207101622
31.208766207101622
31.208766207101622
31.208766207101622
31.208766207101622
31.208766207101622
31.208766207101622
31.208766207101622
31.208766207101622
31.208766207101622
31.208766207101622
31.208766207101622
31.208766207101622
31.208766207101622
31.208766207101622
31.208766207101622
31.208766207101622
31.208766207101622
31.208766207101622
31.208766207101622
31.208766207101622
31.208766207101622
31.208766207101622
31.208766207101622
31.208766207101622
31.208766207101622
31.208766207101622
31.208766207101622
31.208766207101622
31.208766207101622
31.208766207101622
31.208766207101622
31.208766207101622
31.208766207101622
31.208766207101622
31.208766207101622
31.208766207101622
31.208766207101622
31.370671712933074
31.208766207101622
31.208766207101622
31.208766207101622
31.208766207101622
31.208766207101622
31.208766207101622
31.208766207101622
31.208766207101622
31.208766207101622
31.208766207101622
31.208766207101622
31.208766207101622
31.208766207101622
31.208766207101622
31.208766207101622
31.208766207101622
31.208766207101622
31.208766207101622
31.208766207101622
31.208766207101622
31.208766207101622
31.208766207101622
31.208766207101622
31.208766207101622
31.208766207101622
31.208766207101622
31.208766207101622
31.208766207101622
31.208766207101622
31.208766207101622
31.208766207101622
31.208766207101622
31.208766207101622
31.208766207101622
31.208766207101622
31.208766207101622
31.208766207101622
31.208766207101622
31.208766207101622
31.208766207101622
31.208766207101622
31.208766207101622
31.208766207101622
31.208766207101622
31.208766207101622
31.208766207101622
31.208766207101622
31.208766207101622
31.208766207101622
31.208766207101622
31.208766207101622
31.208766207101622
31.208766207101622
31.208766207101622
31.208766207101622
31.208766207101622
31.208766207101622
31.208766207101622
31.208766207101622
31.208766207101622
31.208766207101622
31.208766207101622
31.208766207101622
31.208766207101622
31.208766207101622
31.208766207101622
31.208766207101622
31.208766207101622
31.208766207101622
31.208766207101622
31.208766207101622
31.208766207101622
31.208766207101622
31.208766207101622
31.208766207101622
31.208766207101622
31.208766207101622
31.208766207101622
31.208766207101622
31.208766207101622
31.208766207101622
31.208766207101622
31.208766207101622
31.208766207101622
31.208766207101622
31.208766207101622
31.208766207101622
46.575662727139715
31.208766207101622
31.208766207101622
31.208766207101622
31.208766207101622
31.208766207101622
31.208766207101622
31.208766207101622
31.208766207101622
31.208766207101622
31.208766207101622
31.208766207101622
31.208766207101622
31.208766207101622
31.208766207101622
31.208766207101622
31.208766207101622
31.208766207101622
31.208766207101622
31.208766207101622
31.208766207101622
31.208766207101622
31.208766207101625
31.208766207101622
31.208766207101622
31.208766207101622
31.208766207101622
31.208766207101622
31.208766207101622
31.208766207101622
31.208766207101622
31.208766207101622
31.208766207101622
31.208766207101622
31.208766207101622
31.208766207101622
31.208766207101622
31.208766207101622
31.208766207101622
31.208766207101622
31.208766207101622
31.208766207101622
31.208766207101622
31.208766207101622
31.208766207101622
31.208766207101622
31.208766207101622
31.208766207101622
31.208766207101622
31.208766207101622
31.208766207101622
31.208766207101622
31.208766207101622
31.208766207101622
31.208766207101622
31.208766207101622
31.208766207101622
31.208766207101622
31.208766207101622
31.208766207101622
31.208766207101622
31.208766207101622
31.208766207101622
31.208766207101622
31.208766207101622
31.208766207101622
31.208766207101622
31.208766207101622
31.208766207101622
31.208766207101622
31.208766207101622
31.208766207101622
31.208766207101622
31.208766207101622
31.208766207101622
31.208766207101622
31.208766207101622
31.208766207101622
31.208766207101622
31.208766207101622
31.208766207101622
31.208766207101622
31.208766207101622
31.208766207101622
31.208766207101622
31.208766207101622
31.208766207101622
31.208766207101622
31.208766207101622
31.208766207101622
31.208766207101622
31.208766207101622
31.208766207101622
31.208766207101622
31.208766207101622
31.208766207101622
31.208766207101622
31.208766207101622
31.208766207101622
31.208766207101622
31.208766207101622
31.208766207101622
31.208766207101622
31.208766207101622
31.208766207101622
31.208766207101622
31.208766207101622
31.208766207101622
31.208766207101622
31.208766207101622
31.208766207101622
31.208766207101622
31.208766207101622
31.208766207101622
31.208766207101622
31.208766207101622
31.208766207101622
31.208766207101622
31.208766207101622
31.208766207101622
31.208766207101622
31.208766207101622
31.208766207101622
31.208766207101622
31.208766207101622
31.208766207101622
31.208766207101622
31.208766207101622
31.208766207101622
31.208766207101622
31.208766207101622
31.208766207101622
31.208766207101622
31.208766207101622
31.208766207101622
31.208766207101622
31.208766207101622
31.208766207101622
31.208766207101622
31.208766207101622
31.208766207101622
31.208766207101622
31.208766207101622
31.208766207101622
31.208766207101622
31.208766207101622
31.208766207101622
31.208766207101622
31.208766207101622
31.208766207101622
31.208766207101622
31.208766207101622
31.208766207101622
31.208766207101622
31.208766207101622
31.208766207101622
31.208766207101622
31.208766207101622
31.208766207101622
31.208766207101622
31.208766207101622
31.208766207101622
31.208766207101622
31.208766207101622
31.208766207101622
31.208766207101622
31.208766207101622
31.208766207101622
31.208766207101622
31.208766207101622
31.208766207101622
31.208766207101622
31.208766207101622
31.208766207101622
31.208766207101622
31.208766207101622
31.208766207101622
31.208766207101622
31.208766207101622
31.208766207101622
31.208766207101622
31.208766207101622
31.208766207101622
31.208766207101622
31.208766207101622
31.208766207101622
31.208766207101622
31.208766207101622
31.208766207101622
31.208766207101622
31.208766207101622
31.208766207101622
31.208766207101622
31.208766207101622
31.208766207101622
31.208766207101622
31.208766207101622
31.208766207101622
31.208766207101622
31.208766207101622
31.208766207101622
31.208766207101622
31.208766207101622
31.208766207101622
31.208766207101622
31.208766207101622
31.208766207101622
31.208766207101622
31.208766207101622
31.208766207101622
31.208766207101622
31.208766207101622
31.208766207101622
31.208766207101622
31.208766207101622
31.208766207101622
31.208766207101622
31.208766207101622
31.208766207101622
31.208766207101622
31.208766207101622
31.208766207101622
31.208766207101622
31.208766207101622
31.208766207101622
31.208766207101622
31.208766207101622
31.208766207101622
31.208766207101622
31.208766207101622
31.208766207101622
31.208766207101622
31.208766207101622
31.208766207101622
31.208766207101622
31.208766207101622
31.208766207101622
31.208766207101622
31.208766207101622
31.208766207101622
31.208766207101622
31.208766207101622
31.208766207101622
31.208766207101622
31.208766207101622
31.208766207101622
31.208766207101622
31.208766207101622
31.208766207101622
31.208766207101622
31.208766207101622
31.208766207101622
31.208766207101622
31.208766207101622
31.208766207101622
31.208766207101622
31.208766207101622
31.208766207101622
31.208766207101622
31.208766207101622
31.208766207101622
31.208766207101622
31.208766207101622
31.208766207101622
31.208766207101622
31.208766207101622
31.208766207101622
31.208766207101622
31.208766207101622
31.208766207101622
31.208766207101622
31.208766207101622
31.208766207101622
31.208766207101622
31.208766207101622
31.208766207101622
31.208766207101622
31.208766207101622
31.208766207101622
31.208766207101622
31.208766207101622
31.208766207101622
31.208766207101622
31.208766207101622
31.208766207101622
31.208766207101622
31.208766207101622
31.208766207101622
31.208766207101622
31.208766207101622
31.208766207101622
31.208766207101622
31.208766207101622
31.208766207101622
31.208766207101622
31.208766207101622
31.208766207101622
31.208766207101622
31.208766207101622
31.208766207101622
31.208766207101622
31.208766207101622
31.208766207101622
31.208766207101622
31.208766207101622
31.208766207101622
31.208766207101622
31.208766207101622
31.370671712933074
31.208766207101622
31.208766207101622
31.208766207101622
31.208766207101622
31.208766207101622
31.208766207101622
31.208766207101622
31.208766207101622
31.208766207101622
31.208766207101622
31.208766207101622
31.208766207101622
31.208766207101622
31.208766207101622
31.208766207101622
31.208766207101622
31.208766207101622
31.208766207101622
31.208766207101622
31.208766207101622
31.208766207101622
41.2307537142746
31.208766207101622
31.208766207101622
31.208766207101622
31.208766207101622
31.208766207101622
31.208766207101622
31.208766207101622
31.208766207101622
31.208766207101622
31.208766207101622
31.208766207101622
31.208766207101622
31.208766207101622
31.208766207101622
31.208766207101622
31.208766207101622
31.208766207101622
31.208766207101622
31.208766207101622
31.208766207101622
31.208766207101622
31.208766207101622
31.208766207101622
31.208766207101622
31.208766207101622
31.208766207101622
31.208766207101622
31.208766207101622
31.208766207101622
31.208766207101622
31.208766207101622
31.208766207101622
31.208766207101622
31.208766207101622
31.208766207101622
31.208766207101622
31.208766207101622
31.208766207101622
31.208766207101622
31.208766207101622
31.208766207101622
31.208766207101622
31.208766207101622
31.208766207101622
31.208766207101622
31.208766207101622
31.208766207101622
31.208766207101622
31.208766207101622
31.208766207101622
31.208766207101622
31.208766207101622
31.208766207101622
31.208766207101622
31.208766207101622
31.208766207101622
31.208766207101622
31.208766207101622
31.208766207101622
31.208766207101622
31.208766207101622
31.208766207101622
31.208766207101622
31.208766207101622
31.208766207101622
31.208766207101622
31.208766207101622
31.208766207101622
31.208766207101622
31.208766207101622
31.208766207101622
31.208766207101622
31.208766207101622
31.208766207101622
31.208766207101622
31.208766207101622
31.208766207101622
31.208766207101622
31.208766207101622
31.208766207101622
31.208766207101622
31.208766207101622
31.208766207101622
31.208766207101622
31.208766207101622
31.208766207101622
31.208766207101622
31.208766207101622
31.208766207101622
31.208766207101622
31.208766207101622
31.208766207101622
31.208766207101622
31.208766207101622
31.208766207101622
31.208766207101622
31.208766207101622
31.208766207101622
31.208766207101622
31.208766207101622
31.208766207101622
31.208766207101622
31.208766207101622
31.208766207101622
31.208766207101622
31.208766207101622
31.208766207101622
31.208766207101622
31.208766207101622
31.208766207101622
31.208766207101622
31.208766207101622
31.208766207101622
31.208766207101622
31.208766207101622
31.208766207101622
31.208766207101622
31.208766207101622
31.208766207101622
31.208766207101622
31.208766207101622
31.208766207101622
31.208766207101622
31.208766207101622
31.208766207101622
31.208766207101622
31.208766207101622
31.208766207101622
31.208766207101622
31.208766207101622
31.208766207101622
31.208766207101622
31.208766207101622
31.208766207101622
31.208766207101622
31.208766207101622
31.208766207101622
31.208766207101622
31.208766207101622
31.208766207101622
31.208766207101622
31.208766207101622
31.208766207101622
31.208766207101622
31.208766207101622
31.208766207101622
31.208766207101622
31.208766207101622
31.208766207101622
31.208766207101622
31.208766207101622
31.208766207101622
31.208766207101622
31.208766207101622
31.208766207101622
31.208766207101622
31.208766207101622
31.208766207101622
31.208766207101622
31.208766207101622
31.208766207101622
31.208766207101622
31.208766207101622
31.208766207101622
31.208766207101622
31.208766207101622
31.208766207101622
31.208766207101622
31.208766207101622
31.208766207101622
31.208766207101622
31.208766207101622
31.208766207101622
31.208766207101622
31.208766207101622
31.208766207101622
31.208766207101622
31.208766207101622
31.208766207101622
31.208766207101622
31.208766207101622
31.208766207101622
31.208766207101622
31.208766207101622
31.208766207101622
31.208766207101622
31.208766207101622
31.208766207101622
31.208766207101622
31.208766207101622
31.208766207101622
31.208766207101622
31.208766207101622
31.208766207101622
31.208766207101622
31.208766207101622
31.208766207101622
31.370671712933078
31.208766207101622
31.208766207101622
31.208766207101622
31.208766207101622
31.208766207101622
31.208766207101622
31.208766207101622
31.208766207101622
31.208766207101622
31.208766207101622
31.208766207101622
31.208766207101622
31.208766207101622
31.208766207101622
31.208766207101622
31.208766207101622
31.208766207101622
31.208766207101622
31.208766207101622
31.208766207101622
31.208766207101622
31.208766207101625
31.208766207101622
31.208766207101622
31.208766207101622
31.208766207101622
31.208766207101622
31.208766207101622
31.208766207101622
31.208766207101622
31.208766207101622
31.208766207101622
31.208766207101622
31.208766207101622
31.208766207101622
31.208766207101622
31.208766207101622
31.208766207101622
31.208766207101622
31.208766207101622
31.208766207101622
31.208766207101622
31.208766207101622
31.208766207101622
31.208766207101622
31.208766207101622
31.208766207101622
31.208766207101622
31.208766207101622
31.208766207101622
31.208766207101622
31.208766207101622
31.208766207101622
31.208766207101622
31.208766207101622
31.208766207101622
31.208766207101622
31.208766207101622
31.208766207101622
31.208766207101622
31.208766207101622
31.208766207101622
31.208766207101622
31.208766207101622
31.208766207101622
31.208766207101622
31.208766207101622
31.208766207101622
31.208766207101622
31.208766207101622
31.208766207101622
31.208766207101622
31.208766207101622
31.208766207101622
31.208766207101622
31.208766207101622
31.208766207101622
31.208766207101622
31.208766207101622
31.208766207101622
31.208766207101622
31.208766207101622
31.208766207101622
31.208766207101622
31.208766207101622
31.208766207101622
31.208766207101622
31.208766207101622
31.208766207101622
31.208766207101622
31.208766207101622
31.208766207101622
31.208766207101622
31.208766207101622
31.208766207101622
31.208766207101622
31.208766207101622
31.208766207101622
31.208766207101622
31.208766207101622
31.208766207101622
31.208766207101622
31.208766207101622
31.208766207101622
31.208766207101622
31.208766207101622
31.208766207101622
31.208766207101622
31.208766207101622
31.208766207101622
31.208766207101622
31.208766207101622
31.208766207101622
31.208766207101622
31.208766207101622
31.208766207101622
31.208766207101622
31.208766207101622
31.208766207101622
31.208766207101622
31.208766207101622
31.208766207101622
31.208766207101622
31.208766207101622
31.208766207101622
31.208766207101622
31.208766207101622
31.208766207101622
31.208766207101622
31.208766207101622
31.208766207101622
31.208766207101622
31.208766207101622
31.208766207101622
31.208766207101622
31.208766207101622
31.208766207101622
31.208766207101622
31.208766207101622
31.208766207101622
31.208766207101622
31.208766207101622
31.208766207101622
31.208766207101622
31.208766207101622
31.208766207101622
31.208766207101622
31.208766207101622
31.208766207101622
31.208766207101622
31.208766207101622
31.208766207101622
31.208766207101622
31.208766207101622
31.208766207101622
31.208766207101622
31.208766207101622
31.208766207101622
31.208766207101622
31.208766207101622
31.208766207101622
31.208766207101622
31.208766207101622
31.208766207101622
31.208766207101622
31.208766207101622
31.208766207101622
31.208766207101622
31.208766207101622
31.208766207101622
31.208766207101622
31.208766207101622
31.208766207101622
31.208766207101622
31.208766207101622
31.208766207101622
31.208766207101622
31.208766207101622
31.208766207101622
31.208766207101622
31.208766207101622
31.208766207101622
31.208766207101622
31.208766207101622
31.208766207101622
31.208766207101622
31.208766207101622
31.208766207101622
31.208766207101622
31.208766207101622
31.208766207101622
31.208766207101622
31.208766207101622
31.208766207101622
31.208766207101622
31.208766207101622
31.208766207101622
31.208766207101622
31.208766207101622
31.208766207101622
31.208766207101622
31.208766207101622
31.208766207101622
31.208766207101622
31.208766207101622
31.208766207101622
31.208766207101622
31.208766207101622
31.208766207101622
31.208766207101622
31.208766207101622
31.208766207101622
31.208766207101622
31.208766207101622
31.208766207101622
31.208766207101622
31.208766207101622
31.208766207101622
31.208766207101622
31.208766207101622
31.208766207101622
31.208766207101622
31.208766207101622
31.208766207101622
31.208766207101622
31.208766207101622
31.208766207101622
31.208766207101622
31.208766207101622
31.208766207101622
31.208766207101622
31.208766207101622
31.208766207101622
31.208766207101622
31.208766207101622
31.208766207101622
31.208766207101622
31.208766207101622
31.208766207101622
31.208766207101622
31.208766207101622
31.208766207101622
