1.81
24
61.051834403621335
65.62414819615582
59.36966373659175
55.68269304827241
67.84438706823549
54.522598630790235
68.9393490455876
70.62217657499599
66.81439934199736
59.69700834442038
67.60028545270481
64.11329041978868
62.30854704426183
61.14493971758296
60.04310456612582
68.38756079912557
58.42328768970327
66.66125625605927
70.16255633062526
54.53950019676529
53.428801074345174
55.34274030971078
65.54396039928046
74.79059551109393
46.80530888132215
50.925834713958366
53.92743745248544
53.728162229289936
45.05795823675446
49.19857853645077
40.93915030486073
51.62898359792435
54.34555291454509
49.753169794357255
46.660690931979275
48.91017356629694
48.6794591470795
50.279689657217126
49.63315621180522
47.18545353084033
52.38359652045568
44.94014026464144
54.06189532859382
52.650036431404224
43.99454985902966
46.80530888132215
45.00549140490131
53.633631393420906
53.47032008498204
35.188506599284736
46.28368615697793
37.718818420670644
45.65569121793507
39.23126735725505
43.686933099605554
35.188506599284736
33.48062365167905
44.90171207448282
40.090409062450036
41.974898762744765
45.1589002535043
40.624634580445466
41.93863670528305
44.43414559532767
42.96910087295204
42.87779468300565
33.48062365167905
33.48062365167905
46.28349766894314
40.265889489813574
40.38559273409025
44.83542391082977
44.54109749318745
47.11880906892204
32.32533766935436
33.48062365167905
35.54248351060636
33.48062365167905
33.48062365167905
40.41981280712513
31.375524041487818
32.32533766935436
37.49168994157114
39.83915317589316
39.85335847224545
42.391059615360454
38.40936371815749
32.32533766935436
42.67199854582237
39.00374818958196
37.0788665355002
32.32533766935436
32.32533766935436
40.502745364689474
38.69005500171649
36.38264985040999
32.32533766935436
32.32533766935436
32.32533766935436
31.375524041487818
31.37552404148782
31.594382625432065
32.32533766935436
32.32533766935436
38.098096948367996
31.375524041487818
31.828317520454547
31.37552404148782
32.32533766935436
38.046194515261554
41.01866991923753
36.922091208435674
31.828317520454547
40.259074724205675
31.37552404148782
34.660227097265256
31.37552404148782
31.37552404148782
39.09280386775336
37.90119958034316
34.86992817569154
31.37552404148782
31.37552404148782
31.828317520454547
30.878503892588
30.878503892588
31.594382625432065
31.828317520454547
31.828317520454547
36.63753212430554
30.878503892588
30.878503892588
30.878503892588
30.878503892588
36.464166107317894
30.878503892588
35.482655906446645
31.828317520454547
39.77825267188889
30.878503892588
33.11989038349395
30.878503892588
30.878503892588
38.35260126317891
32.89834140671385
30.878503892588
30.878503892588
30.878503892588
30.878503892588
31.23207702795848
30.878503892588
30.878503892588
30.878503892588
31.828317520454547
30.878503892588
30.878503892588
30.878503892588
30.878503892588
30.878503892588
31.232077027958482
30.878503892588
34.24098164697444
31.828317520454547
39.589114869532075
30.878503892588
31.232077027958482
30.878503892588
30.878503892588
38.35260126317891
31.232077027958482
30.878503892588
30.878503892588
30.878503892588
30.878503892588
45.11860817456299
30.878503892588
30.878503892588
30.878503892588
31.23207702795848
30.878503892588
30.878503892588
30.878503892588
30.878503892588
30.878503892588
30.878503892588
30.878503892588
34.24098164697444
31.23207702795848
39.309089251843744
30.878503892588
30.878503892588
30.878503892588
30.878503892588
38.35260126317891
31.232077027958482
30.878503892588
30.878503892588
30.878503892588
30.878503892588
30.878503892588
30.878503892588
30.878503892588
30.878503892588
30.878503892588004
30.878503892588
30.878503892588
30.878503892588
30.878503892588
30.878503892588
30.878503892588
30.878503892588
30.878503892588004
30.878503892588004
39.07628895179866
30.878503892588
30.878503892588
30.878503892588
30.878503892588
30.878503892588004
30.878503892588
30.878503892588
30.878503892588
30.878503892588
30.878503892588
31.23207702795848
30.878503892588
30.878503892588
30.878503892588
30.878503892588004
30.878503892588
30.878503892588
30.878503892588
30.878503892588
30.878503892588
30.878503892588
30.878503892588
30.878503892588004
30.878503892588004
38.08513602101186
30.878503892588
30.878503892588
30.878503892588
30.878503892588
30.878503892588004
30.878503892588
30.878503892588
30.878503892588
30.878503892588
30.878503892588
30.878503892588
30.878503892588
30.878503892588
30.878503892588
30.878503892588004
30.878503892588
30.878503892588
30.878503892588
30.878503892588
30.878503892588
30.878503892588
30.878503892588
30.878503892588004
30.878503892588004
30.878503892588004
30.878503892588
30.878503892588
30.878503892588
30.878503892588
30.878503892588004
30.878503892588
30.878503892588
30.878503892588
30.878503892588
30.878503892588
31.23207702795848
30.878503892588
30.878503892588
30.878503892588
30.878503892588004
30.878503892588
30.878503892588
30.878503892588
30.878503892588
30.878503892588
30.878503892588
30.878503892588
30.878503892588004
30.878503892588004
30.878503892588004
30.878503892588
30.878503892588
30.878503892588
30.878503892588
30.878503892588004
30.878503892588
30.878503892588
30.878503892588
30.878503892588
30.878503892588
31.232077027958482
30.878503892588
30.878503892588
30.878503892588
30.878503892588004
30.878503892588
30.878503892588
30.878503892588
30.878503892588
30.878503892588
30.878503892588
30.878503892588
30.878503892588004
30.878503892588004
30.878503892588004
30.878503892588
30.878503892588
30.878503892588
30.878503892588
30.878503892588004
30.878503892588
30.878503892588
30.878503892588
30.878503892588
30.878503892588
30.878503892588004
30.878503892588
30.878503892588
30.878503892588
30.878503892588004
30.878503892588
30.878503892588
30.878503892588
30.878503892588
30.878503892588
30.878503892588
30.878503892588
30.878503892588004
30.878503892588004
30.878503892588004
30.878503892588
30.878503892588
30.878503892588
30.878503892588
30.878503892588004
30.878503892588
30.878503892588
30.878503892588
30.878503892588
30.878503892588
30.878503892588004
30.878503892588
30.878503892588
30.878503892588
30.878503892588004
30.878503892588
30.878503892588
30.878503892588
30.878503892588
30.878503892588
30.878503892588
30.878503892588
30.878503892588004
30.878503892588004
30.878503892588004
30.878503892588
30.878503892588
30.878503892588
30.878503892588
30.878503892588004
30.878503892588
30.878503892588
30.878503892588
30.878503892588
30.878503892588
30.878503892588004
30.878503892588
30.878503892588
30.878503892588
30.878503892588004
30.878503892588
30.878503892588
30.878503892588
30.878503892588
30.878503892588
30.878503892588
30.878503892588
30.878503892588004
30.878503892588004
30.878503892588004
30.878503892588
30.878503892588
30.878503892588
30.878503892588
30.878503892588004
30.878503892588
30.878503892588
30.878503892588
30.878503892588
30.878503892588
31.23207702795848
30.878503892588
30.878503892588
30.878503892588
30.878503892588004
30.878503892588
30.878503892588
30.878503892588
30.878503892588
30.878503892588
30.878503892588
30.878503892588
30.878503892588004
30.878503892588004
30.878503892588004
30.878503892588
30.878503892588
30.878503892588
30.878503892588
30.878503892588004
30.878503892588
30.878503892588
30.878503892588
30.878503892588
30.878503892588
30.878503892588
30.878503892588
30.878503892588
30.878503892588
30.878503892588004
30.878503892588
30.878503892588
30.878503892588
30.878503892588
30.878503892588
30.878503892588
30.878503892588
30.878503892588004
30.878503892588004
30.878503892588004
30.878503892588
30.878503892588
30.878503892588
30.878503892588
30.878503892588004
30.878503892588
30.878503892588
30.878503892588
30.878503892588
30.878503892588
30.878503892588
30.878503892588
30.878503892588
30.878503892588
30.878503892588004
30.878503892588
30.878503892588
30.878503892588
30.878503892588
30.878503892588
30.878503892588
30.878503892588
30.878503892588004
30.878503892588004
30.878503892588004
30.878503892588
30.878503892588
30.878503892588
30.878503892588
30.878503892588004
30.878503892588
30.878503892588
30.878503892588
30.878503892588
30.878503892588
30.878503892588
30.878503892588
30.878503892588
30.878503892588
30.878503892588004
30.878503892588
30.878503892588
30.878503892588
30.878503892588
30.878503892588
30.878503892588
30.878503892588
30.878503892588004
30.878503892588004
30.878503892588004
30.878503892588
30.878503892588
30.878503892588
30.878503892588
30.878503892588004
30.878503892588
30.878503892588
30.878503892588
30.878503892588
30.878503892588
30.878503892588
30.878503892588
30.878503892588
30.878503892588
30.878503892588004
30.878503892588
30.878503892588
30.878503892588
30.878503892588
30.878503892588
30.878503892588
30.878503892588
30.878503892588004
30.878503892588004
30.878503892588004
30.878503892588
30.878503892588
30.878503892588
30.878503892588
30.878503892588004
30.878503892588
30.878503892588
30.878503892588
30.878503892588
30.878503892588
30.878503892588
30.878503892588
30.878503892588
30.878503892588
30.878503892588004
30.878503892588
30.878503892588
30.878503892588
30.878503892588
30.878503892588
30.878503892588
30.878503892588
30.878503892588004
30.878503892588004
30.878503892588004
30.878503892588
30.878503892588
30.878503892588
30.878503892588
30.878503892588004
30.878503892588
30.878503892588
30.878503892588
30.878503892588
30.878503892588
31.23207702795848
30.878503892588
30.878503892588
30.878503892588
30.878503892588004
30.878503892588
30.878503892588
30.878503892588
30.878503892588
30.878503892588
30.878503892588
30.878503892588
30.878503892588004
30.878503892588004
30.878503892588004
30.878503892588
30.878503892588
30.878503892588
30.878503892588
30.878503892588004
30.878503892588
30.878503892588
30.878503892588
30.878503892588
30.878503892588
30.878503892588004
30.878503892588
30.878503892588
30.878503892588
30.878503892588004
30.878503892588
30.878503892588
30.878503892588
30.878503892588
30.878503892588
30.878503892588
30.878503892588
30.878503892588004
30.878503892588004
30.878503892588004
30.878503892588
30.878503892588
30.878503892588
30.878503892588
30.878503892588004
30.878503892588
30.878503892588
30.878503892588
30.878503892588
30.878503892588
31.23207702795848
30.878503892588
30.878503892588
30.878503892588
30.878503892588004
30.878503892588
30.878503892588
30.878503892588
30.878503892588
30.878503892588
30.878503892588
30.878503892588
30.878503892588004
30.878503892588004
30.878503892588004
30.878503892588
30.878503892588
30.878503892588
30.878503892588
30.878503892588004
30.878503892588
30.878503892588
30.878503892588
30.878503892588
30.878503892588
31.23207702795848
30.878503892588
30.878503892588
30.878503892588
30.878503892588004
30.878503892588
30.878503892588
30.878503892588
30.878503892588
30.878503892588
30.878503892588
30.878503892588
30.878503892588004
30.878503892588004
30.878503892588004
30.878503892588
30.878503892588
30.878503892588
30.878503892588
30.878503892588004
30.878503892588
30.878503892588
30.878503892588
30.878503892588
30.878503892588
30.878503892588004
30.878503892588
30.878503892588
30.878503892588
30.878503892588004
30.878503892588
30.878503892588
30.878503892588
30.878503892588
30.878503892588
30.878503892588
30.878503892588
30.878503892588004
30.878503892588004
30.878503892588004
30.878503892588
30.878503892588
30.878503892588
30.878503892588
30.878503892588004
30.878503892588
30.878503892588
30.878503892588
30.878503892588
30.878503892588
31.23207702795848
30.878503892588
30.878503892588
30.878503892588
30.878503892588004
30.878503892588
30.878503892588
30.878503892588
30.878503892588
30.878503892588
30.878503892588
30.878503892588
30.878503892588004
30.878503892588004
30.878503892588004
30.878503892588
30.878503892588
30.878503892588
30.878503892588
30.878503892588004
30.878503892588
30.878503892588
30.878503892588
30.878503892588
30.878503892588
30.878503892588004
30.878503892588
30.878503892588
30.878503892588
30.878503892588004
30.878503892588
30.878503892588
30.878503892588
30.878503892588
30.878503892588
30.878503892588
30.878503892588
30.878503892588004
30.878503892588004
30.878503892588004
30.878503892588
30.878503892588
30.878503892588
30.878503892588
30.878503892588004
30.878503892588
30.878503892588
30.878503892588
30.878503892588
30.878503892588
30.878503892588004
30.878503892588
30.878503892588
30.878503892588
30.878503892588004
30.878503892588
30.878503892588
30.878503892588
30.878503892588
30.878503892588
30.878503892588
30.878503892588
30.878503892588004
30.878503892588004
30.878503892588004
30.878503892588
30.878503892588
30.878503892588
30.878503892588
30.878503892588004
30.878503892588
30.878503892588
30.878503892588
30.878503892588
30.878503892588
31.23207702795848
30.878503892588
30.878503892588
30.878503892588
30.878503892588004
30.878503892588
30.878503892588
30.878503892588
30.878503892588
30.878503892588
30.878503892588
30.878503892588
30.878503892588004
30.878503892588004
30.878503892588004
30.878503892588
30.878503892588
30.878503892588
30.878503892588
30.878503892588004
30.878503892588
30.878503892588
30.878503892588
30.878503892588
30.878503892588
30.878503892588004
30.878503892588
30.878503892588
30.878503892588
30.878503892588004
30.878503892588
30.878503892588
30.878503892588
30.878503892588
30.878503892588
30.878503892588
30.878503892588
30.878503892588004
30.878503892588004
30.878503892588004
30.878503892588
30.878503892588
30.878503892588
30.878503892588
30.878503892588004
30.878503892588
30.878503892588
30.878503892588
30.878503892588
30.878503892588
31.23207702795848
30.878503892588
30.878503892588
30.878503892588
30.878503892588004
30.878503892588
30.878503892588
30.878503892588
30.878503892588
30.878503892588
30.878503892588
30.878503892588
30.878503892588004
30.878503892588004
30.878503892588004
30.878503892588
30.878503892588
30.878503892588
30.878503892588
30.878503892588004
30.878503892588
30.878503892588
30.878503892588
30.878503892588
30.878503892588
30.878503892588
30.878503892588
30.878503892588
30.878503892588
30.878503892588004
30.878503892588
30.878503892588
30.878503892588
30.878503892588
30.878503892588
30.878503892588
30.878503892588
30.878503892588004
30.878503892588004
30.878503892588004
30.878503892588
30.878503892588
30.878503892588
30.878503892588
30.878503892588004
30.878503892588
30.878503892588
30.878503892588
30.878503892588
30.878503892588
30.878503892588
30.878503892588
30.878503892588
30.878503892588
30.878503892588004
30.878503892588
30.878503892588
30.878503892588
30.878503892588
30.878503892588
30.878503892588
30.878503892588
30.878503892588004
30.878503892588004
30.878503892588004
30.878503892588
30.878503892588
30.878503892588
30.878503892588
30.878503892588004
30.878503892588
30.878503892588
30.878503892588
30.878503892588
30.878503892588
30.878503892588
30.878503892588
30.878503892588
30.878503892588
30.878503892588004
30.878503892588
30.878503892588
30.878503892588
30.878503892588
30.878503892588
30.878503892588
30.878503892588
30.878503892588004
30.878503892588004
30.878503892588004
30.878503892588
30.878503892588
30.878503892588
30.878503892588
30.878503892588004
30.878503892588
30.878503892588
30.878503892588
30.878503892588
30.878503892588
30.878503892588
30.878503892588
30.878503892588
30.878503892588
30.878503892588004
30.878503892588
30.878503892588
30.878503892588
30.878503892588
30.878503892588
30.878503892588
30.878503892588
30.878503892588004
30.878503892588004
30.878503892588004
30.878503892588
30.878503892588
30.878503892588
30.878503892588
30.878503892588004
30.878503892588
30.878503892588
30.878503892588
30.878503892588
30.878503892588
31.23207702795848
30.878503892588
30.878503892588
30.878503892588
30.878503892588004
30.878503892588
30.878503892588
30.878503892588
30.878503892588
30.878503892588
30.878503892588
30.878503892588
30.878503892588004
30.878503892588004
30.878503892588004
30.878503892588
30.878503892588
30.878503892588
30.878503892588
30.878503892588004
30.878503892588
30.878503892588
30.878503892588
30.878503892588
30.878503892588
31.23207702795848
30.878503892588
30.878503892588
30.878503892588
30.878503892588004
30.878503892588
30.878503892588
30.878503892588
30.878503892588
30.878503892588
30.878503892588
30.878503892588
30.878503892588004
30.878503892588004
30.878503892588004
30.878503892588
30.878503892588
30.878503892588
30.878503892588
30.878503892588004
30.878503892588
30.878503892588
30.878503892588
30.878503892588
30.878503892588
30.878503892588004
30.878503892588
30.878503892588
30.878503892588
30.878503892588004
30.878503892588
30.878503892588
30.878503892588
30.878503892588
30.878503892588
30.878503892588
30.878503892588
30.878503892588004
30.878503892588004
30.878503892588004
30.878503892588
30.878503892588
30.878503892588
30.878503892588
30.878503892588004
30.878503892588
30.878503892588
30.878503892588
30.878503892588
30.878503892588
30.878503892588004
30.878503892588
30.878503892588
30.878503892588
30.878503892588004
30.878503892588
30.878503892588
30.878503892588
30.878503892588
30.878503892588
30.878503892588
30.878503892588
30.878503892588004
30.878503892588004
30.878503892588004
30.878503892588
30.878503892588
30.878503892588
30.878503892588
30.878503892588004
30.878503892588
30.878503892588
30.878503892588
30.878503892588
30.878503892588
38.52476566713737
30.878503892588
30.878503892588
30.878503892588
30.878503892588004
30.878503892588
30.878503892588
30.878503892588
30.878503892588
30.878503892588
30.878503892588
30.878503892588
30.878503892588004
30.878503892588004
30.878503892588004
30.878503892588
30.878503892588
30.878503892588
30.878503892588
30.878503892588004
30.878503892588
30.878503892588
30.878503892588
30.878503892588
30.878503892588
30.878503892588004
30.878503892588
30.878503892588
30.878503892588
30.878503892588004
30.878503892588
30.878503892588
30.878503892588
30.878503892588
30.878503892588
30.878503892588
30.878503892588
30.878503892588004
30.878503892588004
30.878503892588004
30.878503892588
30.878503892588
30.878503892588
30.878503892588
30.878503892588004
30.878503892588
30.878503892588
30.878503892588
30.878503892588
30.878503892588
30.878503892588
30.878503892588
30.878503892588
30.878503892588
30.878503892588004
30.878503892588
30.878503892588
30.878503892588
30.878503892588
30.878503892588
30.878503892588
30.878503892588
30.878503892588004
30.878503892588004
30.878503892588004
30.878503892588
30.878503892588
30.878503892588
30.878503892588
30.878503892588004
30.878503892588
30.878503892588
30.878503892588
30.878503892588
30.878503892588
30.878503892588
30.878503892588
30.878503892588
30.878503892588
30.878503892588004
30.878503892588
30.878503892588
30.878503892588
30.878503892588
30.878503892588
30.878503892588
30.878503892588
30.878503892588004
30.878503892588004
30.878503892588004
30.878503892588
30.878503892588
30.878503892588
30.878503892588
30.878503892588004
30.878503892588
30.878503892588
30.878503892588
30.878503892588
30.878503892588
30.878503892588
30.878503892588
30.878503892588
30.878503892588
30.878503892588004
30.878503892588
30.878503892588
30.878503892588
30.878503892588
30.878503892588
30.878503892588
30.878503892588
30.878503892588004
30.878503892588004
30.878503892588004
30.878503892588
30.878503892588
30.878503892588
30.878503892588
30.878503892588004
30.878503892588
30.878503892588
30.878503892588
30.878503892588
30.878503892588
30.878503892588
30.878503892588
30.878503892588
30.878503892588
30.878503892588004
30.878503892588
30.878503892588
30.878503892588
30.878503892588
30.878503892588
30.878503892588
30.878503892588
30.878503892588004
30.878503892588004
30.878503892588004
30.878503892588
30.878503892588
30.878503892588
30.878503892588
30.878503892588004
30.878503892588
30.878503892588
30.878503892588
30.878503892588
30.878503892588
30.878503892588
30.878503892588
30.878503892588
30.878503892588
30.878503892588004
30.878503892588
30.878503892588
30.878503892588
30.878503892588
30.878503892588
30.878503892588
30.878503892588
30.878503892588004
30.878503892588004
30.878503892588004
30.878503892588
30.878503892588
30.878503892588
30.878503892588
30.878503892588004
30.878503892588
30.878503892588
30.878503892588
30.878503892588
30.878503892588
30.878503892588
30.878503892588
30.878503892588
30.878503892588
30.878503892588004
30.878503892588
30.878503892588
30.878503892588
30.878503892588
30.878503892588
30.878503892588
30.878503892588
30.878503892588004
30.878503892588004
30.878503892588004
30.878503892588
30.878503892588
30.878503892588
30.878503892588
30.878503892588004
30.878503892588
30.878503892588
30.878503892588
30.878503892588
30.878503892588
30.878503892588
30.878503892588
30.878503892588
30.878503892588
30.878503892588004
30.878503892588
30.878503892588
30.878503892588
30.878503892588
30.878503892588
30.878503892588
30.878503892588
30.878503892588004
30.878503892588004
30.878503892588004
30.878503892588
30.878503892588
30.878503892588
30.878503892588
30.878503892588004
30.878503892588
30.878503892588
30.878503892588
30.878503892588
30.878503892588
30.878503892588
30.878503892588
30.878503892588
30.878503892588
30.878503892588004
30.878503892588
30.878503892588
30.878503892588
30.878503892588
30.878503892588
30.878503892588
30.878503892588
30.878503892588004
30.878503892588004
30.878503892588004
30.878503892588
30.878503892588
30.878503892588
30.878503892588
30.878503892588004
30.878503892588
30.878503892588
30.878503892588
30.878503892588
30.878503892588
30.878503892588
30.878503892588
30.878503892588
30.878503892588
30.878503892588004
30.878503892588
30.878503892588
30.878503892588
30.878503892588
30.878503892588
30.878503892588
30.878503892588
30.878503892588004
30.878503892588004
30.878503892588004
30.878503892588
30.878503892588
30.878503892588
30.878503892588
30.878503892588004
30.878503892588
30.878503892588
30.878503892588
30.878503892588
30.878503892588
30.878503892588
30.878503892588
30.878503892588
30.878503892588
30.878503892588004
30.878503892588
30.878503892588
30.878503892588
30.878503892588
30.878503892588
30.878503892588
30.878503892588
30.878503892588004
30.878503892588004
30.878503892588004
30.878503892588
30.878503892588
30.878503892588
30.878503892588
30.878503892588004
30.878503892588
30.878503892588
30.878503892588
30.878503892588
30.878503892588
30.878503892588
30.878503892588
30.878503892588
30.878503892588
30.878503892588004
30.878503892588
30.878503892588
30.878503892588
30.878503892588
30.878503892588
30.878503892588
30.878503892588
30.878503892588004
30.878503892588004
30.878503892588004
30.878503892588
30.878503892588
30.878503892588
30.878503892588
30.878503892588004
30.878503892588
30.878503892588
30.878503892588
30.878503892588
30.878503892588
30.878503892588
30.878503892588
30.878503892588
30.878503892588
30.878503892588004
30.878503892588
30.878503892588
30.878503892588
30.878503892588
30.878503892588
30.878503892588
30.878503892588
30.878503892588004
30.878503892588004
30.878503892588004
30.878503892588
30.878503892588
30.878503892588
30.878503892588
30.878503892588004
30.878503892588
30.878503892588
30.878503892588
30.878503892588
30.878503892588
31.23207702795848
30.878503892588
30.878503892588
30.878503892588
30.878503892588004
30.878503892588
30.878503892588
30.878503892588
30.878503892588
30.878503892588
30.878503892588
30.878503892588
30.878503892588004
30.878503892588004
30.878503892588004
30.878503892588
30.878503892588
30.878503892588
30.878503892588
30.878503892588004
30.878503892588
30.878503892588
30.878503892588
30.878503892588
30.878503892588
30.878503892588004
30.878503892588
30.878503892588
30.878503892588
30.878503892588004
30.878503892588
30.878503892588
30.878503892588
30.878503892588
30.878503892588
30.878503892588
30.878503892588
30.878503892588004
30.878503892588004
30.878503892588004
30.878503892588
30.878503892588
30.878503892588
30.878503892588
30.878503892588004
30.878503892588
30.878503892588
30.878503892588
30.878503892588
30.878503892588
30.878503892588
30.878503892588
30.878503892588
30.878503892588
30.878503892588004
30.878503892588
30.878503892588
30.878503892588
30.878503892588
30.878503892588
30.878503892588
30.878503892588
30.878503892588004
30.878503892588004
30.878503892588004
30.878503892588
30.878503892588
30.878503892588
30.878503892588
30.878503892588004
30.878503892588
30.878503892588
30.878503892588
30.878503892588
30.878503892588
30.878503892588
30.878503892588
30.878503892588
30.878503892588
30.878503892588004
30.878503892588
30.878503892588
30.878503892588
30.878503892588
30.878503892588
30.878503892588
30.878503892588
30.878503892588004
30.878503892588004
30.878503892588004
30.878503892588
30.878503892588
30.878503892588
30.878503892588
30.878503892588004
30.878503892588
30.878503892588
30.878503892588
30.878503892588
30.878503892588
30.878503892588
30.878503892588
30.878503892588
30.878503892588
30.878503892588004
30.878503892588
30.878503892588
30.878503892588
30.878503892588
30.878503892588
30.878503892588
30.878503892588
30.878503892588004
30.878503892588004
30.878503892588004
30.878503892588
30.878503892588
30.878503892588
30.878503892588
30.878503892588004
30.878503892588
30.878503892588
30.878503892588
30.878503892588
30.878503892588
30.878503892588
30.878503892588
30.878503892588
30.878503892588
30.878503892588004
30.878503892588
30.878503892588
30.878503892588
30.878503892588
30.878503892588
30.878503892588
30.878503892588
30.878503892588004
30.878503892588004
30.878503892588004
30.878503892588
30.878503892588
30.878503892588
30.878503892588
30.878503892588004
30.878503892588
30.878503892588
30.878503892588
30.878503892588
30.878503892588
30.878503892588
30.878503892588
30.878503892588
30.878503892588
30.878503892588004
30.878503892588
30.878503892588
30.878503892588
30.878503892588
30.878503892588
30.878503892588
30.878503892588
30.878503892588004
30.878503892588004
30.878503892588004
30.878503892588
30.878503892588
30.878503892588
30.878503892588
30.878503892588004
30.878503892588
30.878503892588
30.878503892588
30.878503892588
30.878503892588
30.878503892588
30.878503892588
30.878503892588
30.878503892588
30.878503892588004
30.878503892588
30.878503892588
30.878503892588
30.878503892588
30.878503892588
30.878503892588
30.878503892588
30.878503892588004
30.878503892588004
30.878503892588004
30.878503892588
30.878503892588
30.878503892588
30.878503892588
30.878503892588004
30.878503892588
30.878503892588
30.878503892588
30.878503892588
30.878503892588
30.878503892588
30.878503892588
30.878503892588
30.878503892588
30.878503892588004
30.878503892588
30.878503892588
30.878503892588
30.878503892588
30.878503892588
30.878503892588
30.878503892588
30.878503892588004
30.878503892588004
30.878503892588004
30.878503892588
30.878503892588
30.878503892588
30.878503892588
30.878503892588004
30.878503892588
30.878503892588
30.878503892588
30.878503892588
30.878503892588
38.179460637153056
30.878503892588
30.878503892588
30.878503892588
30.878503892588004
30.878503892588
30.878503892588
30.878503892588
30.878503892588
30.878503892588
30.878503892588
30.878503892588
30.878503892588004
30.878503892588004
30.878503892588004
30.878503892588
30.878503892588
30.878503892588
30.878503892588
30.878503892588004
30.878503892588
30.878503892588
30.878503892588
30.878503892588
30.878503892588
30.878503892588004
30.878503892588
30.878503892588
30.878503892588
30.878503892588004
30.878503892588
30.878503892588
30.878503892588
30.878503892588
30.878503892588
30.878503892588
30.878503892588
30.878503892588004
30.878503892588004
30.878503892588004
30.878503892588
30.878503892588
30.878503892588
30.878503892588
30.878503892588004
30.878503892588
30.878503892588
30.878503892588
30.878503892588
30.878503892588
30.878503892588004
30.878503892588
30.878503892588
30.878503892588
30.878503892588004
30.878503892588
30.878503892588
30.878503892588
30.878503892588
30.878503892588
30.878503892588
30.878503892588
30.878503892588004
30.878503892588004
30.878503892588004
30.878503892588
30.878503892588
30.878503892588
30.878503892588
30.878503892588004
30.878503892588
30.878503892588
30.878503892588
30.878503892588
30.878503892588
30.878503892588
30.878503892588
30.878503892588
30.878503892588
30.878503892588004
30.878503892588
30.878503892588
30.878503892588
30.878503892588
30.878503892588
30.878503892588
30.878503892588
30.878503892588004
30.878503892588004
30.878503892588004
30.878503892588
30.878503892588
30.878503892588
30.878503892588
30.878503892588004
30.878503892588
30.878503892588
30.878503892588
30.878503892588
30.878503892588
31.23207702795848
30.878503892588
30.878503892588
30.878503892588
30.878503892588004
30.878503892588
30.878503892588
30.878503892588
30.878503892588
30.878503892588
30.878503892588
30.878503892588
30.878503892588004
30.878503892588004
30.878503892588004
30.878503892588
30.878503892588
30.878503892588
30.878503892588
30.878503892588004
30.878503892588
30.878503892588
30.878503892588
30.878503892588
30.878503892588
48.741005060562635
30.878503892588
30.878503892588
30.878503892588
30.878503892588004
30.878503892588
30.878503892588
30.878503892588
30.878503892588
30.878503892588
30.878503892588
30.878503892588
30.878503892588004
30.878503892588004
30.878503892588004
30.878503892588
30.878503892588
30.878503892588
30.878503892588
30.878503892588004
30.878503892588
30.878503892588
30.878503892588
30.878503892588
30.878503892588
30.878503892588004
30.878503892588
30.878503892588
30.878503892588
30.878503892588004
30.878503892588
30.878503892588
30.878503892588
30.878503892588
30.878503892588
30.878503892588
30.878503892588
30.878503892588004
30.878503892588004
30.878503892588004
30.878503892588
30.878503892588
30.878503892588
30.878503892588
30.878503892588004
30.878503892588
30.878503892588
30.878503892588
30.878503892588
30.878503892588
30.878503892588004
30.878503892588
30.878503892588
30.878503892588
30.878503892588004
30.878503892588
30.878503892588
30.878503892588
30.878503892588
30.878503892588
30.878503892588
30.878503892588
30.878503892588004
30.878503892588004
30.878503892588004
30.878503892588
30.878503892588
30.878503892588
30.878503892588
30.878503892588004
30.878503892588
30.878503892588
30.878503892588
30.878503892588
30.878503892588
30.878503892588
30.878503892588
30.878503892588
30.878503892588
30.878503892588004
30.878503892588
30.878503892588
30.878503892588
30.878503892588
30.878503892588
30.878503892588
30.878503892588
30.878503892588004
30.878503892588004
30.878503892588004
30.878503892588
30.878503892588
30.878503892588
30.878503892588
30.878503892588004
30.878503892588
30.878503892588
30.878503892588
30.878503892588
30.878503892588
30.878503892588
30.878503892588
30.878503892588
30.878503892588
30.878503892588004
30.878503892588
30.878503892588
30.878503892588
30.878503892588
30.878503892588
30.878503892588
30.878503892588
30.878503892588004
30.878503892588004
30.878503892588004
30.878503892588
30.878503892588
30.878503892588
30.878503892588
30.878503892588004
30.878503892588
30.878503892588
30.878503892588
30.878503892588
30.878503892588
30.878503892588
30.878503892588
30.878503892588
30.878503892588
30.878503892588004
30.878503892588
30.878503892588
30.878503892588
30.878503892588
30.878503892588
30.878503892588
30.878503892588
30.878503892588004
30.878503892588004
30.878503892588004
30.878503892588
30.878503892588
30.878503892588
30.878503892588
30.878503892588004
30.878503892588
30.878503892588
30.878503892588
30.878503892588
30.878503892588
30.878503892588
30.878503892588
30.878503892588
30.878503892588
30.878503892588004
30.878503892588
30.878503892588
30.878503892588
30.878503892588
30.878503892588
30.878503892588
30.878503892588
30.878503892588004
30.878503892588004
30.878503892588004
30.878503892588
30.878503892588
30.878503892588
30.878503892588
30.878503892588004
30.878503892588
30.878503892588
30.878503892588
30.878503892588
30.878503892588
30.878503892588
30.878503892588
30.878503892588
30.878503892588
30.878503892588004
30.878503892588
30.878503892588
30.878503892588
30.878503892588
30.878503892588
30.878503892588
30.878503892588
30.878503892588004
30.878503892588004
30.878503892588004
30.878503892588
30.878503892588
30.878503892588
30.878503892588
30.878503892588004
30.878503892588
30.878503892588
30.878503892588
30.878503892588
30.878503892588
30.878503892588
30.878503892588
30.878503892588
30.878503892588
30.878503892588004
30.878503892588
30.878503892588
30.878503892588
30.878503892588
30.878503892588
30.878503892588
30.878503892588
30.878503892588004
30.878503892588004
30.878503892588004
30.878503892588
30.878503892588
30.878503892588
30.878503892588
30.878503892588004
30.878503892588
30.878503892588
30.878503892588
30.878503892588
30.878503892588
30.878503892588
30.878503892588
30.878503892588
30.878503892588
30.878503892588004
30.878503892588
30.878503892588
30.878503892588
30.878503892588
30.878503892588
30.878503892588
30.878503892588
30.878503892588004
30.878503892588004
30.878503892588004
30.878503892588
30.878503892588
30.878503892588
30.878503892588
30.878503892588004
30.878503892588
30.878503892588
30.878503892588
30.878503892588
30.878503892588
30.878503892588
30.878503892588
30.878503892588
30.878503892588
30.878503892588004
30.878503892588
30.878503892588
30.878503892588
30.878503892588
30.878503892588
30.878503892588
30.878503892588
30.878503892588004
30.878503892588004
30.878503892588004
30.878503892588
30.878503892588
30.878503892588
30.878503892588
30.878503892588004
30.878503892588
30.878503892588
30.878503892588
30.878503892588
30.878503892588
30.878503892588
30.878503892588
30.878503892588
30.878503892588
30.878503892588004
30.878503892588
30.878503892588
30.878503892588
30.878503892588
30.878503892588
30.878503892588
30.878503892588
30.878503892588004
30.878503892588004
30.878503892588004
30.878503892588
30.878503892588
30.878503892588
30.878503892588
30.878503892588004
30.878503892588
30.878503892588
30.878503892588
30.878503892588
30.878503892588
30.878503892588
30.878503892588
30.878503892588
30.878503892588
30.878503892588004
30.878503892588
30.878503892588
30.878503892588
30.878503892588
30.878503892588
30.878503892588
30.878503892588
30.878503892588004
30.878503892588004
30.878503892588004
30.878503892588
30.878503892588
30.878503892588
30.878503892588
30.878503892588004
30.878503892588
30.878503892588
30.878503892588
30.878503892588
30.878503892588
30.878503892588
30.878503892588
30.878503892588
30.878503892588
30.878503892588004
30.878503892588
30.878503892588
30.878503892588
30.878503892588
30.878503892588
30.878503892588
30.878503892588
30.878503892588004
30.878503892588004
30.878503892588004
30.878503892588
30.878503892588
30.878503892588
30.878503892588
30.878503892588004
30.878503892588
30.878503892588
30.878503892588
30.878503892588
30.878503892588
30.878503892588
30.878503892588
30.878503892588
30.878503892588
30.878503892588004
30.878503892588
30.878503892588
30.878503892588
30.878503892588
30.878503892588
30.878503892588
30.878503892588
30.878503892588004
30.878503892588004
30.878503892588004
30.878503892588
30.878503892588
30.878503892588
30.878503892588
30.878503892588004
30.878503892588
30.878503892588
30.878503892588
30.878503892588
30.878503892588
30.878503892588
30.878503892588
30.878503892588
30.878503892588
30.878503892588004
30.878503892588
30.878503892588
30.878503892588
30.878503892588
30.878503892588
30.878503892588
30.878503892588
30.878503892588004
30.878503892588004
30.878503892588004
30.878503892588
30.878503892588
30.878503892588
30.878503892588
30.878503892588004
30.878503892588
30.878503892588
30.878503892588
30.878503892588
30.878503892588
30.878503892588
30.878503892588
30.878503892588
30.878503892588
30.878503892588004
30.878503892588
30.878503892588
30.878503892588
30.878503892588
30.878503892588
30.878503892588
30.878503892588
30.878503892588004
30.878503892588004
30.878503892588004
30.878503892588
30.878503892588
30.878503892588
30.878503892588
30.878503892588004
30.878503892588
30.878503892588
30.878503892588
30.878503892588
30.878503892588
30.878503892588
30.878503892588
30.878503892588
30.878503892588
30.878503892588004
30.878503892588
30.878503892588
30.878503892588
30.878503892588
30.878503892588
30.878503892588
30.878503892588
30.878503892588004
30.878503892588004
30.878503892588004
30.878503892588
30.878503892588
30.878503892588
30.878503892588
30.878503892588004
30.878503892588
30.878503892588
30.878503892588
30.878503892588
30.878503892588
30.878503892588
30.878503892588
30.878503892588
30.878503892588
30.878503892588004
30.878503892588
30.878503892588
30.878503892588
30.878503892588
30.878503892588
30.878503892588
30.878503892588
30.878503892588004
30.878503892588004
30.878503892588004
30.878503892588
30.878503892588
30.878503892588
30.878503892588
30.878503892588004
30.878503892588
30.878503892588
30.878503892588
30.878503892588
30.878503892588
30.878503892588
30.878503892588
30.878503892588
30.878503892588
30.878503892588004
30.878503892588
30.878503892588
30.878503892588
30.878503892588
30.878503892588
30.878503892588
30.878503892588
30.878503892588004
30.878503892588004
30.878503892588004
30.878503892588
30.878503892588
30.878503892588
30.878503892588
30.878503892588004
30.878503892588
30.878503892588
30.878503892588
30.878503892588
30.878503892588
30.878503892588
30.878503892588
30.878503892588
30.878503892588
30.878503892588004
30.878503892588
30.878503892588
30.878503892588
30.878503892588
30.878503892588
30.878503892588
30.878503892588
30.878503892588004
30.878503892588004
30.878503892588004
30.878503892588
30.878503892588
30.878503892588
30.878503892588
30.878503892588004
30.878503892588
30.878503892588
30.878503892588
30.878503892588
30.878503892588
30.878503892588
30.878503892588
30.878503892588
30.878503892588
30.878503892588004
30.878503892588
30.878503892588
30.878503892588
30.878503892588
30.878503892588
30.878503892588
30.878503892588
30.878503892588004
30.878503892588004
30.878503892588004
30.878503892588
30.878503892588
30.878503892588
30.878503892588
30.878503892588004
30.878503892588
30.878503892588
30.878503892588
30.878503892588
30.878503892588
30.878503892588
30.878503892588
30.878503892588
30.878503892588
30.878503892588004
30.878503892588
30.878503892588
30.878503892588
30.878503892588
30.878503892588
30.878503892588
30.878503892588
30.878503892588004
30.878503892588004
30.878503892588004
30.878503892588
30.878503892588
30.878503892588
30.878503892588
30.878503892588004
30.878503892588
30.878503892588
30.878503892588
30.878503892588
30.878503892588
30.878503892588
30.878503892588
30.878503892588
30.878503892588
30.878503892588004
30.878503892588
30.878503892588
30.878503892588
30.878503892588
30.878503892588
30.878503892588
30.878503892588
30.878503892588004
30.878503892588004
30.878503892588004
30.878503892588
30.878503892588
30.878503892588
30.878503892588
30.878503892588004
30.878503892588
30.878503892588
30.878503892588
30.878503892588
30.878503892588
30.878503892588
30.878503892588
30.878503892588
30.878503892588
30.878503892588004
30.878503892588
30.878503892588
30.878503892588
30.878503892588
30.878503892588
30.878503892588
30.878503892588
30.878503892588004
30.878503892588004
30.878503892588004
30.878503892588
30.878503892588
30.878503892588
30.878503892588
30.878503892588004
30.878503892588
30.878503892588
30.878503892588
30.878503892588
30.878503892588
30.878503892588
30.878503892588
30.878503892588
30.878503892588
30.878503892588004
30.878503892588
30.878503892588
30.878503892588
30.878503892588
30.878503892588
30.878503892588
30.878503892588
30.878503892588004
30.878503892588004
30.878503892588004
30.878503892588
30.878503892588
30.878503892588
30.878503892588
30.878503892588004
30.878503892588
30.878503892588
30.878503892588
30.878503892588
30.878503892588
30.878503892588
30.878503892588
30.878503892588
30.878503892588
30.878503892588004
30.878503892588
30.878503892588
30.878503892588
30.878503892588
30.878503892588
30.878503892588
30.878503892588
30.878503892588004
30.878503892588004
30.878503892588004
30.878503892588
30.878503892588
30.878503892588
30.878503892588
30.878503892588004
30.878503892588
30.878503892588
30.878503892588
30.878503892588
30.878503892588
30.878503892588
30.878503892588
30.878503892588
30.878503892588
30.878503892588004
30.878503892588
30.878503892588
30.878503892588
30.878503892588
30.878503892588
30.878503892588
30.878503892588
30.878503892588004
30.878503892588004
30.878503892588004
30.878503892588
30.878503892588
30.878503892588
30.878503892588
30.878503892588004
30.878503892588
30.878503892588
30.878503892588
30.878503892588
30.878503892588
30.878503892588
30.878503892588
30.878503892588
30.878503892588
30.878503892588004
30.878503892588
30.878503892588
30.878503892588
30.878503892588
30.878503892588
30.878503892588
30.878503892588
30.878503892588004
30.878503892588004
30.878503892588004
30.878503892588
30.878503892588
30.878503892588
30.878503892588
30.878503892588004
30.878503892588
30.878503892588
30.878503892588
30.878503892588
30.878503892588
30.878503892588
30.878503892588
30.878503892588
30.878503892588
30.878503892588004
30.878503892588
30.878503892588
30.878503892588
30.878503892588
30.878503892588
30.878503892588
30.878503892588
30.878503892588004
30.878503892588004
30.878503892588004
30.878503892588
30.878503892588
30.878503892588
30.878503892588
30.878503892588004
30.878503892588
30.878503892588
30.878503892588
30.878503892588
30.878503892588
52.81143022444005
30.878503892588
30.878503892588
30.878503892588
30.878503892588004
30.878503892588
30.878503892588
30.878503892588
30.878503892588
30.878503892588
30.878503892588
30.878503892588
30.878503892588004
30.878503892588004
30.878503892588004
30.878503892588
30.878503892588
30.878503892588
30.878503892588
30.878503892588004
30.878503892588
30.878503892588
30.878503892588
30.878503892588
30.878503892588
30.878503892588
