0.85
10
55.74713076926553
53.45786392690817
52.88508570378667
64.34383424076856
71.47136815870026
67.538287080092
68.12567134821404
58.83546933370397
60.64481855465549
50.95046453727443
46.676986232192604
46.03281264133662
46.39604753386716
46.41774933114215
46.06873721893491
53.10641546635295
51.899397380803634
50.13823522338387
46.94754315144927
50.90522561271955
46.676986232192604
43.710835078220526
43.710835078220526
39.275097803352175
42.609387163596494
42.17255965867686
43.84305701438155
46.12910226502761
43.2301804263374
40.25486398189353
43.710835078220526
43.6370681584573
36.67703670890408
39.275097803352175
36.67703670890408
36.67703670890408
39.7403420743396
35.392639226373745
41.63205682345428
36.67703670890408
36.67703670890408
40.279631495692875
40.886525947400585
33.96286673798684
35.76106154015759
35.15619960484412
35.39263922637374
35.39263922637374
33.96286673798684
39.25771089425599
35.15619960484412
35.15619960484412
39.34738359451582
33.962866737986836
32.807580755662144
32.807580755662144
33.8525077903058
32.807580755662144
33.962866737986836
32.807580755662144
32.807580755662144
32.807580755662144
33.8525077903058
32.807580755662144
32.807580755662144
32.40604746548708
32.807580755662144
32.80758075566215
32.40604746548708
31.857767127795604
31.456233837620537
32.40604746548708
32.40604746548708
30.878503892588004
32.40604746548708
32.40604746548708
31.23207702795848
30.878503892588004
30.878503892588004
30.878503892588004
31.456233837620537
31.22691510942754
31.22691510942754
30.878503892588004
30.878503892588004
31.23207702795848
32.176728737294084
30.878503892588
30.878503892588
30.878503892588004
30.878503892588004
30.878503892588004
30.878503892588004
30.878503892588004
30.878503892588004
30.878503892588004
30.878503892588004
30.878503892588004
31.23207702795848
30.878503892588
30.878503892588
30.878503892588004
30.878503892587997
30.878503892588004
30.878503892588004
30.878503892588004
30.878503892588004
30.878503892588004
30.878503892588004
30.878503892587997
30.878503892588
30.878503892588
30.878503892587997
30.878503892587997
30.878503892587997
30.878503892588004
30.878503892588004
30.878503892587997
30.878503892588
30.878503892588
30.878503892587997
30.878503892588
30.878503892588
30.878503892587997
30.878503892587997
30.878503892587997
30.878503892588004
30.878503892588
30.878503892587997
30.878503892587997
30.878503892588
30.878503892587997
30.878503892587997
30.878503892587997
30.878503892587997
30.878503892587997
30.878503892587997
30.878503892588
30.878503892588
30.878503892587997
30.878503892587997
30.878503892588
30.878503892587997
30.878503892587997
30.878503892587997
30.878503892587997
30.878503892587997
30.878503892587997
30.878503892588
30.878503892588
30.878503892587997
30.878503892587997
30.878503892588
30.878503892587997
30.878503892587997
30.878503892587997
30.878503892587997
30.878503892587997
30.878503892587997
30.878503892587997
30.878503892587997
30.878503892587997
30.878503892587997
30.878503892588
30.878503892587997
30.878503892587997
30.878503892587997
30.878503892587997
30.878503892587997
30.878503892587997
30.878503892587997
30.878503892587997
30.878503892587997
30.878503892587997
30.878503892587997
30.878503892587997
30.878503892587997
30.878503892587997
30.878503892587997
30.878503892587997
30.878503892587997
30.878503892587997
30.878503892587997
30.878503892587997
30.878503892587997
30.878503892587997
30.878503892587997
30.878503892587997
30.878503892587997
30.878503892587997
30.878503892587997
30.878503892587997
30.878503892587997
30.878503892587997
30.878503892587997
30.878503892587997
30.878503892587997
30.878503892587997
30.878503892587997
30.878503892587997
30.878503892587997
30.878503892587997
30.878503892587997
30.878503892587997
30.878503892587997
30.878503892587997
30.878503892587997
30.878503892587997
30.878503892587997
30.878503892587997
30.878503892587997
30.878503892587997
30.878503892587997
30.878503892587997
30.878503892587997
30.878503892587997
30.878503892587997
30.878503892587997
30.878503892587997
30.878503892587997
30.878503892587997
30.878503892587997
30.878503892587997
30.878503892587997
30.878503892587997
30.878503892587997
30.878503892587997
30.878503892587997
30.878503892587997
30.878503892587997
30.878503892587997
30.878503892587997
30.878503892587997
30.878503892587997
30.878503892587997
30.878503892587997
30.878503892587997
30.878503892587997
30.878503892587997
30.878503892587997
30.878503892587997
34.85031675388036
30.878503892587997
30.878503892587997
30.878503892587997
30.878503892587997
30.878503892587997
30.878503892587997
30.878503892587997
30.878503892587997
30.878503892587997
30.878503892587997
30.878503892587997
30.878503892587997
30.878503892587997
30.878503892587997
30.878503892587997
30.878503892587997
30.878503892587997
30.878503892587997
30.878503892587997
30.878503892587997
30.878503892587997
30.878503892587997
30.878503892587997
30.878503892587997
30.878503892587997
30.878503892587997
30.878503892587997
30.878503892587997
30.878503892587997
30.878503892587997
30.878503892587997
30.878503892587997
30.878503892587997
30.878503892587997
30.878503892587997
30.878503892587997
30.878503892587997
30.878503892587997
30.878503892587997
30.878503892587997
30.878503892587997
30.878503892587997
30.878503892587997
30.878503892587997
30.878503892587997
30.878503892587997
30.878503892587997
30.878503892587997
30.878503892587997
30.878503892587997
30.878503892587997
30.878503892587997
30.878503892587997
30.878503892587997
30.878503892587997
30.878503892587997
30.878503892587997
30.878503892587997
30.878503892587997
30.878503892587997
30.878503892587997
30.878503892587997
30.878503892587997
30.878503892587997
30.878503892587997
30.878503892587997
30.878503892587997
30.878503892587997
30.878503892587997
30.878503892587997
30.878503892587997
30.878503892587997
30.878503892587997
30.878503892587997
30.878503892587997
30.878503892587997
33.21482023548475
30.878503892587997
30.878503892587997
30.878503892587997
30.878503892587997
30.878503892587997
30.878503892587997
30.878503892587997
30.878503892587997
30.878503892587997
30.878503892587997
30.878503892587997
30.878503892587997
30.878503892587997
30.878503892587997
30.878503892587997
30.878503892587997
30.878503892587997
30.878503892587997
30.878503892587997
30.878503892587997
30.878503892587997
30.878503892587997
30.878503892587997
30.878503892587997
30.878503892587997
30.878503892587997
30.878503892587997
30.878503892587997
30.878503892587997
30.878503892587997
30.878503892587997
30.878503892587997
30.878503892587997
30.878503892587997
30.878503892587997
30.878503892587997
30.878503892587997
30.878503892587997
30.878503892587997
30.878503892587997
30.878503892587997
30.878503892587997
30.878503892587997
30.878503892587997
30.878503892587997
30.878503892587997
30.878503892587997
30.878503892587997
30.878503892587997
30.878503892587997
30.878503892587997
30.878503892587997
30.878503892587997
30.878503892587997
30.878503892587997
30.878503892587997
30.878503892587997
30.878503892587997
30.878503892587997
30.878503892587997
30.878503892587997
30.878503892587997
30.878503892587997
30.878503892587997
30.878503892587997
30.878503892587997
30.878503892587997
30.878503892587997
30.878503892587997
30.878503892587997
30.878503892587997
30.878503892587997
30.878503892587997
30.878503892587997
30.878503892587997
30.878503892587997
31.232077027958482
30.878503892587997
30.878503892587997
30.878503892587997
30.878503892587997
30.878503892587997
30.878503892587997
30.878503892587997
30.878503892587997
30.878503892587997
30.878503892587997
30.878503892587997
30.878503892587997
30.878503892587997
30.878503892587997
30.878503892587997
30.878503892587997
30.878503892587997
30.878503892587997
30.878503892587997
30.878503892587997
30.878503892587997
30.878503892587997
30.878503892587997
30.878503892587997
30.878503892587997
30.878503892587997
30.878503892587997
30.878503892587997
30.878503892587997
30.878503892587997
30.878503892587997
30.878503892587997
30.878503892587997
30.878503892587997
30.878503892587997
30.878503892587997
30.878503892587997
30.878503892587997
30.878503892587997
30.878503892587997
30.878503892587997
30.878503892587997
30.878503892587997
31.232077027958482
30.878503892587997
30.878503892587997
30.878503892587997
30.878503892587997
30.878503892587997
30.878503892587997
30.878503892587997
30.878503892587997
30.878503892587997
30.878503892587997
30.878503892587997
30.878503892587997
30.878503892587997
30.878503892587997
30.878503892587997
30.878503892587997
30.878503892587997
30.878503892587997
30.878503892587997
30.878503892587997
30.878503892587997
30.878503892587997
30.878503892587997
30.878503892587997
30.878503892587997
30.878503892587997
30.878503892587997
30.878503892587997
30.878503892587997
30.878503892587997
30.878503892587997
30.878503892587997
30.878503892587997
30.878503892587997
30.878503892587997
30.878503892587997
30.878503892587997
30.878503892587997
30.878503892587997
30.878503892587997
30.878503892587997
30.878503892587997
30.878503892587997
30.878503892587997
30.878503892587997
30.878503892587997
30.878503892587997
30.878503892587997
30.878503892587997
30.878503892587997
30.878503892587997
30.878503892587997
30.878503892587997
30.878503892587997
30.878503892587997
30.878503892587997
30.878503892587997
30.878503892587997
30.878503892587997
30.878503892587997
30.878503892587997
30.878503892587997
30.878503892587997
30.878503892587997
30.878503892587997
30.878503892587997
30.878503892587997
30.878503892587997
30.878503892587997
30.878503892587997
30.878503892587997
30.878503892587997
30.878503892587997
30.878503892587997
30.878503892587997
30.878503892587997
30.878503892587997
30.878503892587997
30.878503892587997
30.878503892587997
30.878503892587997
30.878503892587997
30.878503892587997
30.878503892587997
30.878503892587997
30.878503892587997
30.878503892587997
30.878503892587997
30.878503892587997
30.878503892587997
30.878503892587997
30.878503892587997
30.878503892587997
30.878503892587997
30.878503892587997
30.878503892587997
30.878503892587997
30.878503892587997
30.878503892587997
30.878503892587997
30.878503892587997
30.878503892587997
30.878503892587997
30.878503892587997
30.878503892587997
30.878503892587997
30.878503892587997
30.878503892587997
30.878503892587997
30.878503892587997
30.878503892587997
30.878503892587997
30.878503892587997
30.878503892587997
30.878503892587997
30.878503892587997
30.878503892587997
30.878503892587997
30.878503892587997
30.878503892587997
30.878503892587997
30.878503892587997
30.878503892587997
30.878503892587997
30.878503892587997
30.878503892587997
30.878503892587997
30.878503892587997
30.878503892587997
30.878503892587997
30.878503892587997
30.878503892587997
30.878503892587997
30.878503892587997
30.878503892587997
30.878503892587997
30.878503892587997
30.878503892587997
30.878503892587997
30.878503892587997
30.878503892587997
30.878503892587997
30.878503892587997
30.878503892587997
30.878503892587997
30.878503892587997
30.878503892587997
30.878503892587997
30.878503892587997
30.878503892587997
30.878503892587997
30.878503892587997
30.878503892587997
30.878503892587997
30.878503892587997
30.878503892587997
30.878503892587997
30.878503892587997
30.878503892587997
30.878503892587997
30.878503892587997
30.878503892587997
30.878503892587997
30.878503892587997
30.878503892587997
30.878503892587997
30.878503892587997
30.878503892587997
30.878503892587997
30.878503892587997
30.878503892587997
30.878503892587997
30.878503892587997
30.878503892587997
30.878503892587997
30.878503892587997
30.878503892587997
30.878503892587997
30.878503892587997
30.878503892587997
30.878503892587997
30.878503892587997
30.878503892587997
30.878503892587997
30.878503892587997
30.878503892587997
43.304473245665896
30.878503892587997
30.878503892587997
30.878503892587997
30.878503892587997
30.878503892587997
30.878503892587997
30.878503892587997
30.878503892587997
30.878503892587997
30.878503892587997
30.878503892587997
30.878503892587997
30.878503892587997
30.878503892587997
30.878503892587997
30.878503892587997
30.878503892587997
30.878503892587997
30.878503892587997
30.878503892587997
30.878503892587997
30.878503892587997
30.878503892587997
30.878503892587997
30.878503892587997
30.878503892587997
30.878503892587997
30.878503892587997
30.878503892587997
30.878503892587997
30.878503892587997
30.878503892587997
30.878503892587997
30.878503892587997
30.878503892587997
30.878503892587997
30.878503892587997
30.878503892587997
30.878503892587997
30.878503892587997
30.878503892587997
30.878503892587997
30.878503892587997
30.878503892587997
30.878503892587997
30.878503892587997
30.878503892587997
30.878503892587997
30.878503892587997
30.878503892587997
30.878503892587997
30.878503892587997
30.878503892587997
30.878503892587997
30.878503892587997
30.878503892587997
30.878503892587997
30.878503892587997
30.878503892587997
30.878503892587997
30.878503892587997
30.878503892587997
30.878503892587997
30.878503892587997
30.878503892587997
30.878503892587997
30.878503892587997
30.878503892587997
30.878503892587997
30.878503892587997
30.878503892587997
30.878503892587997
30.878503892587997
30.878503892587997
30.878503892587997
30.878503892587997
30.878503892587997
30.878503892587997
30.878503892587997
30.878503892587997
30.878503892587997
30.878503892587997
30.878503892587997
30.878503892587997
30.878503892587997
30.878503892587997
30.878503892587997
30.878503892587997
30.878503892587997
30.878503892587997
30.878503892587997
30.878503892587997
30.878503892587997
30.878503892587997
30.878503892587997
30.878503892587997
30.878503892587997
30.878503892587997
30.878503892587997
30.878503892587997
30.878503892587997
30.878503892587997
30.878503892587997
30.878503892587997
30.878503892587997
30.878503892587997
30.878503892587997
30.878503892587997
30.878503892587997
30.878503892587997
30.878503892587997
30.878503892587997
30.878503892587997
30.878503892587997
30.878503892587997
30.878503892587997
30.878503892587997
30.878503892587997
30.878503892587997
30.878503892587997
30.878503892587997
30.878503892587997
30.878503892587997
30.878503892587997
30.878503892587997
30.878503892587997
30.878503892587997
30.878503892587997
30.878503892587997
30.878503892587997
30.878503892587997
30.878503892587997
30.878503892587997
30.878503892587997
30.878503892587997
30.878503892587997
30.878503892587997
30.878503892587997
30.878503892587997
30.878503892587997
30.878503892587997
30.878503892587997
30.878503892587997
30.878503892587997
30.878503892587997
30.878503892587997
30.878503892587997
30.878503892587997
30.878503892587997
30.878503892587997
30.878503892587997
30.878503892587997
30.878503892587997
30.878503892587997
30.878503892587997
30.878503892587997
30.878503892587997
30.878503892587997
30.878503892587997
30.878503892587997
30.878503892587997
30.878503892587997
30.878503892587997
30.878503892587997
30.878503892587997
30.878503892587997
30.878503892587997
30.878503892587997
30.878503892587997
30.878503892587997
30.878503892587997
30.878503892587997
30.878503892587997
30.878503892587997
30.878503892587997
38.790535237328946
30.878503892587997
30.878503892587997
30.878503892587997
30.878503892587997
30.878503892587997
30.878503892587997
30.878503892587997
30.878503892587997
30.878503892587997
30.878503892587997
30.878503892587997
30.878503892587997
30.878503892587997
30.878503892587997
30.878503892587997
30.878503892587997
30.878503892587997
30.878503892587997
30.878503892587997
30.878503892587997
30.878503892587997
30.878503892587997
30.878503892587997
30.878503892587997
30.878503892587997
30.878503892587997
30.878503892587997
30.878503892587997
30.878503892587997
30.878503892587997
30.878503892587997
30.878503892587997
30.878503892587997
30.878503892587997
30.878503892587997
30.878503892587997
30.878503892587997
30.878503892587997
30.878503892587997
30.878503892587997
30.878503892587997
30.878503892587997
30.878503892587997
30.878503892587997
30.878503892587997
30.878503892587997
30.878503892587997
30.878503892587997
30.878503892587997
30.878503892587997
30.878503892587997
30.878503892587997
30.878503892587997
30.878503892587997
46.410634585070696
30.878503892587997
30.878503892587997
30.878503892587997
30.878503892587997
30.878503892587997
30.878503892587997
30.878503892587997
30.878503892587997
30.878503892587997
30.878503892587997
30.878503892587997
30.878503892587997
30.878503892587997
30.878503892587997
30.878503892587997
30.878503892587997
30.878503892587997
30.878503892587997
30.878503892587997
30.878503892587997
30.878503892587997
30.878503892587997
30.878503892587997
30.878503892587997
30.878503892587997
30.878503892587997
30.878503892587997
30.878503892587997
30.878503892587997
30.878503892587997
30.878503892587997
30.878503892587997
30.878503892587997
30.878503892587997
30.878503892587997
30.878503892587997
30.878503892587997
30.878503892587997
30.878503892587997
30.878503892587997
30.878503892587997
30.878503892587997
30.878503892587997
30.878503892587997
30.878503892587997
30.878503892587997
30.878503892587997
30.878503892587997
30.878503892587997
30.878503892587997
30.878503892587997
30.878503892587997
30.878503892587997
30.878503892587997
30.878503892587997
30.878503892587997
30.878503892587997
30.878503892587997
30.878503892587997
30.878503892587997
30.878503892587997
30.878503892587997
30.878503892587997
30.878503892587997
30.878503892587997
30.878503892587997
30.878503892587997
30.878503892587997
30.878503892587997
30.878503892587997
30.878503892587997
30.878503892587997
30.878503892587997
30.878503892587997
30.878503892587997
30.878503892587997
30.878503892587997
30.878503892587997
30.878503892587997
30.878503892587997
30.878503892587997
30.878503892587997
30.878503892587997
30.878503892587997
30.878503892587997
30.878503892587997
30.878503892587997
30.878503892587997
30.878503892587997
30.878503892587997
30.878503892587997
30.878503892587997
30.878503892587997
30.878503892587997
30.878503892587997
30.878503892587997
30.878503892587997
30.878503892587997
30.878503892587997
30.878503892587997
30.878503892587997
30.878503892587997
30.878503892587997
30.878503892587997
30.878503892587997
30.878503892587997
30.878503892587997
30.878503892587997
30.878503892587997
30.878503892587997
30.878503892587997
30.878503892587997
30.878503892587997
30.878503892587997
30.878503892587997
30.878503892587997
30.878503892587997
30.878503892587997
30.878503892587997
30.878503892587997
30.878503892587997
30.878503892587997
30.878503892587997
30.878503892587997
30.878503892587997
30.878503892587997
30.878503892587997
30.878503892587997
30.878503892587997
30.878503892587997
30.878503892587997
30.878503892587997
30.878503892587997
30.878503892587997
30.878503892587997
30.878503892587997
30.878503892587997
30.878503892587997
30.878503892587997
30.878503892587997
30.878503892587997
30.878503892587997
30.878503892587997
30.878503892587997
30.878503892587997
30.878503892587997
30.878503892587997
30.878503892587997
30.878503892587997
30.878503892587997
30.878503892587997
30.878503892587997
30.878503892587997
30.878503892587997
30.878503892587997
30.878503892587997
30.878503892587997
30.878503892587997
30.878503892587997
30.878503892587997
30.878503892587997
30.878503892587997
30.878503892587997
30.878503892587997
36.31435813039651
30.878503892587997
30.878503892587997
30.878503892587997
30.878503892587997
30.878503892587997
30.878503892587997
30.878503892587997
30.878503892587997
30.878503892587997
30.878503892587997
30.878503892587997
30.878503892587997
30.878503892587997
30.878503892587997
30.878503892587997
30.878503892587997
30.878503892587997
30.878503892587997
30.878503892587997
30.878503892587997
30.878503892587997
30.878503892587997
30.878503892587997
30.878503892587997
30.878503892587997
30.878503892587997
30.878503892587997
30.878503892587997
30.878503892587997
30.878503892587997
30.878503892587997
30.878503892587997
30.878503892587997
30.878503892587997
30.878503892587997
30.878503892587997
30.878503892587997
30.878503892587997
30.878503892587997
30.878503892587997
30.878503892587997
30.878503892587997
30.878503892587997
30.878503892587997
30.878503892587997
30.878503892587997
30.878503892587997
30.878503892587997
30.878503892587997
30.878503892587997
30.878503892587997
30.878503892587997
30.878503892587997
30.878503892587997
30.878503892587997
30.878503892587997
30.878503892587997
30.878503892587997
30.878503892587997
30.878503892587997
30.878503892587997
30.878503892587997
30.878503892587997
30.878503892587997
30.878503892587997
30.878503892587997
30.878503892587997
30.878503892587997
30.878503892587997
30.878503892587997
30.878503892587997
30.878503892587997
30.878503892587997
30.878503892587997
30.878503892587997
30.878503892587997
30.878503892587997
