162.63
38
2491.2314974861374
2556.2313416921315
2673.674084702556
2479.256885962995
2478.142376994422
2545.657245368031
2517.4878628854676
2727.83951076101
2531.083353626692
2443.5443487775888
2595.7743018789633
2337.4034278964964
2703.1685212683137
2475.1797876839046
2640.3324040285665
2372.475413118607
2677.2803335620024
2361.690720648835
2773.5990952843226
2635.3649919383406
2498.457029164317
2585.3619567598535
2262.6722601979995
2406.7244343245015
2341.157555219697
2466.209783491072
2578.3983263379414
2527.1729622517832
2615.0613333909973
2579.63675888302
2716.6966529769393
2477.3310902101007
2474.097273944779
2686.5932280387133
2499.9212420727285
2524.80000435762
2524.53408577921
2590.200355065863
2136.608737980985
2345.841105873078
2387.278080255456
2476.137651845092
2325.02268139144
2340.034318949529
2374.345110469395
2379.4675666805265
2572.4238812112385
2399.9704050963705
2228.9824811709896
2439.4142852488235
2199.7616023370388
2500.0250962561895
2320.8443574024814
2496.678680737134
2216.180219283056
2481.4018520602644
2214.748338635134
2605.0575779280575
2505.774200810371
2340.574781876166
2434.784017288274
2136.608737980985
2258.3010007357047
2057.184810269575
2296.2657212802574
2457.3833044767325
2136.608737980985
2122.0318929394966
2431.556085895189
2526.955851230154
2326.9188010801163
2330.5777517535034
2453.9637933556883
2368.231656913685
2390.1570699815234
2063.9999935306228
2450.596812915151
1937.5714288034387
2205.078795758948
2241.262687290303
2340.5013241439988
2174.5227341512964
2206.3587919293377
2047.6636317857663
2255.7954795190544
2420.384286348038
2287.7176758981727
2028.0218847457718
2317.865276183621
2047.6299411789203
2319.8959743774353
2320.5950482448347
2370.931024893839
2081.853841305083
2351.879000500945
2102.1562037277604
2450.9961560766146
2386.8932757094667
2195.9026008482315
2297.6054773974797
2016.995356514849
2134.891263594405
1937.5714288034387
2131.352895288274
2343.9549239857433
2016.9953565148492
1998.8167928741732
2304.773903234544
2370.2273200022196
2208.16980942685
2218.7663830209485
2320.1743195562735
2254.498977535721
2259.302816612766
1944.3866120644866
2409.2755298549273
1925.1942405507623
1935.5960080986765
2103.4579625654223
2217.304181606458
2048.2883712474704
2094.3814725916955
1928.0502503196299
2141.7149787187905
1945.7184520053474
1931.0209432099869
1885.290623362357
2202.9856551039297
1939.5901408243878
2189.7658257982125
1908.131698715894
1937.571428803439
1935.5960080986765
2230.9773513153536
1918.6199096319383
2321.7833368699103
1934.6102957793514
1882.4391373019264
1879.5398173591752
1937.571428803439
2013.863927457462
1925.1942405507623
2017.6235143503807
2239.4329909145877
1905.4530043148848
1888.674862643098
2181.4550601215187
2218.5105064110944
1850.4298812418797
1799.0659054012287
1877.9216719590927
1877.9216719590927
2157.0904076227825
1832.8442598645222
2284.3480539316956
1703.32778189044
1838.2767200928113
1987.2297849368842
2108.6248335128203
1924.6996422337727
1799.0659054012287
1820.5796931884088
2040.0979347601071
1846.0224183528421
1833.7016552041216
1773.748271162393
2090.228535402493
1799.0659054012287
1799.0659054012287
1805.3334063693626
1768.688883444555
1838.2767200928113
2099.6812196055307
1749.7373642730545
2197.7314688789174
1837.2910077734864
1786.964910482956
1782.2205293533102
1840.2521407975737
1897.8945273083668
1833.4630071191878
1799.0659054012287
1799.0659054012287
1810.1246587216465
1792.9367391323094
2061.5224912113586
1799.0659054012287
1754.6917577310908
1703.32778189044
1703.32778189044
1782.183548448304
1703.32778189044
1703.32778189044
2152.0261900675678
1697.9220480610486
1733.0208151027173
1892.4519695695822
2000.3965295922105
1832.386930456341
1697.9220480610486
1664.881357941495
1941.7409598317777
1668.0093058560108
1728.4457502140278
1773.748271162393
1703.32778189044
1703.32778189044
1799.0659054012287
1723.5059812466802
1648.1765704951408
1742.5385965820228
1703.32778189044
1653.9992407622658
1703.32778189044
1767.8170610589775
1691.2267869721675
1745.3489937883767
1784.740107441199
1785.3906549593219
1731.5518329501465
1703.32778189044
1703.32778189044
1703.32778189044
1682.0293922160088
1703.32778189044
1739.8851032716912
1680.3589737597824
1697.9220480610486
1596.2300125320542
1782.183548448304
1574.420518840649
1574.420518840649
1718.512088837867
1476.4997425205386
1556.2666683426178
1811.0567070028078
1918.611135775717
1756.806170105435
1618.0513337938983
1539.4875709861176
1550.8285351232964
1591.2699090782326
1556.2666683426178
1556.2666683426178
1624.2287821981233
1539.161727448214
1758.7327514335796
1656.461583440381
1556.2321969019044
1678.4807841997006
1543.3200875405505
1556.2666683426178
1543.3200875405505
1549.867487908
1542.9265954170028
1537.1952710748828
1681.1873480750944
1550.8285351232964
1543.3200875405505
1543.3200875405505
1539.161727448214
1667.5512427734081
1536.358023820943
1539.161727448214
1539.161727448214
1522.167263019496
1539.161727448214
1529.409667512042
1545.41123727852
1476.4997425205386
1507.600173820637
1638.6413745707162
1444.915233722737
1451.5512244265706
1473.4881676799132
1473.4881676799132
1683.9799735054132
1546.6515855789671
1441.082717168304
1484.0081901032843
1465.8176377254076
1451.5512244265706
1489.4463233226056
1557.4084371781112
1472.3413824282018
1447.8713009224466
1473.4881676799132
1510.2178388813577
1467.17757758168
1476.4997425205386
1489.4463233226056
1448.392208566441
1455.0281992702749
1499.4082348409936
1468.0568189060493
1473.4881676799132
1484.0081901032843
1448.392208566441
1444.915233722737
1440.7568736304002
1568.9967304803527
1473.4881676799132
1444.2338484741042
1472.3413824282018
1514.7146875850367
1444.2338484741042
1464.1676392150464
1499.396879257973
1444.915233722737
1438.1895586054482
1440.117609235564
1378.49599948088
1451.5512244265706
1432.7244655191375
1391.062394367424
1616.1562107841507
1479.8312405589552
1358.6569438558147
1411.440670172316
1428.067244071896
1369.1254511140814
1368.3606817671525
1500.8628803860372
1426.3270244076552
1398.4021617629007
1417.083453116961
1427.0266492839567
1426.4138754209043
1430.4853844999916
1417.2713512505168
1407.5265416260931
1372.6024259577855
1432.3050272420164
1386.1015127563712
1409.953560543664
1368.673074567068
1411.440670172316
1409.953560543664
1440.7568736304002
1402.7597446089922
1409.953560543664
1403.4701463133285
1426.3270244076552
1376.8147111750573
1403.4701463133285
1409.953560543664
1427.0266492839567
1409.953560543664
1378.49599948088
1393.0047281454686
1351.4470022670282
1410.787522265795
1392.0405620917227
1358.6569438558147
1358.6569438558147
1358.6569438558147
1351.4470022670282
1334.8709397782886
1348.7969453325209
1348.84804985478
1334.3587557793353
1313.906181189827
1350.2796135775752
1320.2819821307417
1329.2151341098756
1347.8128315288236
1343.5560181561991
1389.721682339216
1338.8281729520718
1334.2491944687263
1350.0361993166894
1351.447002267028
1332.3085319383465
1334.8709397782886
1334.6711485792505
1334.8709397782886
1334.8709397782886
1411.7729010613182
1325.0330364825109
1334.8709397782886
1340.0760411101533
1385.5633222468794
1305.7388979039706
1403.4701463133285
1369.9731729891191
1350.456918889929
1369.9731729891191
1301.681498399849
1333.2816716186185
1255.457081813659
1301.6814983998488
1301.6814983998488
1325.5368649212216
1301.6814983998488
1325.5368649212216
1316.4838263003103
1281.6059890538872
1298.0484230594102
1301.6814983998488
1301.6814983998488
1283.3694990335741
1301.1504615205272
1276.2878320464781
1282.9907175236856
1347.8128315288236
1297.097024163304
1301.6814983998488
1294.8340228678082
1334.2491944687263
1301.6814983998488
1301.6814983998488
1301.6814983998488
1301.6814983998488
1301.6814983998488
1281.6059890538872
1246.2263539005673
1301.6814983998488
1260.7860303535667
1268.2444081992826
1301.6814983998488
1301.6814983998488
1261.744747819707
1340.0760411101533
1301.6814983998488
1306.4627688056655
1301.6814983998488
1255.457081813659
1255.4570818136588
1233.654690194205
1233.654690194205
1255.4570818136588
1233.654690194205
1230.7264871727475
1233.654690194205
1283.3637473657172
1227.8856668621077
1233.654690194205
1255.4570818136588
1255.4570818136588
1203.5368816972498
1233.654690194205
1233.654690194205
1231.6605676810989
1347.8128315288236
1233.654690194205
1228.5952917629093
1233.654690194205
1233.654690194205
1233.654690194205
1233.654690194205
1230.7264871727475
1230.7264871727475
1255.4570818136588
1233.654690194205
1233.654690194205
1255.4570818136588
1222.1235416524248
1225.933114399951
1255.4570818136588
1225.933114399951
1216.5883575265009
1225.933114399951
1225.933114399951
1225.933114399951
1225.933114399951
1216.4492796193958
1193.843676761123
1182.971729546901
1185.7898271589777
1182.971729546901
1185.7898271589777
1193.8436767611233
1185.7898271589777
1208.3468237622305
1187.331966520175
1185.7898271589777
1182.971729546901
1182.971729546901
1187.331966520175
1185.7898271589777
1182.7787972948624
1201.961552453948
1185.7898271589777
1204.626976126553
1176.162866566636
1185.7898271589777
1185.7898271589777
1185.7898271589777
1185.7898271589777
1193.8436767611233
1230.7264871727475
1216.4492796193956
1185.7898271589777
1204.626976126553
1182.971729546901
1180.323512538899
1191.621676468834
1182.971729546901
1225.933114399951
1188.1200708437545
1181.6244619080614
1185.7898271589777
1181.6244619080614
1191.621676468834
1182.971729546901
1182.971729546901
1170.7737518465137
1152.3350479971787
1148.2715808832177
1147.504481383823
1160.3888975993243
1152.3350479971787
1174.2843855378544
1147.5713226426574
1176.162866566636
1176.162866566636
1149.516950385102
1176.162866566636
1151.0896784952943
1182.7787972948624
1170.2686459475483
1176.162866566636
1196.8361780650189
1170.7737518465137
1162.1566826789565
1152.3350479971787
1152.3350479971787
1152.3350479971787
1160.3888975993243
1168.64414663003
1190.777149171881
1185.7898271589777
1170.7737518465135
1170.7737518465135
1147.248431978854
1191.621676468834
1149.516950385102
1216.5888440190943
1162.470517707383
1155.6963085663924
1162.1566826789565
1155.6963085663924
1170.7737518465135
1170.7737518465135
1149.516950385102
1121.6745267091799
1114.0497022220238
1147.248431978854
1108.4791355238383
1112.835245975807
1147.248431978854
1126.7307339143372
1147.5713226426574
1147.248431978854
1142.7080874048372
1111.2316046099472
1142.6630355758027
1125.5157732256203
1147.248431978854
1147.248431978854
1142.7080874048372
1147.248431978854
1137.3189726847145
1114.0497022220238
1125.7351659625199
1126.7302932293167
1125.7351659625199
1147.248431978854
1146.2900251376063
1165.203243902207
1147.248431978854
1137.326562114153
1109.4423496505397
1121.6745267091799
1170.7737518465135
1111.2316046099472
1121.6745267091799
1121.6745267091799
1121.6745267091799
1121.6745267091799
1129.8093198267222
1121.6745267091799
1121.6745267091799
1121.6745267091799
1082.9052302541643
1108.4791355238383
1121.6745267091799
1082.9052302541643
1082.9052302541643
1082.9052302541643
1082.9052302541643
1115.878416136258
1082.9052302541643
1082.9052302541643
1085.6576993402732
1142.6630355758027
1082.9052302541643
1082.9052302541643
1147.248431978854
1082.9052302541643
1082.9052302541643
1082.9052302541643
1082.9052302541643
1082.9052302541643
1082.9052302541643
1082.9052302541643
1082.9052302541643
1082.9052302541643
1140.2561653133394
1147.248431978854
1082.9052302541643
1078.2978776826797
1082.9052302541643
1082.9052302541643
1082.9052302541643
1082.9052302541643
1082.9052302541643
1096.7274481203124
1096.7274481203124
1082.9052302541643
1082.9052302541643
1082.9052302541643
1082.9052302541643
1078.2978776826797
1078.2978776826797
1078.2978776826797
1065.164252591084
1078.2978776826797
1065.1642525910836
1078.2978776826797
1077.3633458566799
1065.1642525910836
1078.2978776826797
1078.2978776826797
1082.9052302541643
1065.1642525910836
1078.2978776826797
1078.2978776826797
1078.2978776826797
1078.2978776826797
1078.2978776826797
1065.164252591084
1078.2978776826797
1078.2978776826797
1078.2978776826797
1065.1642525910836
1065.1642525910836
1078.2978776826797
1078.2978776826797
1078.2978776826797
1078.2978776826797
1065.1642525910836
1078.2978776826797
1078.2978776826797
1078.2978776826797
1065.1642525910836
1072.3878830295228
1072.1381554416284
1065.1642525910836
1065.1642525910836
1078.2978776826797
1065.1642525910836
1049.4708065747054
1065.1642525910838
1065.1642525910838
1065.1642525910838
1078.2978776826797
1049.4708065747054
1049.4708065747054
1049.4708065747054
1049.4708065747054
1049.4708065747054
1049.4708065747054
1049.4708065747054
1049.4708065747054
1049.4708065747054
1049.4708065747054
1049.4708065747054
1049.4708065747054
1059.3062352051081
1049.4708065747054
1059.3062352051081
1049.4708065747054
1049.4708065747054
1049.4708065747054
1049.4708065747056
1049.4708065747054
1049.4708065747054
1049.4708065747054
1049.4708065747054
1049.4708065747054
1049.4708065747054
1049.4708065747054
1049.4708065747054
1049.4708065747054
1054.646905366442
1072.1381554416284
1049.4708065747054
1049.4708065747054
1049.4708065747054
1049.4708065747054
1049.4708065747054
1049.4708065747054
1049.4708065747054
1049.4708065747054
1049.4708065747054
1049.4708065747054
1049.4708065747054
1049.4708065747054
1049.4708065747054
1049.4708065747054
1049.4708065747054
1034.078131968658
1049.4708065747054
1049.4708065747054
1049.4708065747054
1049.4708065747054
1049.4708065747054
1041.5652575420274
1049.4708065747054
1041.5652575420274
1049.4708065747054
1049.4708065747054
1049.4708065747054
1049.4708065747054
1049.4708065747054
1034.078131968658
1049.4708065747054
1049.4708065747054
1049.4708065747054
1049.4708065747054
1049.4708065747054
1049.4708065747054
1034.078131968658
1037.8792696112628
1049.4708065747054
1034.078131968658
1049.4708065747054
1034.078131968658
1049.4708065747054
1011.9785398893606
1034.078131968658
1034.078131968658
1034.078131968658
1034.078131968658
1034.078131968658
1034.078131968658
1034.078131968658
1034.078131968658
1049.4708065747054
1034.078131968658
1011.9785398893606
1011.9785398893606
1011.9785398893606
1011.9785398893606
1029.3527114754904
1011.9785398893606
1011.9785398893606
1011.9785398893606
1026.17258293598
1011.9785398893606
1011.9785398893606
1034.078131968658
1034.0781319686582
1011.9785398893606
1011.9785398893606
1034.078131968658
1011.9785398893606
1011.9785398893606
1011.9785398893606
1011.9785398893606
1049.4708065747054
1011.9785398893606
994.4536012266531
1011.9785398893606
1011.9785398893606
1034.078131968658
1011.9785398893606
1011.9785398893606
976.1220445296493
992.8155397955446
992.8155397955446
992.8155397955446
1034.078131968658
992.8155397955446
992.8155397955446
992.8155397955446
992.8155397955446
992.8155397955446
992.8155397955446
992.8155397955446
994.4536012266531
994.4536012266531
992.8155397955446
969.7699917414561
1009.8266935694289
992.8155397955446
1011.9785398893606
991.8241910348523
998.9293671757448
994.4536012266531
992.8155397955446
992.8155397955446
994.4536012266531
992.8155397955446
1011.9785398893607
992.8155397955446
992.8155397955446
992.8155397955446
994.4536012266531
992.8155397955446
994.4536012266531
976.1220445296493
976.1220445296493
976.1220445296493
976.1220445296493
976.1220445296493
976.1220445296493
969.769991741456
968.475746848362
965.5475248532467
965.5475248532467
968.475746848362
977.8262873549909
965.5475248532467
956.7196466719422
968.475746848362
968.475746848362
968.475746848362
965.5475248532467
969.769991741456
958.0591577286052
965.5475248532467
969.769991741456
950.7793941073373
955.8748031917231
955.8748031917231
979.2501896254621
955.8748031917231
955.8748031917231
969.769991741456
955.8748031917231
955.8748031917231
955.8748031917231
955.8748031917231
955.8748031917231
955.8748031917231
955.8748031917231
955.8748031917231
955.8748031917231
955.8748031917231
945.0407310715191
932.0367763028994
976.1220445296493
955.8748031917231
955.8748031917231
945.0407310715191
905.0772573898681
922.4514289759978
922.4514289759978
922.4514289759978
922.4514289759978
965.3072882102231
922.4514289759978
922.4514289759978
922.4514289759978
951.101575262232
922.4514289759978
922.4514289759978
922.4514289759978
922.4514289759978
922.4514289759978
950.7793941073373
937.7302213937214
922.4514289759978
922.4514289759978
979.2501896254621
922.4514289759978
922.4514289759978
922.4514289759978
938.5006316055933
922.4514289759978
955.8748031917231
922.4514289759978
922.4514289759978
922.4514289759978
922.4514289759978
922.4514289759978
922.4514289759978
922.4514289759978
922.4514289759978
905.0772573898681
946.833027466397
905.077257389868
905.077257389868
927.6665594853891
894.8058991329418
894.8058991329418
894.8058991329418
894.8058991329418
894.8058991329418
905.0772573898681
894.8058991329418
894.8058991329418
894.8058991329418
905.0772573898681
922.4514289759978
894.8058991329418
894.8058991329418
894.8058991329418
894.8058991329418
905.0772573898681
905.0772573898681
905.0772573898681
894.8058991329418
894.8058991329418
894.8058991329418
894.8058991329418
894.8058991329418
905.0772573898681
894.8058991329418
894.8058991329418
894.8058991329418
894.8058991329418
894.8058991329418
894.8058991329418
894.8058991329418
894.8058991329418
894.8058991329418
894.8058991329418
905.0772573898681
905.0772573898681
894.8058991329418
892.0280846762523
894.8058991329417
869.7080848050033
878.8780204379406
878.8780204379406
878.8780204379406
878.8780204379406
881.7567264193259
878.8780204379406
878.8780204379406
878.8780204379406
881.7567264193259
892.0280846762523
878.8780204379406
878.8780204379406
878.8780204379406
878.8780204379406
881.7567264193259
881.7567264193259
881.7567264193259
878.8780204379406
878.8780204379406
878.8780204379406
881.7567264193259
878.8780204379406
881.7567264193259
878.8780204379406
878.8780204379406
878.8780204379406
878.8780204379406
878.8780204379406
878.8780204379406
878.8780204379406
878.8780204379406
878.8780204379406
878.8780204379406
878.8780204379406
881.7567264193259
878.8780204379406
869.7080848050033
894.8058991329417
869.6561405367712
869.7080848050032
869.7080848050032
869.7080848050032
869.7080848050032
869.7080848050032
869.7080848050032
869.7080848050032
858.8475471310389
869.7080848050032
892.0280846762523
869.7080848050032
858.8475471310389
878.8780204379406
878.8780204379406
881.7567264193259
869.6561405367712
869.7080848050032
869.7080848050032
869.7080848050032
869.7080848050032
869.7080848050032
878.8780204379406
869.7080848050032
878.8780204379406
867.1411456122366
869.7080848050032
869.7080848050032
869.7080848050032
869.7080848050032
869.7080848050032
869.7080848050032
867.1411456122366
869.7080848050032
858.8475471310389
869.7080848050032
858.8475471310389
869.6561405367712
869.6561405367712
858.8475471310388
857.3663734316558
858.8475471310388
858.8475471310388
858.8475471310388
858.8475471310388
858.8475471310388
858.8475471310388
858.8475471310388
858.8475471310388
858.8475471310388
858.8475471310388
843.3719763612997
858.8475471310388
858.8475471310388
858.8475471310388
854.0793922263947
869.7080848050032
857.3663734316558
858.8475471310388
858.8475471310388
858.8475471310388
858.8475471310388
858.8475471310388
858.8475471310388
858.8475471310388
858.8475471310388
854.1313364946267
854.1313364946267
858.8475471310388
854.1313364946267
858.8475471310388
858.8475471310388
854.1313364946267
854.955729378134
854.1313364946267
854.955729378134
858.8475471310388
858.8475471310388
826.5940390234844
857.3663734316558
837.9780539472869
837.9780539472869
837.9780539472869
837.9780539472869
847.2637941142045
837.9780539472869
847.2637941142045
837.9780539472869
837.9780539472869
858.8475471310388
826.5940390234844
824.1207279374443
824.1207279374443
858.8475471310388
826.5940390234845
824.1207279374443
823.4984477683437
824.1207279374443
824.1207279374443
824.1207279374443
824.1207279374443
824.1207279374443
824.1207279374443
824.1207279374443
824.1207279374443
821.0203233488654
821.0203233488654
847.2637941142045
821.0203233488654
824.1207279374443
824.1207279374443
842.5475834777924
824.1207279374443
821.0203233488654
843.3719763612997
824.1207279374443
824.1207279374443
816.9974613034642
821.0203233488654
821.0203233488654
821.0203233488654
821.0203233488654
821.0203233488654
821.0203233488654
821.0203233488654
821.0203233488654
821.0203233488654
821.0203233488654
821.0203233488654
821.0203233488654
821.0203233488654
821.0203233488654
821.0203233488654
821.0203233488654
821.0203233488654
821.0203233488654
812.8852844718975
821.0203233488654
812.8852844718975
812.8852844718975
821.0203233488654
821.0203233488654
821.0203233488654
812.8852844718975
816.9974613034642
816.9974613034642
816.9974613034642
816.9974613034642
816.9974613034642
816.9974613034642
816.9974613034642
816.9974613034642
816.9974613034642
816.9974613034642
816.9974613034642
811.5167572390526
789.6951615916109
810.9291485209917
808.2850085540271
808.2850085540271
810.9291485209917
808.2850085540271
808.2850085540271
808.2850085540271
801.911514882513
808.2850085540271
808.2850085540271
801.911514882513
816.1023649976946
801.911514882513
808.2850085540271
808.2850085540271
810.9291485209917
810.9291485209917
808.2850085540271
805.0497297660241
810.9291485209917
805.0497297660241
805.0497297660241
808.2850085540271
801.911514882513
808.2850085540271
805.0497297660241
801.4746112218749
810.958210047572
810.958210047572
802.7728029397683
810.958210047572
810.958210047572
802.7728029397683
810.958210047572
816.9974613034642
810.958210047572
816.9974613034642
789.6951615916109
776.0814664061959
789.695161591611
789.695161591611
789.695161591611
789.695161591611
772.981061817617
772.981061817617
789.695161591611
789.695161591611
789.695161591611
789.695161591611
789.695161591611
816.1023649976946
801.911514882513
789.695161591611
772.981061817617
789.695161591611
789.695161591611
789.695161591611
785.1526577776557
776.3324251171135
789.695161591611
789.695161591611
789.695161591611
789.695161591611
789.695161591611
785.1526577776557
789.695161591611
810.958210047572
789.695161591611
768.6710417101142
789.695161591611
789.695161591611
789.695161591611
774.9424403098776
789.695161591611
789.695161591611
789.695161591611
776.0814664061959
760.9365685814246
768.6710417101142
789.695161591611
768.6710417101142
768.6710417101142
765.2465886889274
768.6710417101142
768.6710417101142
768.6710417101142
768.6710417101142
768.6710417101142
768.6710417101142
768.6710417101142
768.6710417101142
768.6710417101142
768.6710417101142
768.6710417101142
789.695161591611
768.6710417101142
768.6710417101142
768.6710417101142
768.6710417101142
768.6710417101142
768.6710417101142
768.6710417101142
768.6710417101142
768.6710417101142
781.9606884629216
768.6710417101142
768.6710417101142
760.9365685814246
760.9365685814248
760.9365685814248
760.9365685814248
760.9365685814248
760.9365685814248
789.695161591611
760.9365685814248
760.9365685814248
758.9953430158583
758.9953430158583
768.6710417101142
758.9953430158583
768.6710417101142
758.2120095150201
760.9365685814246
758.9953430158583
757.6510572692775
758.9953430158583
758.9953430158583
758.9953430158583
757.6510572692775
760.9365685814246
758.9953430158583
758.9953430158583
757.6510572692775
758.9953430158583
757.6510572692775
757.6510572692775
758.9953430158583
758.9953430158583
758.9953430158583
758.9953430158583
758.9953430158583
758.9953430158583
758.9953430158583
760.9365685814248
758.9953430158583
757.6510572692775
758.9953430158583
758.9953430158583
758.9953430158583
758.9953430158583
758.9953430158583
758.9953430158583
758.9953430158583
758.9953430158583
758.9953430158583
757.6510572692775
751.9607638419509
757.6510572692775
757.6510572692775
757.6510572692775
757.6510572692775
757.6510572692775
757.6510572692775
757.6510572692775
751.9607638419509
757.6510572692775
758.9953430158583
757.6510572692775
757.6510572692775
757.6510572692775
757.6510572692775
757.6510572692775
757.6510572692775
757.6510572692775
757.6510572692775
751.9607638419509
757.6510572692775
757.6510572692775
757.6510572692775
757.6510572692775
757.6510572692775
757.6510572692775
757.6510572692775
751.9607638419509
757.6510572692775
757.6510572692775
751.960763841951
757.6510572692775
757.6510572692775
757.6510572692775
757.6510572692775
757.6510572692775
751.960763841951
757.6510572692775
751.9607638419509
751.9607638419509
751.960763841951
751.9044820537652
751.960763841951
751.960763841951
751.960763841951
751.960763841951
751.960763841951
751.9607638419509
751.960763841951
751.960763841951
751.960763841951
751.960763841951
751.960763841951
751.960763841951
757.6510572692775
751.9044820537652
751.960763841951
757.6510572692775
751.9607638419509
751.960763841951
751.960763841951
751.9044820537652
751.960763841951
751.960763841951
751.960763841951
751.960763841951
751.9607638419509
757.6510572692775
751.960763841951
751.960763841951
751.960763841951
751.960763841951
751.9044820537652
751.960763841951
751.960763841951
749.9517384776943
751.960763841951
747.3391800413992
749.9517384776944
746.2141886264386
746.3663130991295
747.3391800413992
751.960763841951
746.2141886264386
747.3391800413992
749.9517384776944
749.9517384776944
749.9517384776944
747.3391800413992
749.9517384776944
749.9517384776944
749.9517384776944
749.9517384776944
749.9517384776944
747.2828982532134
749.9517384776944
749.9517384776944
749.9517384776944
749.9517384776944
747.3391800413992
747.2828982532134
749.9517384776944
746.2141886264386
749.9517384776944
747.3391800413992
749.9517384776944
749.9517384776944
749.9517384776944
751.960763841951
749.9517384776944
747.3391800413992
749.9517384776944
749.9517384776944
749.9517384776944
747.3391800413992
747.3391800413992
741.5926048258868
749.9517384776944
741.5926048258868
741.5926048258868
741.5926048258868
741.5926048258868
741.5926048258868
741.5926048258868
741.5926048258868
741.5926048258868
741.5926048258868
741.5926048258868
741.5926048258868
741.5926048258868
741.5926048258868
741.5926048258868
741.5926048258868
741.5926048258868
741.5926048258868
741.5926048258868
741.5926048258868
741.5926048258868
741.5926048258868
741.5926048258868
741.5926048258868
741.5926048258868
741.5926048258868
741.5926048258868
741.5926048258868
741.5926048258868
741.5926048258868
741.5926048258868
741.5926048258868
741.5926048258868
741.5926048258868
741.5926048258868
741.5926048258868
741.5926048258868
741.5926048258868
741.5926048258868
741.5926048258868
741.5926048258868
736.0544358712511
741.5926048258868
741.5926048258868
741.5926048258868
741.5926048258868
741.5926048258868
736.0544358712511
741.5926048258868
741.5926048258868
741.5926048258868
741.5926048258868
741.5926048258868
741.5926048258868
741.5926048258868
741.5926048258868
741.5926048258868
741.5926048258868
741.5926048258868
741.5926048258868
741.5926048258868
741.5926048258868
741.5926048258868
741.5926048258868
741.5926048258868
741.5926048258868
741.5926048258868
741.5926048258868
741.5926048258868
741.5926048258868
741.5926048258868
741.5926048258868
736.0544358712511
741.5926048258868
741.5926048258868
741.5926048258868
741.5926048258868
736.0544358712511
741.5926048258868
736.0544358712513
736.0544358712511
736.0544358712513
736.0544358712513
736.0544358712513
736.0544358712513
736.0544358712513
736.0544358712511
736.0544358712513
736.0544358712513
736.0544358712511
736.0544358712511
736.0544358712513
736.0544358712513
736.0544358712513
736.0544358712513
736.0544358712513
736.0544358712511
736.0544358712513
736.0544358712513
736.0544358712513
736.0544358712513
736.0544358712513
736.0544358712513
736.0544358712513
736.0544358712511
741.5926048258868
736.0544358712513
736.0544358712513
736.0544358712513
736.0544358712513
736.0544358712513
736.0544358712511
736.0544358712513
736.0544358712513
736.0544358712513
736.0544358712513
736.0544358712511
736.0544358712513
736.0544358712513
736.0544358712511
736.0544358712513
736.0544358712513
736.0544358712513
736.0544358712511
728.669031736212
728.669031736212
736.0544358712513
736.0544358712513
736.0544358712511
736.0544358712511
736.0544358712513
736.0544358712513
728.669031736212
736.0544358712511
736.0544358712513
736.0544358712511
736.0544358712513
736.0544358712511
736.0544358712513
736.0544358712513
736.0544358712513
736.0544358712513
736.0544358712513
728.669031736212
736.0544358712513
736.0544358712513
736.0544358712513
728.669031736212
736.0544358712513
728.669031736212
736.0544358712511
736.0544358712513
736.0544358712513
736.0544358712513
736.0544358712511
722.9438470951234
728.6690317362121
728.6690317362121
736.0544358712511
728.6690317362121
728.669031736212
728.6690317362121
728.6690317362121
722.9438470951234
722.9438470951234
722.9438470951234
722.9438470951234
722.9438470951234
722.9438470951234
728.669031736212
722.9438470951234
722.9438470951234
722.9438470951234
722.9438470951234
722.9438470951234
736.0544358712513
722.9438470951234
722.9438470951234
722.9438470951234
722.9438470951234
722.9438470951234
722.9438470951234
722.9438470951234
722.9438470951234
722.9438470951234
722.9438470951234
722.9438470951234
722.9438470951234
728.669031736212
736.0544358712511
722.9438470951234
722.9438470951234
722.9438470951234
722.9438470951234
722.9438470951234
722.9438470951234
722.9438470951234
722.9438470951234
722.9438470951234
722.9438470951234
722.9438470951234
722.9438470951234
722.9438470951234
719.3555054967477
722.9438470951234
722.9438470951234
722.9438470951234
722.9438470951234
722.9438470951234
722.9438470951234
722.9438470951234
722.9438470951234
722.9438470951234
722.9438470951234
722.9438470951234
722.9438470951234
722.9438470951234
722.9438470951234
719.3555054967477
722.9438470951234
722.9438470951234
722.9438470951234
719.3555054967477
722.9438470951234
722.9438470951234
722.9438470951234
722.9438470951234
722.9438470951234
722.9438470951234
722.9438470951234
722.9438470951234
722.9438470951234
722.9438470951234
719.3555054967477
719.3555054967477
719.3555054967477
719.3555054967477
719.3555054967477
719.3555054967477
719.3555054967477
719.3555054967477
719.3555054967477
719.3555054967477
719.3555054967477
719.3555054967477
719.3555054967477
719.3555054967477
719.3555054967477
719.3555054967477
719.3555054967477
722.9438470951234
719.3555054967477
719.3555054967477
722.9438470951234
719.3555054967477
719.3555054967477
719.3555054967477
719.3555054967477
719.3555054967477
719.3555054967477
719.3555054967477
719.3555054967477
719.3555054967477
719.3555054967477
719.3555054967477
722.9438470951234
719.3555054967477
719.3555054967477
719.3555054967477
719.3555054967477
719.3555054967477
719.3555054967477
830.281486561545
719.3555054967477
719.3555054967477
719.3555054967477
715.9600027211957
719.3555054967477
719.3555054967477
719.3555054967477
719.3555054967477
719.3555054967477
719.3555054967477
719.3555054967477
719.3555054967477
719.3555054967477
719.3555054967477
719.3555054967477
719.3555054967477
722.9438470951234
719.3555054967477
719.3555054967477
722.9438470951234
719.3555054967477
719.3555054967477
719.3555054967477
719.3555054967477
719.3555054967477
719.3555054967477
719.3555054967477
719.3555054967477
719.3555054967477
719.3555054967477
719.3555054967477
722.9438470951234
719.3555054967477
719.3555054967477
719.3555054967477
719.3555054967477
715.9600027211957
719.3555054967477
715.9600027211957
715.9600027211958
715.9600027211958
715.9600027211958
715.9600027211957
715.9600027211958
715.9600027211958
715.9600027211958
719.3555054967477
715.9600027211958
715.9600027211958
715.9600027211958
715.9600027211958
715.9600027211958
715.9600027211958
715.9600027211958
715.9600027211958
715.9600027211958
715.9600027211958
715.9600027211958
715.9600027211958
715.9600027211957
715.9600027211958
715.9600027211958
715.9600027211958
715.9600027211958
715.9600027211958
715.9600027211958
719.3555054967477
715.9600027211958
715.9600027211958
715.9600027211958
722.9438470951234
719.3555054967477
715.9600027211958
715.9600027211958
715.9600027211958
715.9600027211957
715.9600027211958
715.9600027211957
715.9600027211958
715.9600027211958
715.9600027211957
715.9600027211957
715.9600027211958
715.9600027211957
715.9600027211958
715.9600027211958
715.9600027211957
715.9600027211958
715.9600027211957
715.9600027211958
715.9600027211958
715.9600027211958
715.9600027211958
715.9600027211958
713.6798120142555
715.9600027211958
715.9600027211958
715.9600027211957
715.9600027211957
715.9600027211958
715.9600027211958
715.9600027211957
715.9600027211958
715.9600027211958
715.9600027211958
715.9600027211958
715.9600027211958
715.9600027211958
715.9600027211958
715.9600027211958
715.9600027211958
715.9600027211958
715.9600027211958
715.9600027211957
715.9600027211957
715.9600027211958
713.6798120142554
713.6798120142554
713.6798120142554
713.6798120142554
713.6798120142554
713.6798120142554
713.6798120142554
713.6798120142554
713.6798120142554
713.6798120142554
713.6798120142554
713.6798120142554
713.6798120142554
713.6798120142554
713.6798120142554
713.6798120142554
713.6798120142554
713.6798120142554
713.6798120142553
713.6798120142553
713.6798120142553
713.6798120142553
713.6798120142553
713.6798120142553
713.6798120142553
713.6798120142553
713.6798120142553
713.6798120142553
713.6798120142553
713.6798120142553
713.6798120142553
713.6798120142553
713.6798120142553
713.6798120142553
713.6798120142553
713.6798120142553
713.6798120142553
713.6798120142553
713.6798120142553
713.6583616188884
713.6583616188884
713.6583616188884
713.6583616188884
713.6583616188884
713.6583616188884
713.6583616188884
713.6583616188884
711.694292864454
713.6583616188884
713.6583616188884
713.6583616188884
713.6583616188884
713.6798120142554
711.694292864454
713.6583616188884
713.6583616188884
713.6583616188884
713.6583616188884
709.6965522098124
709.6965522098124
709.6965522098124
709.6965522098124
709.6965522098124
709.6965522098124
709.6965522098124
711.694292864454
709.6965522098124
711.694292864454
709.6965522098124
709.6965522098124
709.6965522098124
711.694292864454
709.6965522098124
709.6965522098124
709.6965522098124
709.6965522098124
709.6965522098124
709.6965522098124
709.6965522098124
709.6965522098125
709.6965522098125
709.6965522098125
709.6965522098124
713.6583616188884
709.6965522098125
709.6965522098125
709.6965522098125
709.6965522098124
709.6965522098125
709.6965522098125
709.6965522098125
709.6965522098125
709.6965522098125
709.6965522098125
709.6965522098125
709.6965522098125
709.6965522098125
709.6965522098124
709.6965522098124
709.6965522098124
709.6965522098124
709.6965522098124
709.6965522098124
709.6965522098124
709.6965522098125
707.711033060011
709.6965522098125
709.6965522098124
709.6965522098124
709.6965522098124
709.6965522098125
707.711033060011
709.6965522098124
709.6965522098124
709.6965522098124
709.6965522098124
709.6965522098124
707.711033060011
707.7110330600111
707.7110330600111
707.7110330600111
707.7110330600111
707.7110330600111
707.7110330600111
707.7110330600111
707.7110330600111
707.7110330600111
707.7110330600111
709.6965522098125
707.7110330600111
709.6965522098125
707.7110330600111
707.7110330600111
707.7110330600111
709.6965522098125
707.7110330600111
707.7110330600111
707.7110330600111
707.7110330600111
707.7110330600111
707.7110330600111
707.7110330600111
707.7110330600111
707.7110330600111
707.711033060011
707.7110330600111
707.711033060011
707.7110330600111
707.7110330600111
707.7110330600111
707.711033060011
707.7110330600111
707.7110330600111
707.7110330600111
707.7110330600111
707.7110330600111
707.711033060011
707.7110330600111
707.7110330600111
707.7110330600111
707.7110330600111
707.7110330600111
707.7110330600111
707.7110330600111
707.7110330600111
707.7110330600111
707.7110330600111
707.7110330600111
707.7110330600111
707.7110330600111
707.7110330600111
707.7110330600111
707.7110330600111
707.7110330600111
707.7110330600111
707.7110330600111
707.7110330600111
707.7110330600111
707.7110330600111
707.7110330600111
707.7110330600111
707.7110330600111
707.7110330600111
707.711033060011
707.7110330600111
707.711033060011
707.7110330600111
707.7110330600111
707.7110330600111
707.711033060011
707.7110330600111
707.7110330600111
705.9685681732595
707.7110330600111
707.7110330600111
705.9685681732595
707.7110330600111
705.9685681732598
705.9685681732598
705.9685681732598
705.9685681732595
705.9685681732598
705.9685681732598
705.9685681732598
705.9685681732598
705.9685681732598
705.9685681732598
705.9685681732598
705.9685681732598
705.9685681732598
705.9685681732598
705.9685681732598
705.9685681732598
705.9685681732598
705.9685681732598
705.9685681732598
705.9685681732598
705.9685681732598
705.9685681732595
705.9685681732598
705.9685681732595
705.9685681732598
705.9685681732598
705.9685681732598
705.9685681732598
705.9685681732598
705.9685681732595
705.9685681732598
705.9685681732598
707.7110330600111
705.9685681732595
705.9685681732595
705.9685681732598
705.9685681732598
705.9685681732595
705.9685681732598
705.9685681732598
705.9685681732597
705.9685681732598
705.9685681732595
705.9685681732597
705.668186519678
705.668186519678
705.9685681732598
705.9685681732598
705.9685681732598
705.668186519678
705.668186519678
705.9685681732598
705.9685681732598
705.668186519678
705.9685681732598
705.9685681732598
705.9685681732598
705.9685681732598
705.9685681732598
705.9685681732598
705.9685681732595
705.9685681732598
705.9685681732595
705.9685681732598
705.9685681732598
705.9685681732598
705.9685681732598
705.9685681732598
705.9685681732595
705.668186519678
705.9685681732598
705.9685681732598
705.9685681732595
705.9685681732595
705.668186519678
705.9685681732598
705.668186519678
705.6681865196781
705.6681865196781
705.6681865196781
705.6681865196781
705.6681865196781
705.6681865196781
705.668186519678
705.668186519678
705.6681865196781
705.6681865196781
705.6681865196781
705.668186519678
705.668186519678
705.6681865196781
705.6681865196781
705.668186519678
705.9685681732598
705.6681865196781
705.6681865196781
705.6681865196781
705.6681865196781
705.6681865196781
705.6681865196781
705.6681865196781
705.6681865196781
705.6681865196781
705.6681865196781
705.6681865196781
705.9685681732597
705.9685681732598
705.9685681732595
705.668186519678
705.6681865196781
705.6681865196781
705.6681865196781
705.6681865196781
705.668186519678
705.6681865196781
705.668186519678
705.6681865196781
705.6681865196781
705.6681865196781
705.6681865196781
705.6681865196781
704.6926464377157
705.668186519678
705.668186519678
705.6681865196781
705.6681865196781
705.6681865196781
705.668186519678
705.668186519678
705.6681865196781
705.6681865196781
705.668186519678
705.6681865196781
705.6681865196781
705.6681865196781
705.6681865196781
705.6681865196781
705.6681865196781
705.6681865196781
705.6681865196781
705.6681865196781
704.6926464377157
705.6681865196781
705.6681865196781
705.6681865196781
705.6681865196781
705.6681865196781
705.668186519678
705.6681865196781
705.6681865196781
705.6681865196781
705.6681865196781
705.668186519678
705.6681865196781
704.6926464377157
704.6926464377157
704.6926464377157
704.6926464377157
705.6681865196781
705.6681865196781
704.6926464377157
704.6926464377157
704.6926464377157
704.6926464377157
704.6926464377157
704.6926464377157
704.6926464377157
704.6926464377157
704.6926464377157
704.6926464377157
704.6926464377157
704.6926464377157
704.6926464377157
704.6926464377157
704.6926464377157
704.6926464377157
704.6926464377157
704.6926464377157
704.6926464377157
704.6926464377157
704.6926464377157
704.6926464377157
704.6926464377157
704.6926464377157
704.6926464377157
704.6926464377157
704.6926464377157
704.6926464377157
705.6681865196781
704.6926464377157
704.6926464377157
704.6926464377157
704.6926464377157
704.6926464377157
704.6926464377157
704.6926464377157
704.6926464377157
704.6926464377157
704.6926464377157
704.6926464377157
704.6926464377157
704.6926464377157
704.6926464377156
704.6926464377157
704.6926464377157
704.6926464377157
704.6926464377157
704.6926464377157
704.6926464377157
704.6926464377157
704.6926464377157
704.6926464377157
704.6926464377157
704.6926464377157
704.6926464377156
704.4072257617339
704.6926464377157
704.6926464377157
704.6926464377156
704.6926464377157
704.6926464377156
704.6926464377157
704.6926464377156
704.6926464377157
704.6926464377157
704.6926464377157
704.6926464377156
704.6926464377157
704.6926464377156
704.6926464377157
704.6926464377157
704.6926464377156
704.4072257617338
704.4072257617338
704.6926464377157
704.6926464377157
704.4072257617338
704.4072257617338
704.4072257617338
704.4072257617338
704.4072257617338
704.4072257617338
704.4072257617338
704.4072257617338
704.4072257617338
704.4072257617338
704.4072257617338
704.6926464377157
704.4072257617338
704.4072257617338
704.6926464377157
704.4072257617338
704.4072257617338
704.4072257617338
704.4072257617338
704.4072257617339
704.4072257617339
704.4072257617339
704.6926464377157
704.4072257617339
704.4072257617339
704.4072257617339
704.4072257617339
704.4072257617339
704.6926464377157
704.4072257617339
704.4072257617339
704.4072257617339
704.4072257617339
704.4072257617339
704.4072257617339
704.4072257617338
704.4072257617338
704.4072257617339
704.4072257617339
704.4072257617338
704.4072257617338
704.4072257617338
704.4072257617338
704.4072257617338
704.4072257617338
704.4072257617338
704.4072257617338
704.4072257617338
704.4072257617338
702.8104570250075
704.4072257617339
704.4072257617338
704.4072257617338
704.4072257617339
704.4072257617338
702.8104570250075
704.4072257617338
704.4072257617338
704.4072257617339
704.4072257617339
704.4072257617339
704.4072257617339
704.4072257617339
704.4072257617339
704.1223702742767
704.1223702742767
704.4072257617339
704.4072257617339
704.1223702742767
704.1223702742767
704.1223702742767
704.4072257617339
704.4072257617339
704.1223702742767
702.8104570250075
702.8104570250075
702.8104570250075
702.8104570250075
702.8104570250075
702.8104570250075
704.4072257617338
702.8104570250075
702.8104570250075
702.8104570250075
702.8104570250075
702.8104570250075
702.8104570250075
702.8104570250075
702.8104570250075
702.8104570250075
702.8104570250075
702.8104570250075
702.8104570250075
702.8104570250075
702.8104570250075
702.8104570250075
702.8104570250075
702.8104570250075
704.4072257617339
702.8104570250075
702.8104570250075
702.8104570250075
702.8104570250075
702.8104570250075
702.8104570250075
702.8104570250075
702.5256015375503
702.8104570250075
702.8104570250075
702.8104570250075
702.8104570250075
702.8104570250075
704.1223702742767
702.5256015375502
702.5256015375502
702.5256015375502
702.5256015375502
702.5256015375502
702.5256015375502
702.5256015375502
702.8104570250075
702.5256015375502
702.5256015375502
702.5256015375502
702.5256015375502
702.5256015375502
702.5256015375502
702.5256015375502
702.5256015375502
702.5256015375502
702.5256015375502
702.5256015375502
702.5256015375502
702.5256015375502
702.5256015375502
702.5256015375502
702.5256015375502
702.5256015375502
702.5256015375502
702.5256015375502
702.8104570250075
702.5256015375502
702.5256015375502
702.5256015375502
702.8104570250075
702.5256015375502
700.166115371089
700.166115371089
700.166115371089
700.166115371089
700.166115371089
700.166115371089
700.166115371089
700.166115371089
700.166115371089
700.166115371089
700.166115371089
700.166115371089
700.166115371089
700.166115371089
700.166115371089
700.166115371089
700.166115371089
700.166115371089
700.166115371089
702.5256015375502
700.166115371089
700.166115371089
700.166115371089
700.166115371089
700.166115371089
700.166115371089
700.166115371089
702.5256015375502
700.166115371089
700.166115371089
700.166115371089
700.166115371089
700.166115371089
700.166115371089
700.166115371089
700.166115371089
700.166115371089
701.7577356631966
700.166115371089
700.166115371089
700.166115371089
700.166115371089
700.166115371089
700.166115371089
700.166115371089
700.166115371089
700.166115371089
700.166115371089
700.166115371089
700.166115371089
700.166115371089
695.3279375605783
700.166115371089
700.166115371089
700.166115371089
700.166115371089
700.166115371089
695.3279375605783
700.166115371089
700.166115371089
700.166115371089
695.3279375605783
700.166115371089
700.166115371089
700.166115371089
700.166115371089
700.166115371089
700.166115371089
700.166115371089
700.166115371089
700.166115371089
700.166115371089
695.3279375605783
700.166115371089
700.166115371089
695.3279375605783
700.166115371089
695.3279375605783
700.166115371089
700.166115371089
700.166115371089
700.166115371089
700.166115371089
700.166115371089
695.0496010542576
695.0496010542576
695.0496010542576
695.0496010542576
695.0496010542576
695.0496010542576
695.0496010542576
695.0496010542576
695.0496010542576
695.0496010542576
695.0496010542576
695.0496010542576
695.0496010542576
695.0496010542576
695.0496010542576
695.0496010542576
695.0496010542576
695.0496010542576
695.0496010542576
695.0496010542576
695.0496010542576
695.0496010542576
695.0496010542576
695.0496010542576
695.0496010542576
695.0496010542576
695.3279375605783
695.0496010542576
695.0496010542576
695.0496010542576
695.0496010542576
695.0496010542576
695.0496010542576
695.0496010542576
695.0496010542576
695.0496010542576
695.0496010542576
695.0496010542576
695.0496010542576
695.0496010542576
695.0496010542576
695.0496010542576
695.0496010542576
695.0496010542576
695.0496010542576
695.0496010542576
695.0496010542576
695.0496010542576
695.0496010542576
695.0496010542576
695.0496010542576
695.0496010542576
695.0496010542576
695.0496010542576
695.0496010542576
695.0496010542576
695.0496010542576
695.0496010542576
695.0496010542576
695.0496010542576
695.0496010542576
695.0496010542576
695.0496010542576
695.0496010542576
695.0496010542576
695.0496010542576
695.0496010542576
695.0496010542576
695.0496010542576
695.0496010542576
695.0496010542576
695.0496010542576
695.0496010542576
695.0496010542576
695.0496010542576
695.0496010542576
688.8370736339072
695.0496010542576
688.8370736339072
688.8370736339072
688.8370736339072
688.8370736339072
688.8370736339072
688.8370736339072
695.0496010542576
688.8370736339072
688.8370736339072
695.0496010542576
688.8370736339072
688.8370736339072
688.8370736339072
688.8370736339072
688.8370736339072
688.8370736339072
688.8370736339072
688.8370736339072
688.8370736339072
688.8370736339072
688.8370736339072
688.8370736339072
695.0496010542576
688.8370736339072
688.8370736339072
688.8370736339072
688.8370736339072
688.8370736339072
688.8370736339072
688.8370736339072
688.8370736339072
688.8370736339072
688.8370736339072
688.8370736339072
688.8370736339072
688.8370736339072
688.8370736339072
688.8370736339072
688.8370736339072
688.8370736339072
688.8370736339072
688.8370736339072
688.8370736339072
688.8370736339072
688.8370736339072
688.8370736339072
688.8370736339072
688.8370736339072
688.8370736339072
688.8370736339072
688.8370736339072
688.8370736339072
688.8370736339072
688.8370736339072
688.8370736339072
688.8370736339072
688.8370736339072
688.8370736339072
688.8370736339072
688.8370736339072
688.8370736339072
688.8370736339072
688.8370736339072
688.8370736339072
688.8370736339072
688.8370736339072
688.8370736339072
688.8370736339072
688.8370736339072
688.8370736339072
688.8370736339072
686.2071141467774
688.8370736339072
688.8370736339072
688.8370736339072
688.8370736339072
688.8370736339072
688.8370736339072
681.3090890213784
681.3090890213784
681.3090890213784
681.3090890213784
681.3090890213784
681.3090890213784
681.3090890213784
681.3090890213784
681.3090890213784
681.3090890213784
681.3090890213784
688.8370736339072
681.3090890213784
681.3090890213784
681.3090890213784
681.3090890213784
681.3090890213784
681.3090890213784
681.3090890213784
681.3090890213784
681.3090890213784
681.3090890213784
681.3090890213784
681.3090890213784
681.3090890213784
681.3090890213784
688.8370736339072
681.3090890213784
688.8370736339072
681.3090890213784
681.3090890213784
681.3090890213784
681.3090890213784
681.279077922092
681.279077922092
688.8370736339072
681.279077922092
681.279077922092
681.279077922092
681.2790779220919
681.2790779220919
681.2790779220919
681.2790779220919
681.2790779220919
681.2790779220919
681.2790779220919
681.2790779220919
681.2790779220919
681.2790779220919
681.2790779220919
681.2790779220919
681.2790779220919
681.2790779220919
681.2790779220919
681.2790779220919
681.2790779220919
681.2790779220919
681.2790779220919
681.2790779220919
681.2790779220919
681.2790779220919
681.2790779220919
681.2790779220919
681.2790779220919
681.2790779220919
681.2790779220919
681.2790779220919
681.2790779220919
681.2790779220919
681.2790779220919
681.2790779220919
681.2790779220919
681.2790779220919
681.279077922092
681.279077922092
681.279077922092
681.2790779220919
681.279077922092
681.2790779220919
681.2790779220919
681.2790779220919
681.2790779220919
681.2790779220919
681.2790779220919
681.2790779220919
681.2790779220919
681.2790779220919
681.2790779220919
681.2790779220919
681.2790779220919
681.2790779220919
681.2790779220919
681.2790779220919
681.2790779220919
681.2790779220919
681.2790779220919
681.2790779220919
681.2790779220919
681.2790779220919
681.2790779220919
681.2790779220919
681.2790779220919
681.2790779220919
681.2790779220919
681.2790779220919
681.2790779220919
681.2790779220919
681.2790779220919
681.2790779220919
681.2790779220919
681.2790779220919
681.2790779220919
681.279077922092
681.279077922092
681.2790779220919
681.2790779220919
681.279077922092
681.2790779220919
681.2790779220919
681.2790779220919
681.2790779220919
681.2790779220919
681.2790779220919
681.2790779220919
681.2790779220919
681.2790779220919
681.2790779220919
681.2790779220919
681.2790779220919
681.2790779220919
681.2790779220919
681.2790779220919
681.2790779220919
681.2790779220919
681.2790779220919
681.2790779220919
681.2790779220919
681.2790779220919
681.2790779220919
681.2790779220919
681.2790779220919
681.2790779220919
681.2790779220919
681.2790779220919
681.2790779220919
681.2790779220919
681.2790779220919
681.2790779220919
681.2790779220919
681.2790779220919
681.2790779220919
681.279077922092
680.3839816163222
681.2790779220919
681.2790779220919
681.279077922092
690.7970582154429
680.3839816163222
680.3839816163222
680.3839816163222
680.3839816163222
680.3839816163222
680.3839816163222
680.3839816163222
681.2790779220919
680.3839816163222
681.2790779220919
680.3839816163222
680.3839816163222
680.3839816163222
680.3839816163222
680.3839816163222
680.3839816163222
680.3839816163222
680.3839816163222
680.3839816163222
680.3839816163222
680.3839816163222
680.3839816163222
680.3839816163222
681.2790779220919
680.3839816163222
680.3839816163222
680.3839816163222
680.3839816163222
680.3839816163222
680.3839816163222
680.3839816163222
680.3839816163222
680.3839816163222
680.3839816163222
680.3839816163222
681.2790779220919
681.2790779220919
681.2790779220919
674.8780750770156
674.8780750770156
661.8952509090974
661.8952509090974
661.8952509090974
661.8952509090974
661.8952509090974
680.3839816163222
661.8952509090974
661.8952509090974
661.8952509090974
661.8952509090974
661.8952509090974
661.8952509090974
661.8952509090974
661.8952509090974
661.8952509090974
661.8952509090974
661.8952509090974
661.8952509090974
661.8952509090974
661.8952509090974
662.000751341639
661.8952509090974
661.8952509090974
661.8952509090974
661.8952509090974
661.8952509090974
661.8952509090974
661.8952509090974
661.8952509090974
661.8952509090974
662.000751341639
661.8952509090974
661.8952509090974
661.8952509090974
661.8952509090974
661.8952509090974
661.8952509090974
654.5199023739833
654.5199023739833
654.5199023739833
654.484686594539
654.484686594539
654.484686594539
654.484686594539
654.5199023739835
654.484686594539
654.484686594539
654.484686594539
654.484686594539
654.484686594539
654.484686594539
654.484686594539
654.484686594539
654.484686594539
661.8952509090974
654.484686594539
654.484686594539
661.8952509090974
654.484686594539
654.5199023739835
654.484686594539
654.484686594539
654.484686594539
654.484686594539
654.484686594539
654.484686594539
654.484686594539
654.484686594539
654.484686594539
654.5199023739835
652.7438414405525
654.484686594539
654.484686594539
654.484686594539
654.484686594539
661.8952509090974
652.7438414405524
652.7438414405524
652.7438414405524
652.7438414405524
652.7438414405524
652.7438414405524
652.7438414405524
652.7438414405524
652.7438414405524
652.7438414405524
652.7438414405524
652.7438414405524
652.7438414405524
652.7438414405524
652.7438414405524
652.7438414405524
652.7438414405524
652.7438414405524
652.7438414405524
652.7438414405524
652.7438414405524
652.7438414405524
652.7438414405524
652.7438414405524
652.7438414405524
652.7438414405524
652.7438414405524
652.7438414405524
652.7438414405524
652.7438414405524
652.7438414405524
652.7438414405524
652.7438414405524
652.7438414405524
652.7438414405525
652.7438414405525
652.7438414405525
652.7438414405525
661.8952509090974
652.7438414405524
652.7438414405524
652.7438414405524
652.7438414405524
652.7438414405524
652.7438414405524
652.7438414405524
652.7438414405524
652.7438414405524
652.7438414405524
652.7438414405524
652.7438414405524
652.7438414405524
652.7438414405524
652.7438414405524
652.7438414405524
652.7438414405524
652.7438414405524
652.7438414405524
652.7438414405524
652.7438414405524
652.7438414405524
652.7438414405524
652.7438414405524
652.7438414405524
652.7438414405524
652.7438414405524
652.7438414405524
652.7438414405524
652.7438414405524
652.7438414405524
652.7438414405524
652.7438414405524
652.7438414405524
649.595603894417
652.7438414405524
652.7438414405525
649.595603894417
652.7438414405525
649.595603894417
649.5956038944171
649.5956038944171
649.5956038944171
649.5956038944171
649.5956038944171
649.5956038944171
652.7438414405524
649.5956038944171
649.5956038944171
649.5956038944171
649.5956038944171
649.5956038944171
650.5681891870777
649.5956038944171
649.5956038944171
649.5956038944171
649.5956038944171
649.5956038944171
649.5956038944171
649.5956038944171
649.5956038944171
649.5956038944171
649.5956038944171
649.5956038944171
649.5956038944171
649.5956038944171
649.5956038944171
649.5956038944171
652.7438414405524
649.5956038944171
649.5956038944171
649.5956038944171
649.5956038944171
649.595603894417
649.5956038944171
652.7438414405525
649.595603894417
649.595603894417
649.595603894417
649.5956038944171
649.5956038944171
649.5956038944171
649.5956038944171
649.5956038944171
649.5956038944171
649.5956038944171
649.5956038944171
649.5956038944171
649.5956038944171
649.5956038944171
649.5956038944171
649.5956038944171
649.5956038944171
649.5956038944171
649.5956038944171
649.5956038944171
649.5956038944171
649.5956038944171
649.5956038944171
649.5956038944171
649.5956038944171
649.5956038944171
649.5956038944171
649.5956038944171
649.5956038944171
649.5956038944171
649.5956038944171
649.5956038944171
649.5956038944171
649.5956038944171
649.5956038944171
649.5956038944171
649.595603894417
649.5956038944171
649.595603894417
649.595603894417
649.595603894417
649.595603894417
649.5956038944171
649.5956038944171
649.5956038944171
649.5956038944171
649.5956038944171
649.5956038944171
649.5956038944171
649.5956038944171
649.5956038944171
649.5956038944171
649.5956038944171
649.5956038944171
649.5956038944171
649.5956038944171
649.5956038944171
649.5956038944171
649.5956038944171
649.5956038944171
649.5956038944171
649.5956038944171
649.5956038944171
649.5956038944171
649.5956038944171
649.5956038944171
649.5956038944171
649.5956038944171
649.5956038944171
649.5956038944171
649.5956038944171
649.5956038944171
649.5956038944171
649.5956038944171
649.5956038944171
649.595603894417
649.5956038944171
649.595603894417
649.595603894417
649.595603894417
649.595603894417
649.5956038944171
649.5956038944171
649.5956038944171
649.5956038944171
649.5956038944171
649.5956038944171
649.5956038944171
649.5956038944171
649.5956038944171
649.5956038944171
649.5956038944171
649.5956038944171
649.5956038944171
649.5956038944171
649.5956038944171
649.5956038944171
649.5956038944171
649.5956038944171
649.5956038944171
649.5956038944171
649.5956038944171
649.5956038944171
649.5956038944171
649.5956038944171
649.5956038944171
649.5956038944171
649.5956038944171
649.5956038944171
649.5956038944171
649.5956038944171
649.5956038944171
649.5956038944171
649.5956038944171
649.595603894417
649.5956038944171
649.595603894417
649.595603894417
649.595603894417
649.595603894417
649.5956038944171
649.5956038944171
649.5956038944171
649.5956038944171
649.5956038944171
649.5956038944171
649.5956038944171
649.5956038944171
649.5956038944171
649.5956038944171
649.5956038944171
649.5956038944171
649.5956038944171
649.5956038944171
649.5956038944171
649.5956038944171
649.5956038944171
649.5956038944171
649.5956038944171
649.5956038944171
649.5956038944171
649.5956038944171
649.5956038944171
649.5956038944171
649.5956038944171
649.5956038944171
649.5956038944171
649.5956038944171
649.5956038944171
649.5956038944171
649.5956038944171
649.5956038944171
649.5956038944171
649.595603894417
649.5956038944171
649.595603894417
649.595603894417
649.595603894417
649.595603894417
649.5956038944171
649.5956038944171
649.5956038944171
649.5956038944171
649.5956038944171
649.5956038944171
649.5956038944171
649.5956038944171
649.5956038944171
649.5956038944171
649.5956038944171
649.5956038944171
649.5956038944171
649.5956038944171
649.5956038944171
649.5956038944171
649.5956038944171
649.5956038944171
649.5956038944171
649.5956038944171
649.5956038944171
649.5956038944171
649.5956038944171
649.5956038944171
649.5956038944171
649.5956038944171
649.5956038944171
649.5956038944171
649.5956038944171
649.5956038944171
649.5956038944171
649.5956038944171
649.5956038944171
649.595603894417
649.5956038944171
649.595603894417
649.595603894417
649.595603894417
649.595603894417
649.5956038944171
649.5956038944171
649.5956038944171
649.5956038944171
649.5956038944171
649.5956038944171
649.5956038944171
649.5956038944171
649.5956038944171
649.5956038944171
649.5956038944171
649.5956038944171
649.5956038944171
649.5956038944171
649.5956038944171
649.5956038944171
649.5956038944171
649.5956038944171
649.5956038944171
649.5956038944171
649.5956038944171
649.5956038944171
649.5956038944171
649.5956038944171
649.5956038944171
649.5956038944171
649.5956038944171
649.5956038944171
649.5956038944171
649.5956038944171
649.5956038944171
649.5956038944171
649.5956038944171
649.595603894417
649.5956038944171
649.595603894417
649.595603894417
649.595603894417
649.595603894417
649.5956038944171
649.5956038944171
649.5956038944171
649.5956038944171
649.5956038944171
649.5956038944171
649.5956038944171
649.5956038944171
649.5956038944171
649.5956038944171
649.5956038944171
649.5956038944171
649.5956038944171
649.5956038944171
649.5956038944171
649.5956038944171
649.5956038944171
649.5956038944171
649.5956038944171
649.5956038944171
649.5956038944171
649.5956038944171
649.5956038944171
649.5956038944171
649.5956038944171
649.5956038944171
649.5956038944171
649.5956038944171
649.5956038944171
649.5956038944171
649.5956038944171
649.5956038944171
649.5956038944171
649.595603894417
649.5956038944171
649.595603894417
649.595603894417
649.595603894417
649.595603894417
649.5956038944171
649.5956038944171
649.5956038944171
649.5956038944171
649.5956038944171
649.5956038944171
649.5956038944171
649.5956038944171
649.5956038944171
649.5956038944171
649.5956038944171
649.5956038944171
649.5956038944171
649.5956038944171
649.5956038944171
649.5956038944171
649.5956038944171
649.5956038944171
649.5956038944171
649.5956038944171
649.5956038944171
649.5956038944171
649.5956038944171
649.5956038944171
649.5956038944171
649.5956038944171
649.5956038944171
649.5956038944171
649.5956038944171
649.5956038944171
649.5956038944171
649.5956038944171
649.5956038944171
649.595603894417
649.5956038944171
649.595603894417
649.595603894417
649.595603894417
649.595603894417
649.5956038944171
649.5956038944171
649.5956038944171
649.5956038944171
649.5956038944171
649.5956038944171
649.5956038944171
649.5956038944171
649.5956038944171
649.5956038944171
649.5956038944171
649.5956038944171
649.5956038944171
649.5956038944171
649.5956038944171
649.5956038944171
649.5956038944171
649.5956038944171
649.5956038944171
649.5956038944171
649.5956038944171
649.5956038944171
649.5956038944171
649.5956038944171
649.5956038944171
649.5956038944171
649.5956038944171
649.5956038944171
649.5956038944171
649.5956038944171
649.5956038944171
649.5956038944171
649.5956038944171
649.595603894417
649.5956038944171
649.595603894417
649.595603894417
649.595603894417
649.595603894417
649.5956038944171
649.5956038944171
649.5956038944171
649.5956038944171
649.5956038944171
649.5956038944171
649.5956038944171
649.5956038944171
649.5956038944171
649.5956038944171
649.5956038944171
649.5956038944171
649.5956038944171
649.5956038944171
649.5956038944171
649.5956038944171
649.5956038944171
649.5956038944171
649.5956038944171
649.5956038944171
649.5956038944171
649.5956038944171
649.5956038944171
649.5956038944171
649.5956038944171
649.5956038944171
649.5956038944171
649.5956038944171
649.5956038944171
649.5956038944171
649.5956038944171
649.5956038944171
649.5956038944171
649.595603894417
649.5956038944171
649.595603894417
649.595603894417
649.595603894417
649.595603894417
649.5956038944171
649.5956038944171
649.5956038944171
649.5956038944171
649.5956038944171
649.5956038944171
649.5956038944171
649.5956038944171
649.5956038944171
649.5956038944171
649.5956038944171
649.5956038944171
649.5956038944171
649.5956038944171
649.5956038944171
649.5956038944171
649.5956038944171
649.5956038944171
649.5956038944171
649.5956038944171
649.5956038944171
649.5956038944171
649.5956038944171
649.5956038944171
649.5956038944171
649.5956038944171
649.5956038944171
649.5956038944171
649.5956038944171
649.5956038944171
649.5956038944171
649.5956038944171
649.5956038944171
649.595603894417
649.5956038944171
649.595603894417
649.595603894417
649.595603894417
649.595603894417
649.5956038944171
649.5956038944171
649.5956038944171
649.5956038944171
649.5956038944171
649.5956038944171
649.5956038944171
649.5956038944171
649.5956038944171
649.5956038944171
649.5956038944171
649.5956038944171
649.5956038944171
649.5956038944171
649.5956038944171
649.5956038944171
649.5956038944171
649.5956038944171
649.5956038944171
649.5956038944171
649.5956038944171
649.5956038944171
649.5956038944171
649.5956038944171
649.5956038944171
649.5956038944171
649.5956038944171
649.5956038944171
649.5956038944171
649.5956038944171
649.5956038944171
649.5956038944171
649.5956038944171
649.595603894417
649.5956038944171
649.595603894417
649.595603894417
649.595603894417
649.595603894417
649.5956038944171
649.5956038944171
649.5956038944171
649.5956038944171
649.5956038944171
649.5956038944171
649.5956038944171
649.5956038944171
649.5956038944171
649.5956038944171
649.5956038944171
649.5956038944171
649.5956038944171
649.5956038944171
649.5956038944171
649.5956038944171
649.5956038944171
649.5956038944171
649.5956038944171
649.5956038944171
649.5956038944171
649.5956038944171
649.5956038944171
649.5956038944171
649.5956038944171
649.5956038944171
649.5956038944171
649.5956038944171
649.5956038944171
649.5956038944171
649.5956038944171
649.5956038944171
649.5956038944171
649.595603894417
649.5956038944171
649.595603894417
649.595603894417
649.595603894417
649.595603894417
649.5956038944171
649.5956038944171
649.5956038944171
649.5956038944171
649.5956038944171
649.5956038944171
649.5956038944171
649.5956038944171
649.5956038944171
649.5956038944171
649.5956038944171
649.5956038944171
649.5956038944171
649.5956038944171
649.5956038944171
649.5956038944171
649.5956038944171
649.5956038944171
649.5956038944171
649.5956038944171
649.5956038944171
649.5956038944171
649.5956038944171
649.5956038944171
649.5956038944171
649.5956038944171
649.5956038944171
649.5956038944171
649.5956038944171
649.5956038944171
649.5956038944171
649.5956038944171
649.5956038944171
649.595603894417
649.5956038944171
649.595603894417
649.595603894417
649.595603894417
672.3262386284997
649.5956038944171
649.5956038944171
649.5956038944171
649.5956038944171
649.5956038944171
649.5956038944171
649.5956038944171
649.5956038944171
649.5956038944171
649.5956038944171
649.5956038944171
649.5956038944171
649.5956038944171
649.5956038944171
649.5956038944171
649.5956038944171
649.5956038944171
649.5956038944171
649.5956038944171
649.5956038944171
649.5956038944171
649.5956038944171
649.5956038944171
649.5956038944171
649.5956038944171
649.5956038944171
649.5956038944171
649.5956038944171
649.5956038944171
649.5956038944171
649.5956038944171
649.5956038944171
649.5956038944171
649.595603894417
649.5956038944171
649.595603894417
649.595603894417
649.595603894417
649.595603894417
649.5956038944171
649.5956038944171
649.5956038944171
649.5956038944171
649.5956038944171
649.5956038944171
649.5956038944171
649.5956038944171
649.5956038944171
649.5956038944171
649.5956038944171
649.5956038944171
649.5956038944171
649.5956038944171
649.5956038944171
649.5956038944171
649.5956038944171
649.5956038944171
649.5956038944171
649.5956038944171
649.5956038944171
649.5956038944171
649.5956038944171
649.5956038944171
649.5956038944171
649.5956038944171
649.5956038944171
649.5956038944171
649.5956038944171
649.5956038944171
649.5956038944171
649.5956038944171
649.5956038944171
649.595603894417
649.5956038944171
649.595603894417
649.595603894417
649.595603894417
649.595603894417
649.5956038944171
649.5956038944171
649.5956038944171
649.5956038944171
649.5956038944171
649.5956038944171
649.5956038944171
649.5956038944171
649.5956038944171
649.5956038944171
649.5956038944171
649.5956038944171
649.5956038944171
649.5956038944171
649.5956038944171
649.5956038944171
649.5956038944171
649.5956038944171
649.5956038944171
649.5956038944171
649.5956038944171
649.5956038944171
649.5956038944171
649.5956038944171
649.5956038944171
649.5956038944171
649.5956038944171
649.5956038944171
649.5956038944171
649.5956038944171
649.5956038944171
649.5956038944171
649.5956038944171
649.595603894417
649.5956038944171
649.595603894417
649.595603894417
649.595603894417
649.595603894417
649.5956038944171
649.5956038944171
649.5956038944171
649.5956038944171
649.5956038944171
649.5956038944171
649.5956038944171
649.5956038944171
649.5956038944171
649.5956038944171
649.5956038944171
649.5956038944171
649.5956038944171
649.5956038944171
649.5956038944171
649.5956038944171
649.5956038944171
649.5956038944171
649.5956038944171
649.5956038944171
649.5956038944171
649.5956038944171
649.5956038944171
649.5956038944171
649.5956038944171
649.5956038944171
649.5956038944171
649.5956038944171
649.5956038944171
649.5956038944171
649.5956038944171
649.5956038944171
649.5956038944171
649.595603894417
649.5956038944171
649.595603894417
649.595603894417
649.595603894417
649.595603894417
649.5956038944171
649.5956038944171
649.5956038944171
649.5956038944171
649.5956038944171
649.5956038944171
649.5956038944171
649.5956038944171
649.5956038944171
649.5956038944171
649.5956038944171
649.5956038944171
649.5956038944171
649.5956038944171
649.5956038944171
649.5956038944171
649.5956038944171
649.5956038944171
649.5956038944171
649.5956038944171
649.5956038944171
649.5956038944171
649.5956038944171
649.5956038944171
649.5956038944171
649.5956038944171
649.5956038944171
649.5956038944171
649.5956038944171
649.5956038944171
649.5956038944171
649.5956038944171
649.5956038944171
649.595603894417
649.5956038944171
649.595603894417
649.595603894417
649.595603894417
649.595603894417
649.5956038944171
649.5956038944171
649.5956038944171
649.5956038944171
649.5956038944171
649.5956038944171
649.5956038944171
649.5956038944171
649.5956038944171
649.5956038944171
649.5956038944171
649.5956038944171
649.5956038944171
649.5956038944171
649.5956038944171
649.5956038944171
649.5956038944171
649.5956038944171
649.5956038944171
649.5956038944171
649.5956038944171
649.5956038944171
649.5956038944171
649.5956038944171
649.5956038944171
649.5956038944171
649.5956038944171
649.5956038944171
649.5956038944171
649.5956038944171
649.5956038944171
649.5956038944171
649.5956038944171
649.595603894417
649.5956038944171
649.595603894417
649.595603894417
649.595603894417
649.595603894417
649.5956038944171
649.5956038944171
649.5956038944171
649.5956038944171
649.5956038944171
649.5956038944171
649.5956038944171
649.5956038944171
649.5956038944171
649.5956038944171
649.5956038944171
649.5956038944171
649.5956038944171
649.5956038944171
649.5956038944171
649.5956038944171
649.5956038944171
649.5956038944171
649.5956038944171
649.5956038944171
649.5956038944171
649.5956038944171
649.5956038944171
649.5956038944171
649.5956038944171
649.5956038944171
649.5956038944171
649.5956038944171
649.5956038944171
649.5956038944171
649.5956038944171
649.5956038944171
649.5956038944171
649.595603894417
649.5956038944171
649.595603894417
649.595603894417
649.595603894417
649.595603894417
649.5956038944171
649.5956038944171
649.5956038944171
649.5956038944171
649.5956038944171
649.5956038944171
649.5956038944171
649.5956038944171
649.5956038944171
649.5956038944171
649.5956038944171
649.5956038944171
649.5956038944171
649.5956038944171
649.5956038944171
649.5956038944171
649.5956038944171
649.5956038944171
649.5956038944171
649.5956038944171
649.5956038944171
649.5956038944171
649.5956038944171
649.5956038944171
649.5956038944171
649.5956038944171
649.5956038944171
649.5956038944171
649.5956038944171
649.5956038944171
649.5956038944171
649.5956038944171
649.5956038944171
649.595603894417
649.5956038944171
649.595603894417
649.595603894417
649.595603894417
649.595603894417
649.5956038944171
649.5956038944171
649.5956038944171
649.5956038944171
649.5956038944171
649.5956038944171
649.5956038944171
649.5956038944171
649.5956038944171
649.5956038944171
649.5956038944171
649.5956038944171
649.5956038944171
649.5956038944171
649.5956038944171
649.5956038944171
649.5956038944171
649.5956038944171
649.5956038944171
649.5956038944171
649.5956038944171
649.5956038944171
649.5956038944171
649.5956038944171
649.5956038944171
649.5956038944171
649.5956038944171
649.5956038944171
649.5956038944171
649.5956038944171
649.5956038944171
649.5956038944171
649.5956038944171
649.595603894417
649.5956038944171
649.595603894417
649.595603894417
649.595603894417
649.595603894417
