39.16
26
29281.210065600106
31338.333072015448
29005.590331460324
29364.216245849733
31214.95912802594
30201.371259419742
29873.14986316384
31295.36866727061
30944.846337047613
28897.960226183728
31575.367499742948
28830.848896594656
29221.727192313567
28936.08136693929
29661.51563205472
29812.150343467092
31382.13412766425
31710.079033547467
31987.903381645938
29436.391891972293
31229.923079622786
28296.89018537863
29729.410473596
28608.27472006187
31879.71595946456
27199.180115886425
23756.37522611412
25986.39336954738
28728.472626102073
25721.737542467286
26917.260825849906
28626.563317954748
26298.267079086538
27782.067748351852
28942.476171028815
27899.353393356174
26075.270954235977
25465.66686619314
23045.22027052036
23580.350246225094
25827.531808511183
26851.642785864937
27470.186806940503
28660.847455958014
28413.48697762845
29087.636148355556
27516.85958525639
28418.725322298254
25926.567967212093
26945.450987292028
26554.529267065347
26196.554201658902
23756.37522611412
20904.85336475021
24176.014045245945
26191.756746589468
23639.741999556376
24066.23944744121
25637.645583328525
24150.291133645187
21904.98669567167
26741.673065116986
25885.570985926246
22434.314731392336
22614.645487784437
20904.85336475021
20333.706861305942
20553.61006651962
26748.145610673324
25519.043302865815
25880.87462648231
26409.068498510584
27097.035945788855
25751.394512487033
25873.200759410865
23075.546588803394
25287.62288505265
24633.93160052347
23337.428347023713
22104.7104624569
18501.65631441992
22730.755363329943
19969.606165183643
21759.740248676488
22576.563282434752
23406.723229789703
22338.073653339008
20072.936148785648
24923.06061031958
20333.70686130594
20456.862453592297
21112.051644647545
19767.005553797262
18501.65631441992
18721.5595196336
24254.814068142896
23614.069035615168
18360.15517621765
24500.208794025788
25470.510248261802
24007.62572470932
24287.066003931857
21078.901438650697
17719.96946116246
18501.65631441992
22792.13511661297
20645.008168687236
16703.787563681304
21359.135333515
18137.555618297625
20102.277929782605
17719.96946116246
17719.96946116246
17719.96946116246
17719.96946116246
17806.340038297803
18332.63437618671
18497.612200731186
20054.897315288374
17719.96946116246
17230.637641578032
17719.96946116246
22337.312668291444
22248.963146975784
17719.96946116246
17719.96946116246
18320.432688380453
17719.96946116246
22894.202004370545
19926.918750763212
16703.787563681304
17319.650877039006
21038.786507829624
16700.203446064297
15258.951915827583
20010.944313821794
16955.550180916714
16260.860868646083
16703.787563681304
16386.100514267917
16386.100514267917
16703.787563681304
16386.100514267917
16452.47373846445
17364.992061707162
16452.47373846445
16579.15671559557
16452.47373846445
16703.787563681304
16260.860868646083
20981.85192733453
16703.787563681304
16386.100514267917
17138.736425793682
16703.787563681304
21894.131263015082
16211.029373357293
15937.741543425864
16133.565515735632
19536.192664692728
15258.951915827583
14708.425836012075
15258.951915827585
15939.368283435553
15249.496994954558
15258.951915827585
16001.21541516773
15591.78724531393
15258.951915827585
15258.951915827585
15705.936399157674
15258.951915827585
15249.496994954558
15258.951915827585
15705.936399157674
15937.741543425864
15514.323529339308
19889.512575501256
15690.757399733442
15258.951915827585
16197.359053989368
15937.741543425864
15258.951915827585
15258.951915827585
15387.215463610353
15413.400425353202
15258.951915827585
14708.425836012075
14190.709005767323
14698.970915139049
14708.425836012077
14555.68103102325
14698.970915139049
14708.425836012077
15070.574454464859
14708.425836012077
14708.425836012077
15084.136856270767
14698.970915139049
14555.68103102325
14698.970915139049
15575.108192093085
15387.215463610355
14698.970915139049
15238.529824269133
14708.425836012077
14708.425836012077
15646.83297417386
14708.425836012077
14698.970915139049
14698.970915139049
14708.425836012077
14643.831817153816
14708.425836012077
14190.709005767323
13703.121564485878
14037.964200778497
14190.709005767323
13885.539510726036
14037.964200778497
14181.254084894297
14511.247340334401
14190.709005767323
14190.709005767323
14109.421864725138
14181.254084894297
14190.709005767323
14190.709005767323
15575.108192093085
14885.84057491776
14037.964200778497
14708.425836012077
14190.709005767323
14190.709005767323
15142.21226652979
14109.421864725138
14190.709005767323
14037.964200778497
14109.421864725138
13632.11966477177
14181.254084894297
13703.121564485878
13632.11966477177
13387.28542359388
13535.16763764133
13212.624399980952
13387.28542359388
13535.16763764133
13477.843727344914
13632.11966477177
13535.16763764133
13621.834423443694
13554.910125735272
13535.16763764133
13703.121564485878
13632.11966477177
13632.11966477177
13550.376759497054
14190.709005767323
13535.16763764133
13535.16763764133
13632.11966477177
13516.918431661956
13703.121564485878
13550.376759497054
13621.834423443694
13632.11966477177
13554.910125735272
13140.086809056123
12733.784429937621
13140.086809056123
13089.23461906746
13140.086809056123
13140.086809056123
13484.315447652667
13077.04226424759
13121.289822224997
13140.086809056123
13140.086809056123
13060.39951146476
13140.086809056123
13140.086809056123
13121.289822224997
13140.086809056123
13140.086809056123
13140.086809056123
13089.23461906746
13089.23461906746
13121.289822224997
13070.985413088083
13140.086809056123
13140.086809056123
13140.086809056123
13140.086809056123
12920.090224144924
12733.784429937621
12293.393712317142
12733.78442993762
12733.78442993762
12784.636619926283
13140.086809056123
12733.78442993762
12733.78442993762
12877.516445247744
12733.78442993762
12571.085517794503
12733.78442993762
12784.636619926283
12733.78442993762
12395.819970896977
12571.085517794503
12571.085517794503
12571.085517794503
12733.78442993762
12733.784429937621
12395.819970896977
12715.535223958244
12571.085517794503
12733.78442993762
12733.78442993762
12571.085517794503
12525.009395559717
12293.393712317142
12257.283736769541
12317.672124607732
12261.462154682747
12261.462154682747
12293.393712317142
12293.393712317142
12317.672124607732
12877.516445247744
12261.462154682747
12257.283736769541
12293.393712317142
12368.524314596396
12359.867608822446
11850.191330831603
12257.283736769541
12257.283736769541
11841.171431439656
12261.462154682747
12257.283736769541
11602.753671980081
12299.422918628357
11841.171431439656
12293.393712317142
12293.393712317142
12257.283736769541
12293.393712317142
12257.283736769541
11477.759701011315
12073.898747630481
11915.533057407232
11562.692046993334
11562.692046993334
11877.281406987258
11562.692046993334
11562.692046993334
11915.533057407232
11562.692046993334
11562.692046993334
11562.692046993334
11562.692046993334
11850.191330831603
11841.171431439656
11562.692046993334
11597.398054462405
11877.761752968514
11562.692046993334
11477.759701011315
12299.422918628357
11841.171431439656
11877.281406987258
11877.281406987258
11477.759701011317
11877.281406987258
11477.759701011317
11233.986324034062
11477.759701011317
11477.759701011317
11318.91867001608
11477.759701011317
11633.508030010005
11318.91867001608
11477.759701011317
11671.759680429981
11477.759701011317
11477.759701011317
11477.759701011317
11318.91867001608
11477.759701011317
11597.398054462405
11477.759701011317
11388.716523192637
11633.988375991263
11318.91867001608
11233.986324034062
11233.986324034066
11233.986324034066
11233.986324034066
11233.986324034066
11233.986324034066
11233.986324034066
11233.986324034066
11233.986324034062
11233.986324034066
11477.759701011317
11110.820536936937
11233.986324034066
11233.986324034066
11233.986324034066
11233.986324034066
11671.759680429981
11233.986324034066
11233.986324034066
11233.986324034066
11110.820536936937
11233.986324034066
11388.716523192637
11233.986324034066
11233.986324034066
11233.986324034066
11233.986324034066
11233.986324034062
11025.88819095492
11233.986324034066
11025.88819095492
11233.986324034066
11025.88819095492
11025.88819095492
11025.88819095492
11025.88819095492
11025.88819095492
11025.88819095492
10953.305245709862
11025.88819095492
11025.88819095492
11025.88819095492
11025.88819095492
11025.88819095492
11025.88819095492
11025.88819095492
11025.88819095492
11025.88819095492
11025.88819095492
11025.88819095492
11025.88819095492
11025.88819095492
11025.88819095492
11025.88819095492
11025.888190954918
11025.88819095492
11025.88819095492
11025.88819095492
11025.88819095492
10868.372899727845
11025.88819095492
11025.88819095492
10868.372899727843
10868.372899727843
10868.372899727843
10816.557476861935
10868.372899727843
11025.88819095492
10868.372899727843
10868.372899727843
10868.372899727843
10868.372899727843
10868.372899727843
10868.372899727843
10868.372899727843
10868.372899727843
10868.372899727843
10868.372899727843
10868.372899727843
10868.372899727843
10868.372899727843
10868.372899727843
10868.372899727843
11025.88819095492
10868.372899727843
10868.372899727843
10868.372899727843
10868.372899727845
10868.372899727845
10816.557476861935
10816.557476861935
10816.557476861935
10816.557476861935
10816.557476861935
10868.372899727843
10816.557476861935
10816.557476861935
10868.372899727843
10816.557476861935
10868.372899727843
10731.625130879916
10816.557476861935
10816.557476861935
10816.557476861935
10816.557476861935
10731.625130879916
10731.625130879916
10816.557476861935
10816.557476861935
10731.625130879916
10798.49348558313
10816.557476861935
10816.557476861935
10816.557476861935
10816.557476861935
10816.557476861935
10600.050838637373
10816.557476861935
10684.983184619394
10684.983184619392
10731.625130879916
10731.625130879916
10731.625130879916
10731.625130879916
10731.625130879916
10684.983184619394
10731.625130879916
10600.050838637373
10600.050838637373
10600.050838637373
10600.050838637373
10600.050838637373
10600.050838637373
10731.625130879916
10600.050838637373
10600.050838637373
10731.625130879916
10600.050838637373
10600.050838637373
10600.050838637373
10600.050838637373
10600.050838637373
10816.557476861935
10600.050838637373
10600.050838637373
10600.050838637373
10600.050838637373
10600.050838637373
10600.050838637373
10600.050838637373
10600.050838637373
10600.050838637373
10600.050838637373
10600.050838637373
10600.050838637373
10600.050838637373
10530.276220416412
10600.050838637373
10530.276220416412
10600.050838637373
10600.050838637373
10530.276220416412
10530.276220416412
10600.050838637373
10530.276220416412
10530.276220416412
10600.050838637373
10600.050838637373
10530.276220416412
10600.050838637373
13144.020083088571
10530.276220416412
10530.276220416412
10530.276220416412
10530.276220416412
10530.276220416412
10530.276220416412
10530.276220416412
10530.276220416412
10530.276220416412
10530.276220416412
10530.276220416412
10530.276220416412
10530.276220416412
10530.276220416412
10530.276220416412
10600.050838637373
10600.050838637373
10250.107226422648
10530.276220416412
10600.050838637373
10530.276220416412
10250.107226422648
10530.276220416412
10600.050838637373
10530.276220416412
10530.276220416412
10183.901558924656
10250.107226422648
10250.107226422648
10250.107226422648
10250.107226422648
10250.107226422648
10250.107226422648
10250.107226422648
10250.107226422648
10250.107226422648
10250.107226422648
10250.107226422648
10250.107226422648
10250.107226422648
10250.107226422648
10250.107226422648
10250.107226422648
10250.107226422648
10183.901558924656
10183.901558924656
10183.901558924656
10183.901558924656
10183.901558924656
10183.901558924656
10183.901558924656
10183.901558924656
10183.901558924656
10121.443775283962
10183.901558924656
10183.901558924656
10183.901558924656
10183.901558924656
10250.107226422648
10183.901558924656
10183.901558924656
10183.901558924656
10183.901558924656
10250.107226422648
10183.901558924656
10183.901558924656
10183.901558924656
10183.901558924656
10183.901558924656
10183.901558924656
10183.901558924656
10121.443775283962
10121.443775283962
10121.443775283962
10183.901558924656
10121.443775283962
10121.443775283962
10121.443775283962
10121.443775283962
10121.443775283962
10121.443775283962
10121.443775283962
10183.901558924656
10121.443775283962
10121.443775283962
10121.443775283962
10121.443775283962
10183.901558924656
10121.443775283962
10083.587422699555
10250.107226422648
10121.443775283962
10121.443775283962
10121.443775283962
10121.443775283962
10121.443775283962
10121.443775283962
10121.443775283962
10121.443775283962
10078.880037729767
10121.443775283962
10121.443775283962
10121.443775283962
9774.683398374505
10083.587422699555
10121.443775283962
10079.880540180042
9764.192393325999
9764.192393325999
9764.192393325999
9764.192393325999
9764.192393325999
9764.192393325999
9764.192393325999
9764.192393325999
9764.192393325999
9764.192393325999
9764.192393325999
10079.880540180042
9764.192393325999
9774.683398374505
9764.192393325999
9764.192393325999
9764.192393325999
9764.192393325999
9764.192393325999
9764.192393325999
9764.192393325999
9764.192393325999
9764.192393325999
9764.192393325999
9764.192393325999
9764.192393325999
9764.192393325999
9764.192393325999
9764.192393325999
9764.192393325999
9738.92530601898
9764.192393325999
9738.92530601898
9764.192393325999
9764.192393325999
9764.192393325999
9738.92530601898
9764.192393325999
9764.192393325999
9764.192393325999
9764.192393325999
9738.92530601898
9738.92530601898
9764.192393325999
9764.192393325999
9764.192393325999
9764.192393325999
9764.192393325999
9764.192393325999
9764.192393325999
9764.192393325999
9738.92530601898
9738.92530601898
9764.192393325999
9738.92530601898
9738.92530601898
9738.92530601898
9738.92530601898
9738.92530601898
9738.92530601898
9738.92530601898
9738.92530601898
9738.92530601898
9738.92530601898
9738.92530601898
9738.92530601898
9738.92530601898
9738.92530601898
9738.92530601898
9738.92530601898
9738.92530601898
9764.192393325999
9738.92530601898
9738.92530601898
9738.92530601898
9738.92530601898
9738.92530601898
9738.92530601898
9738.92530601898
9738.92530601898
9738.92530601898
9738.92530601898
9738.92530601898
9637.477771446129
9738.92530601898
9738.92530601898
9637.477771446129
9738.92530601898
9738.92530601898
9738.92530601898
9738.92530601898
9738.92530601898
9738.92530601898
9738.92530601898
9738.92530601898
9637.477771446129
9637.477771446129
9738.92530601898
9738.92530601898
9637.477771446127
9738.92530601898
9738.92530601898
9637.477771446129
9738.92530601898
9738.92530601898
9637.477771446127
9738.92530601898
9738.92530601898
9637.477771446127
9637.477771446127
9637.477771446127
9637.477771446127
9637.477771446127
9637.477771446127
9637.477771446127
9637.477771446127
9637.477771446127
9637.477771446127
9637.477771446127
9637.477771446127
9637.477771446127
9637.477771446127
9637.477771446129
9637.477771446127
9637.477771446127
9637.477771446127
9637.477771446127
9637.477771446127
9637.477771446127
9637.477771446127
9637.477771446127
9637.477771446127
9585.123236974998
9637.477771446127
9637.477771446127
9585.123236974996
9585.123236974996
9585.123236974996
9585.123236974996
9585.123236974996
9585.123236974996
9585.123236974996
9585.123236974998
9585.123236974996
9585.123236974996
9585.123236974996
9585.123236974996
9637.477771446127
9585.123236974996
9585.123236974996
9585.123236974996
9585.123236974996
9585.123236974996
9585.123236974998
9585.123236974996
9585.123236974996
9585.123236974996
9585.123236974996
9585.123236974996
9585.123236974996
9585.123236974998
9585.123236974998
9585.123236974996
9522.108973378756
9585.123236974996
9585.123236974996
9585.123236974996
9585.123236974996
9585.123236974996
9585.123236974998
9522.108973378756
9585.123236974996
9585.123236974996
9585.123236974996
9585.123236974998
9522.108973378756
9585.123236974996
9585.123236974996
9585.123236974996
9585.123236974996
9585.123236974996
9585.123236974996
9585.123236974996
9585.123236974996
9585.123236974996
9522.108973378756
9585.123236974996
9585.123236974998
9585.123236974998
9522.108973378754
9522.108973378754
9522.108973378756
9522.108973378756
9522.108973378756
9585.123236974996
9522.108973378756
9522.108973378756
9522.108973378754
9522.108973378756
9522.108973378756
9585.123236974996
9522.108973378756
9522.108973378756
9522.108973378756
9522.108973378756
9522.108973378756
9522.108973378756
9522.108973378756
9522.108973378756
9522.108973378756
9522.108973378756
9522.108973378756
9490.51892097471
9522.108973378756
9522.108973378754
9522.108973378756
9471.195947821065
9490.51892097471
9522.108973378754
9490.51892097471
9490.51892097471
9490.51892097471
9490.51892097471
9490.51892097471
9490.51892097471
9490.51892097471
9490.51892097471
9490.51892097471
9490.51892097471
9490.51892097471
9490.51892097471
9490.51892097471
9490.51892097471
9490.51892097471
9490.51892097471
9490.51892097471
9490.51892097471
9522.108973378756
9490.51892097471
9471.195947821065
9471.195947821065
9471.195947821065
9471.195947821065
9471.195947821065
9471.195947821065
9471.195947821065
9471.195947821065
9471.195947821065
9490.51892097471
9471.195947821065
9471.195947821065
9471.195947821065
9471.195947821065
9471.195947821065
9471.195947821065
9471.195947821065
9471.195947821065
9471.195947821065
9471.195947821065
9471.195947821065
9471.195947821065
9471.195947821065
9471.195947821065
9490.51892097471
9471.195947821065
9471.195947821065
9471.195947821065
9471.195947821065
9471.195947821065
9471.195947821065
10688.309517367903
9471.195947821065
9459.546750354983
9471.195947821065
9471.195947821065
9471.195947821065
9471.195947821065
9459.546750354983
9471.195947821065
9459.546750354983
9459.546750354983
9471.195947821065
9471.195947821065
9471.195947821065
9471.195947821065
9471.195947821065
9471.195947821065
9471.195947821065
9471.195947821065
9471.195947821065
9471.195947821065
9459.546750354983
9471.195947821065
9471.195947821065
9471.195947821065
9471.195947821065
9471.195947821065
9459.546750354983
9459.546750354984
9459.546750354983
9459.546750354984
9459.546750354984
9459.546750354984
9459.546750354984
9368.336038665855
9459.546750354983
9459.546750354983
9459.546750354983
9459.546750354984
9459.546750354984
9459.546750354984
9459.546750354984
9459.546750354984
9471.195947821065
9459.546750354984
9459.546750354984
9459.546750354984
9459.546750354984
9459.546750354983
9459.546750354984
9459.546750354984
9459.546750354984
9459.546750354984
9459.546750354984
9368.336038665855
9368.336038665857
9368.336038665857
9368.336038665857
9368.336038665857
9368.336038665857
9368.336038665857
9368.336038665855
9368.336038665857
9368.336038665857
9459.546750354983
9368.336038665857
9368.336038665857
9368.336038665857
9368.336038665857
9368.336038665857
9368.336038665857
9368.336038665857
9368.336038665857
9368.336038665857
9368.336038665857
9368.336038665857
9368.336038665857
9368.336038665857
9368.336038665857
9368.336038665857
9368.336038665857
9368.336038665855
9368.336038665857
9322.627684492138
9322.627684492138
9368.336038665857
9368.336038665857
9368.336038665857
9368.336038665855
9368.336038665857
9368.336038665857
9368.336038665857
9368.336038665857
9368.336038665857
9368.336038665857
9322.627684492138
9368.336038665857
9368.336038665857
9322.627684492138
9368.336038665857
9368.336038665857
9368.336038665857
9368.336038665857
9368.336038665857
9368.336038665857
9368.336038665857
9368.336038665857
9368.336038665857
9302.347838092215
9322.62768449214
9302.347838092215
9302.347838092215
9302.347838092215
9302.347838092215
9302.347838092215
9302.347838092215
9302.347838092215
9302.347838092215
9302.347838092215
9302.347838092215
9302.347838092215
9302.347838092215
9302.347838092215
9302.347838092215
9302.347838092215
9302.347838092215
9302.347838092215
9302.347838092215
9302.347838092215
9302.347838092215
9302.347838092215
9302.347838092215
9302.347838092215
9302.347838092215
9302.347838092215
9302.347838092215
9302.347838092215
9302.347838092215
9249.519346102401
9302.347838092215
9302.347838092215
9302.347838092215
9302.347838092215
9302.347838092215
9302.347838092215
9249.519346102401
9302.347838092215
9302.347838092215
9249.519346102401
9249.519346102401
9302.347838092215
9302.347838092215
9302.347838092215
9302.347838092215
9302.347838092215
9302.347838092215
9249.519346102401
9302.347838092215
9302.347838092215
9302.347838092215
9302.347838092215
9302.347838092215
9249.519346102401
9249.519346102403
9249.519346102403
9249.519346102401
9302.347838092215
9249.519346102403
9249.519346102403
9249.519346102403
9249.519346102403
9249.519346102403
9249.519346102401
9249.519346102403
9249.519346102403
9249.519346102401
9249.519346102401
9249.519346102403
9302.347838092215
9249.519346102403
9249.519346102403
9249.519346102403
9302.347838092215
9179.34436092391
9249.519346102403
9249.519346102403
9249.519346102403
9249.519346102403
9249.519346102403
9179.344360923908
9179.344360923908
9179.344360923908
9179.344360923908
9179.344360923908
9179.344360923908
9179.344360923908
9179.344360923908
9179.344360923908
9179.344360923908
9179.344360923908
9179.344360923908
9179.344360923908
9179.344360923908
9179.344360923908
9179.344360923908
9179.344360923908
9179.344360923908
9179.344360923908
9179.344360923908
9179.344360923908
9179.344360923908
9179.344360923908
9249.519346102403
9179.344360923908
9179.344360923908
9179.344360923908
9159.913189259141
9179.344360923908
9179.344360923908
9179.344360923908
9179.344360923908
9179.344360923908
9179.344360923908
9179.344360923908
9179.344360923908
9179.344360923908
9159.913189259141
9179.344360923908
9159.913189259141
9179.344360923908
9179.344360923908
9179.344360923908
9179.344360923908
9179.344360923908
9179.344360923908
9179.344360923908
9179.344360923908
9159.913189259141
9159.913189259143
9159.913189259143
9159.913189259143
9179.344360923908
9159.913189259143
9159.913189259141
9159.913189259143
9159.913189259143
9159.913189259143
9159.913189259143
9159.913189259143
9159.913189259143
9159.913189259143
9159.913189259143
9159.913189259143
9159.913189259141
9159.913189259143
9159.913189259141
9179.344360923908
9159.913189259143
9159.913189259143
9159.913189259143
9159.913189259143
9159.913189259143
9159.913189259143
9159.913189259143
9159.913189259141
9159.913189259143
9159.913189259143
9159.913189259143
9159.913189259143
9159.913189259143
9159.913189259141
9159.913189259143
9159.913189259143
9159.913189259143
9159.913189259143
9159.913189259143
9159.913189259143
9159.913189259143
9159.913189259143
9159.913189259143
9157.201858398554
9159.913189259143
9159.913189259141
9179.344360923908
9159.913189259143
9159.913189259143
9159.913189259143
9159.913189259143
9159.913189259143
9159.913189259143
9159.913189259143
9159.913189259141
9159.913189259143
9159.913189259143
9159.913189259143
9159.913189259143
9159.913189259143
9157.201858398554
9157.201858398554
9157.201858398554
9157.201858398554
9157.201858398554
9157.201858398554
9157.201858398554
9157.201858398554
9157.201858398554
9157.201858398554
9157.201858398554
9157.201858398554
9157.201858398554
9157.201858398554
9157.201858398554
9157.201858398554
9157.201858398554
9157.201858398554
9157.201858398554
9157.201858398554
9157.201858398554
9157.201858398554
9157.201858398554
9157.201858398554
9157.201858398554
9157.201858398554
9159.913189259143
9157.201858398554
9157.201858398554
9157.201858398554
9157.201858398554
9157.201858398554
9157.201858398554
9157.201858398554
9157.201858398554
9157.201858398554
9157.201858398554
9157.201858398554
9105.885679142179
9157.201858398554
9157.201858398554
9157.201858398554
9157.201858398554
9157.201858398554
9157.201858398554
9157.201858398554
9157.201858398554
9157.201858398554
9157.201858398554
9157.201858398554
9157.201858398554
9157.201858398554
9157.201858398554
9159.913189259143
9105.885679142179
9105.885679142179
9105.885679142179
9105.885679142179
9105.885679142179
9105.885679142179
9105.885679142179
9105.885679142179
9105.885679142179
9105.885679142179
9105.885679142179
9105.885679142179
9105.885679142179
9105.885679142179
9105.885679142179
9105.885679142179
9105.885679142179
9105.885679142179
9105.885679142179
9105.885679142179
9105.885679142179
9105.885679142179
9105.885679142179
9105.885679142179
9105.885679142179
9105.885679142179
9105.885679142179
9105.885679142179
9105.885679142179
9105.885679142179
9105.885679142179
9087.98027141615
9105.885679142179
9087.98027141615
9087.98027141615
9105.885679142179
9105.885679142179
9105.885679142179
9105.885679142179
9105.885679142179
9105.885679142179
9105.885679142179
9105.885679142179
9105.885679142179
9042.88068360148
9042.88068360148
9087.98027141615
9105.885679142179
9105.885679142179
9105.885679142179
9105.885679142179
9105.885679142179
9105.885679142179
9087.98027141615
8922.13417714504
9105.885679142179
9042.88068360148
9042.88068360148
9037.1956117042
9042.88068360148
9037.195611704197
9037.1956117042
9042.88068360148
9037.1956117042
9042.88068360148
9042.88068360148
9042.88068360148
9042.88068360148
9042.88068360148
9037.1956117042
9037.1956117042
8922.13417714504
8922.13417714504
8922.13417714504
8922.13417714504
8922.13417714504
8922.13417714504
8922.13417714504
9087.98027141615
8922.13417714504
8922.13417714504
8871.349517433087
8922.13417714504
9042.88068360148
8922.13417714504
8922.13417714504
8922.13417714504
8922.13417714504
8922.13417714504
8922.13417714504
8922.13417714504
8922.13417714504
8922.13417714504
8922.13417714504
8922.13417714504
8922.13417714504
8922.13417714504
8922.13417714504
8871.349517433087
8871.349517433087
8871.349517433087
8871.349517433087
8871.349517433087
8871.349517433087
8871.349517433087
8871.349517433087
8871.349517433087
8871.349517433087
8871.349517433087
8871.349517433087
8871.349517433087
8871.349517433087
8871.349517433087
8871.349517433087
8871.349517433087
8871.349517433087
8871.349517433087
8871.349517433087
8871.349517433087
8871.349517433087
8871.349517433087
8871.349517433087
8871.349517433087
8871.349517433087
8922.13417714504
8871.349517433087
8871.349517433087
8871.349517433087
8871.349517433087
8871.349517433087
8871.349517433087
8871.349517433087
8871.349517433087
8871.349517433087
8871.349517433087
8871.349517433087
8871.349517433087
8871.349517433087
8871.349517433087
8871.349517433087
8871.349517433087
8871.349517433087
8871.349517433087
8871.349517433087
8871.349517433087
8871.349517433087
8871.349517433087
8871.349517433087
8871.349517433087
8871.349517433087
8871.349517433087
8871.349517433087
8871.349517433087
8871.349517433087
8871.349517433087
8871.349517433087
8871.349517433087
8871.349517433087
8871.349517433087
8871.349517433087
8871.349517433087
8871.349517433087
8871.349517433087
8871.349517433087
8871.349517433087
8856.08432159019
8871.349517433087
8871.349517433087
8871.349517433087
8871.349517433087
8871.349517433087
8871.349517433087
8871.349517433087
8871.349517433087
8871.349517433087
8871.349517433087
8871.349517433087
8871.349517433087
8871.349517433087
8871.349517433087
8871.349517433087
8871.349517433087
8871.349517433087
8871.349517433087
8871.349517433087
8871.349517433087
8871.349517433087
8871.349517433087
8871.349517433087
8856.08432159019
8856.08432159019
8856.08432159019
8856.08432159019
8856.08432159019
8856.08432159019
8856.08432159019
8856.08432159019
8856.08432159019
8856.08432159019
8856.08432159019
8856.08432159019
8856.08432159019
8856.08432159019
8856.08432159019
8856.08432159019
8856.08432159019
8856.08432159019
8856.08432159019
8856.08432159019
8856.08432159019
8856.08432159019
8856.08432159019
8856.08432159019
8871.349517433087
8856.08432159019
8871.349517433087
8856.08432159019
8840.776399760287
8856.08432159019
8856.08432159019
8850.49833144272
8856.08432159019
8856.08432159019
8850.49833144272
8856.08432159019
8850.49833144272
8856.08432159019
8840.776399760287
8856.08432159019
8850.49833144272
8856.08432159019
8840.776399760287
8840.776399760287
8856.08432159019
8856.08432159019
8850.49833144272
8850.49833144272
8856.08432159019
8856.08432159019
8856.08432159019
8856.08432159019
8856.08432159019
8871.349517433087
8840.776399760287
8840.776399760287
8840.776399760289
8840.776399760287
8835.41684998318
8856.08432159019
8840.776399760289
8840.776399760289
8840.776399760287
8840.776399760289
8840.776399760287
8840.776399760287
8840.776399760289
8840.776399760289
8840.776399760287
8840.776399760287
8840.776399760287
8840.776399760287
8840.776399760289
8840.776399760289
8840.776399760289
8840.776399760287
8840.776399760287
8840.776399760289
8856.08432159019
8840.776399760287
8871.349517433087
8835.41684998318
8835.416849983181
8835.416849983181
8834.683231504503
8835.41684998318
8835.416849983181
8835.416849983181
8835.416849983181
8835.416849983181
8835.416849983181
8835.416849983181
8835.416849983181
8835.416849983181
8835.416849983181
8835.416849983181
8835.416849983181
8840.776399760287
8835.416849983181
8835.416849983181
8840.776399760289
8835.416849983181
8835.416849983181
8835.416849983181
8835.416849983181
8835.416849983181
8835.416849983181
8835.416849983181
11018.990153117535
8835.416849983181
8834.683231504505
8834.683231504503
8835.41684998318
8835.416849983181
8835.416849983181
8835.416849983181
8835.416849983181
8835.416849983181
8835.416849983181
8835.416849983181
8835.416849983181
8835.416849983181
8835.416849983181
8835.416849983181
8840.776399760287
8835.416849983181
8835.416849983181
8840.776399760289
8835.416849983181
8818.092354555103
8835.416849983181
8835.416849983181
8835.416849983181
8835.416849983181
8835.416849983181
8818.092354555103
8818.092354555103
8818.092354555103
8818.092354555103
8818.092354555103
8818.092354555103
8818.092354555103
8818.092354555103
8818.092354555103
8818.092354555103
8818.092354555103
8818.092354555103
8818.092354555103
8818.092354555103
8818.092354555103
8818.092354555103
8818.092354555103
8818.092354555103
8818.092354555103
8818.092354555103
8818.092354555103
8818.092354555103
8818.092354555103
8818.092354555103
8818.092354555103
8818.092354555103
8818.092354555103
8818.092354555103
8818.092354555103
8818.092354555103
8801.164761571394
8818.092354555103
8818.092354555103
8818.092354555103
8818.092354555103
8801.164761571394
8818.092354555103
8801.164761571394
8818.092354555103
8818.092354555103
8818.092354555103
8818.092354555103
8818.092354555103
8818.092354555103
8801.164761571394
8818.092354555103
8818.092354555103
8801.164761571394
8818.092354555103
8818.092354555103
8818.092354555103
8818.092354555103
8801.164761571394
8801.164761571394
8801.164761571394
8801.164761571394
8801.164761571394
8801.164761571394
8801.164761571394
8801.164761571394
8801.164761571394
8801.164761571394
8801.164761571394
8801.164761571394
8801.164761571394
8801.164761571394
8801.164761571394
8801.164761571394
8818.092354555103
8801.164761571394
8801.164761571394
8801.164761571394
8801.164761571394
8801.164761571394
8801.164761571394
8801.164761571394
8801.164761571394
8801.164761571394
8801.164761571394
8801.164761571394
8801.164761571394
8801.164761571394
8801.164761571394
8801.164761571394
8801.164761571394
8801.164761571394
8801.164761571394
8801.164761571394
8801.164761571394
8801.164761571394
8801.164761571394
8801.164761571394
8801.164761571394
8801.164761571394
8801.164761571394
8801.164761571394
8801.164761571394
8801.164761571394
8801.164761571394
8801.164761571394
8801.164761571394
8801.164761571394
8801.164761571394
8801.164761571394
8801.164761571394
8801.164761571394
8801.164761571394
8801.164761571394
8801.164761571394
8801.164761571394
8801.164761571394
8801.164761571394
8801.164761571394
8801.164761571394
8801.164761571394
8801.164761571394
8801.164761571394
8801.164761571394
8801.164761571394
8801.164761571394
8801.164761571394
8801.164761571394
8801.164761571394
8801.164761571394
8801.164761571394
8801.164761571394
8801.164761571394
8801.164761571394
8801.164761571394
8801.164761571394
8801.164761571394
8801.164761571394
8801.164761571394
8801.164761571394
8801.164761571394
8801.164761571394
8801.164761571394
8801.164761571394
8801.164761571394
8801.164761571394
8801.164761571394
8801.164761571394
8801.164761571394
8801.164761571394
8801.164761571394
8801.164761571394
8801.164761571394
8801.164761571394
8801.164761571394
8801.164761571394
8801.164761571394
8801.164761571394
8801.164761571394
8801.164761571394
8801.164761571394
8801.164761571394
8801.164761571394
8801.164761571394
8801.164761571394
8801.164761571394
8801.164761571394
8801.164761571394
8801.164761571394
8801.164761571394
8801.164761571394
8801.164761571394
8801.164761571394
8801.164761571394
8801.164761571394
8801.164761571394
8801.164761571394
8801.164761571394
8749.856010845988
8801.164761571394
8801.164761571394
8801.164761571394
8801.164761571394
8801.164761571394
8801.164761571394
8801.164761571394
8749.856010845988
8801.164761571394
8801.164761571394
8801.164761571394
8801.164761571394
8801.164761571394
8801.164761571394
8801.164761571394
8801.164761571394
8749.856010845988
8749.856010845988
8749.856010845988
8749.856010845988
8749.856010845988
8749.856010845988
8749.856010845988
8749.856010845988
8749.856010845988
8749.856010845988
8749.856010845988
8749.856010845988
8749.856010845988
8801.164761571394
8749.856010845988
8749.856010845988
8749.856010845988
8749.856010845988
8749.856010845988
8749.856010845988
8749.856010845988
8749.856010845988
8801.164761571394
8749.856010845988
8749.856010845988
8749.856010845988
8749.856010845988
8749.856010845988
8749.856010845988
8749.856010845988
8749.856010845988
8749.856010845988
8749.856010845988
8749.856010845988
8749.856010845988
8749.856010845988
8749.856010845988
8749.856010845988
8749.856010845988
8749.856010845988
8749.856010845988
8749.856010845988
8749.856010845988
8749.856010845988
8749.856010845988
8749.856010845988
8749.856010845988
8749.856010845988
8749.856010845988
8749.856010845988
8749.856010845988
8749.856010845988
8749.856010845988
8749.856010845988
8749.856010845988
8749.856010845988
8749.856010845988
8749.856010845988
8749.856010845988
8749.856010845988
8749.856010845988
8749.856010845988
8749.856010845988
8749.856010845988
8749.856010845988
8749.856010845988
8749.856010845988
8749.856010845988
8749.856010845988
8749.856010845988
8749.856010845988
8749.856010845988
8749.856010845988
8749.856010845988
8749.856010845988
8749.856010845988
8749.856010845988
8749.856010845988
8749.856010845988
8749.856010845988
8749.856010845988
8749.856010845988
8749.856010845988
8749.856010845988
8749.856010845988
8749.856010845988
8749.856010845988
8749.856010845988
8749.856010845988
8749.856010845988
8749.856010845988
8749.856010845988
8749.856010845988
8749.856010845988
8749.856010845988
8749.856010845988
8749.856010845988
8749.856010845988
8749.856010845988
8749.856010845988
8749.856010845988
8749.856010845988
8749.856010845988
8749.856010845988
8749.856010845988
8749.856010845988
8749.856010845988
8749.856010845988
8749.856010845988
8585.805893353241
8749.856010845988
8749.856010845988
8749.856010845988
8749.856010845988
8749.856010845988
8749.856010845988
8749.856010845988
8749.856010845988
8749.856010845988
8749.856010845988
8749.856010845988
8749.856010845988
8749.856010845988
8749.856010845988
8749.856010845988
8749.856010845988
8749.856010845988
8585.805893353241
8749.856010845988
8749.856010845988
8749.856010845988
8749.856010845988
8749.856010845988
8749.856010845988
8749.856010845988
8585.805893353241
8585.805893353241
8585.805893353243
8585.805893353243
8585.805893353243
8585.805893353243
8585.805893353243
8733.318769662492
8585.805893353243
8585.805893353243
8585.805893353243
8585.805893353243
8585.805893353243
8585.805893353243
8749.856010845988
8749.856010845988
8585.805893353243
8585.805893353243
8585.805893353243
8585.805893353241
8585.805893353243
8585.805893353243
8585.805893353243
8585.805893353243
8749.856010845988
8585.805893353243
8585.805893353243
8585.805893353241
8585.805893353241
8585.805893353241
8508.811542285986
8585.805893353243
8585.805893353243
8585.805893353243
8585.805893353241
8585.805893353243
8508.811542285986
8585.805893353241
8585.805893353243
8585.805893353243
8585.805893353243
8585.805893353243
8585.805893353243
8585.805893353241
8585.805893353243
8585.805893353243
8585.805893353241
8585.805893353243
8585.805893353241
8585.805893353241
8585.805893353241
8585.805893353243
8585.805893353241
8585.805893353241
8508.811542285986
8508.811542285988
8508.811542285988
8508.811542285986
8508.811542285988
8508.811542285988
8508.811542285988
8508.811542285988
8508.811542285988
8508.811542285986
8585.805893353241
8508.811542285988
8585.805893353243
8508.811542285988
8508.811542285988
8508.811542285988
8508.811542285988
8508.811542285988
8508.811542285988
8508.811542285988
8508.811542285988
8508.811542285988
8508.811542285988
8508.811542285988
8508.811542285988
8508.811542285988
8508.811542285988
8508.811542285986
8508.811542285988
8508.811542285988
8508.811542285986
8508.811542285988
8508.811542285988
8508.811542285988
8508.811542285988
8508.811542285988
8508.811542285986
8508.811542285988
8508.811542285988
8508.811542285988
8508.811542285988
8508.811542285988
8508.811542285988
8508.811542285988
8508.811542285988
8508.811542285988
8508.811542285988
8508.811542285988
8508.811542285988
8508.811542285988
8508.811542285988
8508.811542285988
8508.811542285988
8508.811542285988
8508.811542285986
8508.811542285988
8508.811542285988
8508.811542285986
8508.811542285988
8508.811542285988
8508.811542285988
8508.811542285988
8508.811542285988
8508.811542285986
8508.811542285988
8508.811542285988
8508.811542285988
8508.811542285988
8508.811542285988
8508.811542285988
8496.75765399884
8508.811542285988
8508.811542285988
8508.811542285988
8508.811542285988
8508.811542285988
8508.811542285988
8508.811542285988
8508.811542285988
8508.811542285988
8496.75765399884
8496.75765399884
8508.811542285988
8496.75765399884
8496.75765399884
8496.75765399884
8496.75765399884
8496.75765399884
8496.75765399884
8496.75765399884
8496.75765399884
8496.75765399884
8496.75765399884
8496.75765399884
8496.75765399884
8496.75765399884
8496.75765399884
8496.75765399884
8496.75765399884
8496.75765399884
8496.75765399884
8496.75765399884
8496.75765399884
8496.75765399884
8496.75765399884
8496.75765399884
8496.75765399884
8496.75765399884
8496.75765399884
8496.75765399884
8496.75765399884
8496.75765399884
8496.75765399884
8496.75765399884
8496.75765399884
8496.75765399884
8496.75765399884
8496.75765399884
8496.75765399884
8496.75765399884
8496.75765399884
8496.75765399884
8496.75765399884
8496.75765399884
8496.75765399884
8496.75765399884
8496.75765399884
8496.75765399884
8496.75765399884
8496.75765399884
8496.75765399884
8496.75765399884
8496.75765399884
8496.75765399884
8496.75765399884
8496.75765399884
8496.75765399884
8496.75765399884
8496.75765399884
8496.75765399884
8496.75765399884
8496.75765399884
8496.75765399884
8496.75765399884
8496.75765399884
8496.75765399884
8496.75765399884
8496.75765399884
8496.75765399884
8496.75765399884
8496.75765399884
8496.75765399884
8496.75765399884
8496.75765399884
8496.75765399884
8496.75765399884
8496.75765399884
8496.75765399884
8496.75765399884
8496.75765399884
8496.75765399884
8496.75765399884
8496.75765399884
8496.75765399884
8496.75765399884
8496.75765399884
8496.75765399884
8496.75765399884
8496.75765399884
8496.75765399884
8496.75765399884
8496.75765399884
8496.75765399884
8496.75765399884
8496.75765399884
8496.75765399884
8496.75765399884
8496.75765399884
8496.75765399884
8496.75765399884
8496.75765399884
8496.75765399884
8496.75765399884
8496.75765399884
8496.75765399884
8496.75765399884
8496.75765399884
8496.75765399884
8496.75765399884
8496.75765399884
8496.75765399884
8496.75765399884
8496.75765399884
8496.75765399884
8496.75765399884
8496.75765399884
8496.75765399884
8496.75765399884
8496.75765399884
8496.75765399884
8496.75765399884
8496.75765399884
8496.75765399884
8496.75765399884
8496.75765399884
8496.75765399884
8496.75765399884
8496.75765399884
8496.75765399884
8496.75765399884
8496.75765399884
8496.75765399884
8496.75765399884
8496.75765399884
8496.75765399884
8496.75765399884
8496.75765399884
8496.75765399884
8496.75765399884
8496.75765399884
8496.75765399884
8496.75765399884
8496.75765399884
8496.75765399884
8496.75765399884
8496.75765399884
8496.75765399884
8496.75765399884
8496.75765399884
8473.376013046252
8496.75765399884
8496.75765399884
8496.75765399884
8496.75765399884
8496.75765399884
8496.75765399884
8496.75765399884
8496.75765399884
8496.75765399884
8496.75765399884
8496.75765399884
8496.75765399884
8496.75765399884
8473.376013046252
8473.376013046252
8473.376013046252
8473.376013046252
8473.376013046252
8473.376013046252
8473.376013046252
8496.75765399884
8473.376013046252
8473.376013046252
8473.376013046252
8473.376013046252
8473.376013046252
8473.376013046252
8473.376013046252
8473.376013046252
8473.376013046252
8473.376013046252
8473.376013046252
8473.376013046252
8473.376013046252
8473.376013046252
8496.75765399884
8473.376013046252
8473.376013046252
8473.376013046252
8473.376013046252
8473.376013046252
8473.376013046252
8473.376013046252
8473.376013046252
8473.376013046252
8473.376013046252
8473.376013046252
8473.376013046252
8473.376013046252
8473.376013046252
8473.376013046252
8473.376013046252
8473.376013046252
8473.376013046252
8473.376013046252
8473.376013046252
8473.376013046252
8473.376013046252
8473.376013046252
8473.376013046252
8473.376013046252
8473.376013046252
8473.376013046252
8473.376013046252
8473.376013046252
8473.376013046252
8473.376013046252
9596.082746855183
8473.376013046252
8473.376013046252
8473.376013046252
8473.376013046252
8473.376013046252
8473.376013046252
8473.376013046252
8473.376013046252
8473.376013046252
8473.376013046252
8473.376013046252
8473.376013046252
8473.376013046252
8473.376013046252
8473.376013046252
8473.376013046252
8473.376013046252
8473.376013046252
8473.376013046252
8473.376013046252
8473.376013046252
8473.376013046252
8473.376013046252
8473.376013046252
8473.376013046252
8473.376013046252
8473.376013046252
8473.376013046252
8473.376013046252
8473.376013046252
8473.376013046252
8473.376013046252
8473.376013046252
8473.376013046252
8473.376013046252
8473.376013046252
8473.376013046252
8473.376013046252
8473.376013046252
8473.376013046252
8473.376013046252
8473.376013046252
8473.376013046252
8473.376013046252
8473.07970369871
8473.376013046252
8473.376013046252
8473.376013046252
8473.376013046252
8473.376013046252
8473.376013046252
8473.376013046252
8473.376013046252
8473.07970369871
8473.07970369871
8473.07970369871
8473.07970369871
8473.07970369871
8473.07970369871
8473.07970369871
8473.07970369871
8473.07970369871
8473.07970369871
8473.07970369871
8473.07970369871
8473.07970369871
8473.07970369871
8473.07970369871
8473.07970369871
8473.07970369871
8473.07970369871
8473.07970369871
8473.07970369871
8473.07970369871
8473.07970369871
8473.07970369871
8473.07970369871
8473.07970369871
8473.376013046252
8473.07970369871
8473.07970369871
8473.07970369871
8473.07970369871
8473.07970369871
8473.07970369871
8473.07970369871
8473.07970369871
8473.07970369871
8473.07970369871
8473.07970369871
8473.07970369871
8473.07970369871
8473.07970369871
8473.07970369871
8473.07970369871
8473.07970369871
8473.07970369871
8473.07970369871
8473.07970369871
8473.07970369871
8473.07970369871
8473.07970369871
8473.07970369871
8473.07970369871
8473.07970369871
8473.07970369871
8473.07970369871
8473.07970369871
8473.07970369871
8473.07970369871
8473.07970369871
8473.07970369871
8473.07970369871
8473.07970369871
8473.07970369871
8473.07970369871
8473.07970369871
8473.07970369871
8473.07970369871
8473.07970369871
8473.07970369871
8473.07970369871
8473.07970369871
8473.07970369871
8473.07970369871
8473.07970369871
8473.07970369871
8473.07970369871
8386.850463834651
8473.07970369871
8473.07970369871
8473.07970369871
8473.07970369871
8473.07970369871
8386.850463834651
8386.850463834651
8386.850463834651
8386.850463834651
8386.850463834651
8386.850463834651
8386.850463834651
8386.850463834651
8386.850463834651
8386.850463834651
8386.850463834651
8386.850463834651
8386.850463834651
8386.850463834651
8386.850463834651
8386.850463834651
8386.850463834651
8473.07970369871
8386.850463834651
8386.850463834651
8386.850463834651
8386.850463834651
8386.850463834651
8386.850463834651
8386.850463834651
8386.850463834651
8386.850463834651
8386.850463834651
8386.850463834651
8386.850463834651
8386.850463834651
8386.850463834651
8386.850463834651
8386.850463834651
8386.850463834651
8386.850463834651
8386.850463834651
8386.850463834651
8386.850463834651
8386.850463834651
8386.850463834651
8386.850463834651
8386.850463834651
8386.850463834651
8386.850463834651
8386.850463834651
8386.850463834651
8386.850463834651
8386.850463834651
8386.850463834651
8386.850463834651
8386.850463834651
8386.850463834651
8386.850463834651
8386.850463834651
8386.850463834651
8386.850463834651
8386.850463834651
8386.850463834651
8386.850463834651
8386.850463834651
8386.850463834651
8386.850463834651
8386.850463834651
8386.850463834651
8386.850463834651
8386.850463834651
8386.850463834651
8386.850463834651
8386.850463834651
8386.850463834651
8386.850463834651
8386.850463834651
8386.850463834651
8386.850463834651
8386.850463834651
8386.850463834651
8386.850463834651
8386.850463834651
8386.850463834651
8386.850463834651
8386.850463834651
8386.850463834651
8386.850463834651
8386.850463834651
8386.850463834651
8386.850463834651
8386.850463834651
8386.850463834651
8386.850463834651
8386.850463834651
8386.850463834651
8386.850463834651
8386.850463834651
8386.850463834651
8386.850463834651
8386.850463834651
8386.850463834651
8386.850463834651
8386.850463834651
8386.850463834651
8386.850463834651
8386.850463834651
8386.850463834651
8386.850463834651
8386.850463834651
8386.850463834651
8386.850463834651
8386.850463834651
8386.850463834651
8386.850463834651
8386.850463834651
8386.850463834651
8386.850463834651
8386.850463834651
8386.850463834651
8386.850463834651
8386.850463834651
8386.850463834651
8386.850463834651
8386.850463834651
8386.850463834651
8386.850463834651
8386.850463834651
8386.850463834651
8386.850463834651
8386.850463834651
8386.850463834651
8386.850463834651
8386.850463834651
8386.850463834651
8386.850463834651
8386.850463834651
8386.850463834651
8386.850463834651
8647.643614812305
8386.850463834651
8386.850463834651
8386.850463834651
8386.850463834651
8386.850463834651
8386.850463834651
8386.850463834651
8386.850463834651
8386.850463834651
8386.850463834651
8386.850463834651
8386.850463834651
8386.850463834651
8386.850463834651
8386.850463834651
8386.850463834651
8267.593636284464
8386.850463834651
8386.850463834651
8386.850463834651
8386.850463834651
8386.850463834651
8386.850463834651
8386.850463834651
8386.850463834651
8386.850463834651
8267.593636284464
8267.593636284464
8267.593636284464
8267.593636284464
8267.593636284464
8267.593636284464
8267.593636284464
8267.593636284464
8267.593636284464
8267.593636284464
8267.593636284464
8267.593636284464
8267.593636284464
8267.593636284464
8267.593636284464
8267.593636284464
8267.593636284464
8267.593636284464
8267.593636284464
8386.850463834651
8267.593636284464
8267.593636284464
8267.593636284464
8267.593636284464
8267.593636284464
8267.593636284464
8267.593636284464
8267.593636284464
8267.593636284464
8267.593636284464
8267.593636284464
8267.593636284464
8267.593636284464
8267.593636284464
8267.593636284464
8267.593636284464
8267.593636284464
8267.593636284464
8267.593636284464
8267.593636284464
8267.593636284464
8267.593636284464
8267.593636284464
8267.593636284464
8267.593636284464
8267.593636284464
8267.593636284464
8267.593636284464
8267.593636284464
8267.593636284464
8267.593636284464
8267.593636284464
8267.593636284464
8267.593636284464
8267.593636284464
8267.593636284464
8267.593636284464
8267.593636284464
8267.593636284464
8267.593636284464
8267.593636284464
8267.593636284464
8267.593636284464
8267.593636284464
8267.593636284464
8267.593636284464
8267.593636284464
8267.593636284464
8267.593636284464
8267.593636284464
8267.593636284464
8267.593636284464
8267.593636284464
8267.593636284464
8267.593636284464
8267.593636284464
8267.593636284464
8267.593636284464
8267.593636284464
8267.593636284464
8267.593636284464
8267.593636284464
8267.593636284464
8267.593636284464
8267.593636284464
8267.593636284464
8267.593636284464
8267.593636284464
8267.593636284464
8267.593636284464
8191.728445496629
8267.593636284464
8267.593636284464
8267.593636284464
8267.593636284464
8267.593636284464
8267.593636284464
8267.593636284464
8267.593636284464
8267.593636284464
8267.593636284464
8267.593636284464
8267.593636284464
8267.593636284464
8267.593636284464
8267.593636284464
8267.593636284464
8267.593636284464
8191.728445496628
