54.39
39
31333.434015113933
29170.087321914303
31071.836552846125
27145.099782179605
29497.028518754327
27132.571979322496
31247.369019376478
29951.53079893568
30400.58689532527
31633.14492217591
32584.63603085595
27954.598741491533
27369.33347606809
30531.013301377097
28894.45718922764
27814.76566318957
26793.36197259816
29954.73577581482
28694.93472445713
31310.92008367798
32355.233086276436
28880.379445627335
32181.884349047134
28053.43194048789
28232.61530707293
28694.866825510377
26942.513106857536
29386.950834897165
29421.98206220766
29987.913072126452
28378.936790599277
30479.10592880865
28751.52079512459
33216.255805088804
30819.476300535443
29573.603532930436
33899.54793343599
29405.128746616923
28810.4544291896
23174.26547490764
24798.885903702558
25291.346464466238
28460.452560761558
23714.176111920493
24219.964537924658
24981.18980265897
27464.880075857578
27394.065336945587
27074.85729820388
27730.030285891484
30126.09933491877
23594.545917968233
24314.258817173195
25102.20547783484
25283.765091935977
24408.021414229723
23174.26547490764
26982.012894184067
26366.577420818605
22246.16535590063
29329.587590923024
26522.88828809509
28609.934548205823
24693.824555094507
22158.592509502174
25307.517470451614
25100.145597440867
27298.818195032974
22437.244439963666
27314.36025982368
25101.421298122055
27957.68558811271
26197.92733861309
30421.4213763541
27810.51457867277
26803.137283759144
29662.526195985145
26831.945049265083
22525.46241093369
18856.89684186819
22379.89602846142
21669.300523643957
22065.674578720886
22065.674578720886
21628.656004102686
23446.532613615964
25020.640651668684
25035.63449759074
24397.773153874125
22065.674578720886
27961.46482727616
21609.639298521328
22463.675195340747
22571.859506090077
22864.77521669484
21705.841456201568
20175.596821284133
24601.47994212169
21639.609921139905
20106.48931262686
22065.674578720886
24188.990755243332
26196.08640188281
22011.74658568775
18856.89684186819
23722.616316109248
18555.056524005784
25310.47239048664
20297.568396689894
24982.591976518983
23465.856465377798
25427.4288859578
18555.056524005784
28021.237291790447
25620.000505857617
24632.378954476968
27177.801282198478
23480.995997377435
20385.786367659926
17464.452810431583
18555.05652400578
19848.950387122317
19162.50994110043
18541.72936363668
20159.853735605284
22008.38941766833
22601.650776427545
18555.05652400578
18555.05652400578
19162.50994110043
26151.59641003597
18555.05652400578
20493.415836075525
18555.05652400578
21812.6645802093
18555.05652400578
18180.416686511504
22979.985039555504
18736.445283519453
17968.360476326285
18500.217639097096
22575.263412804517
24313.14995269657
18555.05652400578
17837.137862052725
22416.824978029683
17464.452810431583
16726.138439522823
17907.18229102096
24069.174073629423
22217.31871100815
17107.6986216127
17535.297544190315
17442.358662919985
17442.358662919985
17442.358662919985
25036.663538623772
21836.9068175171
18347.65230427317
16069.423854958713
17535.297544190315
18547.111633485005
18142.750961284964
16506.941268266284
19181.85689307517
16726.13843952282
16726.13843952282
17535.297544190315
16506.941268266284
18780.9492731306
24463.900716870983
17535.297544190315
19051.384497179224
16506.941268266284
16726.13843952282
16506.941268266284
17132.741245255682
16726.13843952282
17716.68630370398
16938.265063673352
17480.458659281627
16726.13843952282
22796.58166169051
17535.297544190315
16506.941268266284
16726.13843952282
16618.80162078019
16069.423854958713
16956.41067650963
24069.174073629423
21030.294451745365
16450.984037048598
16689.64635453892
17442.358662919985
16538.592889331536
16538.592889331536
16069.423854958713
16069.423854958713
17317.556891620236
15971.19283460886
16689.64635453892
16034.16042222373
15850.22668370218
15850.22668370218
18066.879707546912
16069.423854958713
15977.696317904927
16689.64635453892
15147.316067852604
16069.423854958713
23317.342568786487
15850.22668370218
17831.504315374405
15850.22668370218
16069.423854958713
15812.196206562288
16168.53604261916
16069.423854958713
16026.732016916756
15937.856110435827
16634.807469630232
16069.423854958713
21386.004491846303
16689.64635453892
15812.196206562288
16069.423854958713
15877.747997600825
15971.19283460886
15277.854579545212
22233.171406490048
19973.403931544337
15810.042729540435
16007.647049565743
15494.612172519046
15692.941699680141
15653.619754732354
16069.423854958713
15567.133944885296
15277.854579545212
14645.026157779183
15147.316067852602
15531.870512150312
15132.657406751885
15249.658969189146
16811.613906737613
15567.133944885296
15473.870701922231
16007.647049565743
14645.026157779183
14645.026157779183
22302.361983353592
14645.026157779183
14645.026157779183
14645.026157779183
14645.026157779183
14645.026157779183
15647.31009879854
15598.812928102061
15390.780942441146
15396.52431852916
14645.026157779183
15567.133944885296
14645.026157779183
16007.647049565743
14645.026157779183
14645.026157779183
15195.748692627647
15247.682288122218
14603.849973749884
14645.026157779183
14645.026157779183
15237.855322615296
14645.026157779183
14417.493500202921
14521.344972996496
14996.90517016825
15567.133944885296
15113.078169244705
14603.849973749884
14005.415581923786
14417.493500202921
15055.289850060495
14417.493500202921
14417.493500202921
14417.493500202921
14745.035529249273
15307.480527889058
14417.493500202921
14190.008476342573
14184.284918883503
14417.493500202921
14184.284918883503
14184.284918883503
14417.493500202921
14184.284918883503
14184.284918883503
14417.493500202921
15120.251694144821
14417.493500202921
14417.493500202921
14417.493500202921
15113.078169244705
14417.493500202921
14417.493500202921
14184.284918883503
14645.026157779183
14417.493500202921
14772.106943245824
14183.20783924028
14417.493500202921
14417.493500202921
14507.476018714779
14184.284918883503
14005.415581923786
13835.822744682207
14005.415581923786
14005.415581923786
14005.415581923786
14183.20783924028
13424.460565728768
14005.415581923786
14601.234074419903
13835.822744682206
13835.822744682206
13835.822744682206
14745.035529249273
13835.822744682206
13835.822744682206
13778.646297389136
14184.284918883503
14005.415581923786
13835.822744682206
13835.822744682206
13835.822744682206
13938.259765232813
13772.922739930063
13835.822744682206
14691.54966779132
13835.822744682206
13835.822744682206
14005.415581923786
14652.336930349024
13835.822744682206
14005.415581923786
13772.922739930063
13835.822744682206
13835.822744682206
14343.404916892323
13771.845660286843
13835.822744682206
14005.415581923786
13835.822744682206
13772.922739930063
14005.415581923786
13424.460565728768
13424.460565728768
13594.053402970347
13424.460565728768
13424.460565728768
16158.76523638894
13424.460565728768
13424.460565728768
13424.460565728768
13424.460565728768
13424.460565728768
13424.460565728768
13424.460565728768
13424.460565728768
13424.460565728768
13424.460565728768
13424.460565728768
13424.460565728768
13424.460565728768
13424.460565728768
13424.460565728768
13449.60522673087
13424.460565728768
13424.460565728768
13424.460565728768
13424.460565728768
13424.460565728768
14223.634903995522
13424.460565728768
13424.460565728768
13424.460565728768
13424.460565728768
13424.460565728768
13940.601714920756
13325.368602271172
13424.460565728768
13424.460565728768
13424.460565728768
13424.460565728768
13424.460565728768
13424.460565728768
13115.97240102931
13285.56523827089
13115.97240102931
13424.460565728768
12880.938989128124
13115.972401029308
13115.972401029308
13115.972401029308
13115.972401029308
13115.972401029308
13115.972401029308
13115.972401029308
13115.97240102931
13115.972401029308
13115.972401029308
13115.972401029308
13115.972401029308
13115.972401029308
13115.972401029308
13115.972401029308
13115.972401029308
13115.97240102931
13115.972401029308
13115.972401029308
13115.97240102931
13115.972401029308
13115.972401029308
13115.972401029308
13115.972401029308
13115.97240102931
13115.972401029308
13115.972401029308
13115.972401029308
13016.880437571714
13115.97240102931
13115.972401029308
13115.97240102931
13115.972401029308
13115.972401029308
13115.972401029308
12880.938989128124
13061.481128012738
12877.850113757799
12877.850113757799
12877.850113757799
12877.850113757802
13115.972401029308
12877.850113757802
12877.850113757802
12880.938989128123
13004.468463222083
12877.850113757802
12880.938989128124
12877.850113757802
12877.850113757802
12877.850113757802
12877.850113757802
12877.850113757802
12877.850113757802
12880.938989128123
12877.850113757802
12877.850113757802
12877.850113757802
12880.938989128123
12877.850113757802
12880.938989128123
12877.850113757802
12877.850113757802
12877.850113757802
12877.850113757802
12772.583015408334
12877.850113757802
13115.972401029308
12748.750675920404
12877.850113757802
12877.850113757802
12877.850113757802
12877.850113757802
12877.850113757802
12877.850113757802
12673.900309175831
12893.206900995856
12877.850113757799
12670.811433805507
12670.811433805507
12670.81143380551
12670.81143380551
12670.81143380551
12670.81143380551
12673.900309175831
12663.59768479082
12670.81143380551
12673.900309175831
12670.81143380551
12670.81143380551
12670.81143380551
12670.81143380551
12670.81143380551
12670.81143380551
12670.81143380551
12670.81143380551
12670.81143380551
12877.850113757802
12670.81143380551
12670.81143380551
12670.81143380551
12670.81143380551
12670.81143380551
12670.81143380551
12670.81143380551
12565.544335456043
12670.81143380551
12670.81143380551
12670.81143380551
12670.81143380551
12877.850113757802
12670.81143380551
12670.81143380551
12670.81143380551
12670.81143380551
12532.548325779935
12670.81143380551
12670.811433805507
12670.811433805507
12529.45945040961
12444.73800276086
12523.454217596649
12523.454217596649
12523.454217596649
12529.45945040961
12444.73800276086
12523.454217596649
12529.45945040961
12444.73800276086
12523.454217596649
12523.454217596649
12444.73800276086
12523.454217596649
12444.73800276086
12444.73800276086
12444.73800276086
12444.73800276086
12670.81143380551
12523.454217596649
12444.73800276086
12523.454217596649
12523.454217596649
12444.73800276086
12670.81143380551
12444.73800276086
12529.45945040961
12444.73800276086
12444.73800276086
12523.454217596649
12444.73800276086
12877.850113757802
12523.454217596649
12444.73800276086
12444.73800276086
12444.73800276086
12529.45945040961
12529.459450409611
12405.3784068474
12405.3784068474
12089.73276814087
11981.733693844117
11919.097925284008
12342.229519119819
11919.097925284008
11919.097925284008
11981.733693844117
11919.097925284008
12025.154042010752
12444.73800276086
11995.161245425215
11919.097925284008
11981.733693844117
11919.097925284008
11981.733693844117
11981.733693844117
11981.733693844117
12314.0508780221
11919.097925284008
11919.097925284008
11981.733693844117
11919.097925284008
12382.102234200753
12314.0508780221
11981.733693844117
11981.733693844117
12025.154042010752
11981.733693844117
11981.733693844117
11919.097925284008
11981.733693844117
12170.178918109214
11919.097925284008
11981.733693844117
11981.733693844117
11981.733693844117
12025.154042010752
11919.097925284008
12089.73276814087
12179.536028708428
13326.469519674261
11841.424406524282
11919.097925284008
12330.868891550052
11778.788637964173
11778.788637964173
11841.424406524282
11778.788637964173
11792.527410140465
12444.73800276086
11854.85195810538
11778.788637964173
11841.424406524282
11778.788637964173
11743.82093495199
11841.424406524282
11841.424406524282
12180.939556931029
11778.788637964173
11778.788637964173
11841.424406524282
11778.788637964173
12382.102234200753
12180.939556931029
11841.424406524282
11841.424406524282
11802.180517683777
11841.424406524282
11841.424406524282
11778.788637964173
11841.424406524282
11920.767453721344
11778.788637964173
11841.424406524282
11841.424406524282
11841.424406524282
11792.527410140465
11778.788637964173
12089.73276814087
12089.73276814087
11743.820934951986
11743.820934951986
11778.788637964173
11743.820934951986
11688.985377396615
11743.820934951986
11733.068432804494
11670.432664244385
11648.594527655776
11688.985377396615
11743.820934951986
11778.788637964173
11743.820934951986
11743.820934951986
11743.820934951986
11743.82093495199
11733.068432804494
12039.430217276315
11743.82093495199
11670.432664244385
11743.82093495199
11670.432664244385
11743.82093495199
11743.82093495199
11733.068432804494
11733.068432804494
11693.824543963987
11733.068432804494
11733.068432804494
11743.82093495199
11743.82093495199
11743.82093495199
11778.788637964173
11733.068432804494
11743.82093495199
11733.068432804494
11684.171436420675
11743.82093495199
12089.73276814087
11743.82093495199
11208.706367808283
11478.211565991083
11369.855592271293
11478.211565991083
11478.211565991083
11478.211565991083
11369.855592271293
11264.532968184687
11208.706367808283
11197.187590427367
11197.187590427367
11197.187590427367
11197.187590427367
11197.187590427367
11197.187590427367
11197.187590427367
11627.745808717887
11197.187590427367
11635.4649612322
11197.187590427367
11635.4649612322
11197.187590427367
11197.187590427367
11197.187590427367
11197.187590427367
11197.187590427367
11588.50191987738
11627.745808717887
11197.187590427367
11197.187590427367
11197.187590427367
11635.4649612322
11197.187590427367
11197.187590427367
11197.187590427367
11197.187590427367
11121.930455085201
11197.187590427367
12089.73276814087
11197.187590427367
11098.456025512458
11107.935578873583
11107.935578873583
11107.935578873583
11107.935578873583
11107.935578873583
11073.667027890326
11073.667027890326
11107.935578873583
11107.935578873583
11107.935578873583
11052.858541268166
11107.935578873583
11052.858541268166
11052.858541268166
11107.935578873583
11530.142337145595
11052.858541268166
11073.667027890326
11052.858541268166
11530.142337145593
11107.935578873583
11052.858541268166
11052.858541268166
11107.935578873583
11107.935578873583
11024.85421823779
11073.667027890326
11107.935578873583
11107.935578873583
11052.858541268166
11107.935578873583
11052.858541268166
11107.935578873583
11107.935578873583
11052.858541268166
11098.456025512458
11066.545886656444
11066.545886656444
11066.545886656444
11002.456198579497
10995.077805921544
10963.606529714381
10995.077805921544
10995.077805921544
10995.077805921544
10820.051925825956
11002.456198579497
10995.077805921544
10995.077805921544
10995.077805921544
10995.077805921544
10995.077805921544
10925.069707781904
10995.077805921544
10995.077805921544
11002.456198579497
10995.077805921544
11002.456198579497
10995.077805921544
11453.048234981961
10995.077805921544
10995.077805921544
10995.077805921544
10995.077805921544
10995.077805921544
11002.456198579497
10940.703015156436
10954.107876476657
10954.107876476657
10954.107876476657
10954.107876476657
10941.618174440688
10963.606529714381
10954.107876476657
10954.107876476657
10954.107876476657
10844.438504814118
10954.107876476657
10954.107876476657
10634.964548394591
10850.748756762347
10820.051925825957
10820.051925825957
10820.051925825957
10772.97042407922
10634.964548394591
10601.006854481913
10601.006854481913
10601.006854481913
10601.006854481913
10601.006854481913
10601.006854481913
10601.006854481913
10601.006854481913
10601.006854481913
10601.006854481913
10601.006854481913
10601.006854481913
10601.006854481913
10601.006854481913
10601.006854481913
10601.006854481913
10601.006854481913
10601.006854481913
10995.077805921544
10601.006854481913
10601.006854481913
10601.006854481913
10601.006854481913
10601.006854481913
10601.006854481913
10601.006854481913
10601.006854481913
10601.006854481913
10809.778827317457
10601.006854481913
10601.006854481913
10601.006854481913
10601.006854481913
10601.006854481913
10601.006854481915
10601.006854481915
10601.006854481915
10601.006854481915
10601.006854481915
10601.006854481913
10601.006854481913
10601.006854481913
10601.006854481913
10479.522908277275
10479.522908277275
10601.006854481913
10479.522908277275
10479.522908277275
10479.522908277275
10479.522908277275
10601.006854481913
10601.006854481913
10479.522908277275
10601.006854481913
10601.006854481913
10479.522908277275
10601.006854481913
10601.006854481913
10601.006854481915
10601.006854481913
10479.522908277275
10601.006854481913
10601.006854481913
10601.006854481913
10601.006854481913
10601.006854481913
10601.006854481913
10479.522908277275
10601.006854481915
10479.522908277275
10601.006854481913
10601.006854481913
10479.522908277275
10400.453759350345
10479.522908277273
10479.522908277273
10479.522908277273
10479.522908277273
10601.006854481915
10479.522908277273
10479.522908277273
10479.522908277273
10479.522908277273
10400.453759350345
10400.453759350345
10479.522908277275
10400.453759350345
10400.453759350345
10400.453759350345
10400.453759350345
10400.453759350345
10479.522908277275
10400.453759350345
10400.453759350345
10400.453759350345
10400.453759350345
10400.453759350345
10400.453759350345
10400.453759350345
10479.522908277275
10400.453759350345
10400.453759350345
10400.453759350345
10400.453759350345
10400.453759350345
10400.453759350345
10400.453759350345
10400.453759350345
10400.453759350345
10400.453759350345
10400.453759350345
10400.453759350345
10400.453759350345
10324.588568562509
10400.453759350345
10400.453759350345
10400.453759350345
10400.453759350345
10400.453759350345
10479.522908277273
10400.453759350345
10400.453759350345
10400.453759350345
10324.588568562509
10324.588568562509
10324.588568562509
10400.453759350345
10324.588568562509
10324.588568562509
10324.588568562509
10324.588568562509
10324.588568562509
10324.588568562509
10324.588568562509
10400.453759350345
10324.588568562509
10324.588568562509
10324.588568562509
10324.588568562509
10324.588568562509
10324.588568562509
10324.588568562509
10324.588568562509
10324.588568562509
10324.588568562509
10324.588568562509
10324.588568562509
10324.588568562509
10324.588568562509
10324.588568562509
10324.588568562509
10324.588568562509
10324.588568562509
10324.588568562509
10324.588568562509
10324.588568562509
10324.588568562509
10400.453759350345
10400.453759350345
10324.588568562509
10324.588568562509
10324.588568562509
10324.588568562509
10324.588568562509
10324.588568562509
10324.588568562509
10324.588568562509
10324.588568562509
10260.446782849991
10260.446782849991
10324.588568562509
10324.588568562509
10324.588568562509
10260.446782849991
10324.588568562509
10324.588568562509
10324.588568562509
10324.588568562509
10324.588568562509
10324.588568562509
10324.588568562509
10260.446782849991
10324.588568562509
10324.588568562509
10260.446782849991
10324.588568562509
10324.588568562509
10324.588568562509
10324.588568562509
10324.588568562509
10324.588568562509
10324.588568562509
10260.446782849991
10260.446782849991
10260.446782849991
10260.446782849991
10260.446782849991
10260.446782849991
10260.446782849991
10260.446782849991
10260.446782849991
10260.446782849991
10260.446782849991
10260.446782849991
10260.446782849991
10260.446782849991
10260.446782849991
10324.588568562509
10260.446782849991
10260.446782849991
10260.446782849991
10324.588568562509
10260.446782849991
10149.631120310707
10260.446782849991
10260.446782849991
10260.446782849991
10260.446782849991
10260.446782849991
10260.446782849991
10260.446782849991
10149.631120310707
10260.446782849991
10260.446782849991
10260.446782849991
10260.446782849991
10260.446782849991
10260.446782849991
10260.446782849991
10260.446782849991
10260.446782849991
10260.446782849991
10260.446782849991
10149.631120310707
10149.631120310707
10149.631120310707
10149.631120310707
10149.631120310707
10149.631120310707
10149.631120310707
10149.631120310707
10149.631120310707
10149.631120310707
10149.631120310707
10149.631120310707
10149.631120310707
10149.631120310707
10149.631120310707
10149.631120310707
10149.631120310707
10149.631120310707
10149.631120310707
10260.446782849991
10149.631120310707
10149.631120310707
10149.631120310707
10149.631120310707
10149.631120310707
10149.631120310707
10149.631120310707
10149.631120310707
10149.631120310707
10149.631120310707
10149.631120310707
10149.631120310707
10149.631120310707
10149.631120310707
10149.631120310707
10149.631120310707
10149.631120310707
10149.631120310707
10149.631120310707
10149.631120310707
10149.631120310707
10149.631120310707
10149.631120310707
10149.631120310707
10149.631120310707
10149.631120310707
10149.631120310707
10149.631120310707
10149.631120310707
10149.631120310707
10149.631120310707
10090.448523099005
10090.448523099005
10149.631120310707
10149.631120310707
10149.631120310707
10149.631120310707
10149.631120310707
10149.631120310707
10149.631120310707
10149.631120310707
10090.448523099005
10149.631120310707
10149.631120310707
10149.631120310707
10090.448523099005
10149.631120310707
10090.448523099005
10149.631120310707
10149.631120310707
10149.631120310707
10149.631120310707
10149.631120310707
10149.631120310707
10149.631120310707
10149.631120310707
10090.448523099005
10149.631120310707
10090.448523099005
10090.448523099005
11135.656315197699
10090.448523099005
10090.448523099005
10090.448523099005
10090.448523099005
10090.448523099005
10090.448523099005
10090.448523099005
10090.448523099005
10090.448523099005
10090.448523099005
10090.448523099005
9994.337175670096
10090.448523099005
10090.448523099005
10149.631120310707
10149.631120310707
10149.631120310707
10090.448523099005
10149.631120310707
10149.631120310707
10090.448523099005
10149.631120310707
10090.448523099005
10090.448523099005
10090.448523099005
10149.631120310707
10090.448523099005
10090.448523099005
10149.631120310707
10149.631120310707
10090.448523099005
10149.631120310707
10149.631120310707
10149.631120310707
10149.631120310707
10090.448523099005
10149.631120310707
10090.448523099005
10090.448523099005
9994.337175670096
9994.337175670096
9994.337175670096
9994.337175670096
9994.337175670096
9994.337175670096
10090.448523099005
9994.337175670096
9994.337175670096
9994.337175670096
9994.337175670096
9994.337175670096
9994.337175670096
9994.337175670096
9994.337175670096
9994.337175670096
9994.337175670096
9994.337175670096
9994.337175670096
9994.337175670096
9994.337175670096
9994.337175670096
9994.337175670096
9994.337175670096
9994.337175670096
9994.337175670096
10149.631120310707
9994.337175670096
9994.337175670096
9994.337175670096
9994.337175670096
9994.337175670096
9994.337175670096
9994.337175670096
9994.337175670096
10149.631120310707
9994.337175670096
9994.337175670096
9994.337175670096
9994.337175670096
9994.337175670096
9897.14577681813
9994.337175670096
9994.337175670096
9994.337175670096
9994.337175670096
9994.337175670096
9994.337175670096
9994.337175670096
9897.14577681813
9994.337175670096
9994.337175670096
9994.337175670096
9994.337175670096
9994.337175670096
9897.14577681813
9994.337175670096
9994.337175670096
9994.337175670096
9994.337175670096
9897.14577681813
9897.14577681813
9897.14577681813
9994.337175670096
9994.337175670096
9994.337175670096
9994.337175670096
9994.337175670096
9994.337175670096
9994.337175670096
9897.14577681813
9897.14577681813
9994.337175670096
9994.337175670096
9994.337175670096
9994.337175670096
9994.337175670096
9994.337175670096
9994.337175670096
9994.337175670096
9897.14577681813
9897.14577681813
9897.14577681813
9897.14577681813
9897.14577681813
9897.14577681813
9897.14577681813
9897.14577681813
9897.14577681813
9897.14577681813
9897.14577681813
9897.14577681813
9897.14577681813
9897.14577681813
9897.14577681813
9897.14577681813
9897.14577681813
9897.14577681813
9994.337175670096
9897.14577681813
9897.14577681813
9897.14577681813
9897.14577681813
9897.14577681813
9897.14577681813
9897.14577681813
9897.14577681813
9897.14577681813
9897.14577681813
9897.14577681813
9897.14577681813
9897.14577681813
9897.14577681813
9897.14577681813
9897.14577681813
9897.14577681813
9897.14577681813
9994.337175670096
9897.14577681813
9994.337175670096
9897.14577681813
9897.14577681813
9897.14577681813
9838.72246741225
9897.14577681813
9897.14577681813
9897.14577681813
9897.14577681813
9897.14577681813
9838.72246741225
9897.14577681813
9897.14577681813
9838.72246741225
9897.14577681813
9838.72246741225
9838.72246741225
9838.72246741225
9897.14577681813
9897.14577681813
9897.14577681813
9897.14577681813
9838.72246741225
9897.14577681813
9897.14577681813
9897.14577681813
9897.14577681813
9897.14577681813
9897.14577681813
9897.14577681813
9897.14577681813
9897.14577681813
9897.14577681813
9897.14577681813
9838.72246741225
9897.14577681813
9897.14577681813
9897.14577681813
9897.14577681813
9897.14577681813
9897.14577681813
9838.72246741225
9838.722467412252
9838.722467412252
9838.72246741225
9838.72246741225
9838.722467412252
9838.722467412252
9838.722467412252
9838.722467412252
9838.72246741225
9838.722467412252
9838.722467412252
9838.72246741225
9838.722467412252
9838.72246741225
9838.72246741225
9838.72246741225
9838.72246741225
9838.722467412252
9838.72246741225
9838.722467412252
9838.72246741225
9838.722467412252
9838.72246741225
9838.722467412252
9838.722467412252
9838.722467412252
9838.722467412252
9838.722467412252
9838.722467412252
9838.722467412252
9838.722467412252
9838.722467412252
9838.72246741225
9838.722467412252
9838.722467412252
9838.722467412252
9838.722467412252
9838.722467412252
9838.72246741225
10281.340966148417
9784.197177105914
9838.72246741225
9838.72246741225
9838.72246741225
9838.72246741225
9838.722467412252
9784.197177105914
9784.197177105914
9838.72246741225
9838.722467412252
9838.722467412252
9838.72246741225
9838.722467412252
9838.72246741225
9838.72246741225
9838.72246741225
9838.72246741225
9838.722467412252
9838.72246741225
9838.722467412252
9784.197177105916
9838.722467412252
9838.72246741225
9784.197177105914
9838.722467412252
9838.722467412252
9784.197177105914
9838.72246741225
9838.722467412252
9838.722467412252
9838.722467412252
9784.197177105914
9838.72246741225
9838.722467412252
9838.722467412252
9838.72246741225
9838.72246741225
9838.722467412252
9838.72246741225
9784.197177105914
9784.197177105914
9784.197177105914
9784.197177105914
9784.197177105914
9784.197177105914
9784.197177105914
9784.197177105914
9784.197177105914
9784.197177105914
9784.197177105914
9784.197177105914
9784.197177105914
9784.197177105914
9784.197177105914
9784.197177105914
9784.197177105914
9784.197177105914
9784.197177105914
9784.197177105914
9784.197177105914
9784.197177105916
9784.197177105914
9784.197177105914
9784.197177105914
9784.197177105914
9784.197177105914
9756.543969507253
9784.197177105914
9838.722467412252
9784.197177105914
9784.197177105914
9784.197177105914
9784.197177105914
9784.197177105914
9784.197177105914
9784.197177105914
9784.197177105914
9784.197177105914
9784.197177105914
9704.318711772476
9756.543969507253
9784.197177105914
9756.543969507253
9756.543969507253
9756.543969507253
9756.543969507253
9756.543969507253
9756.543969507253
9756.543969507253
9756.543969507253
9756.543969507253
9756.543969507253
9756.543969507253
9784.197177105914
9756.543969507253
9756.543969507253
9756.543969507253
9756.543969507253
9756.543969507253
9756.543969507253
9756.543969507251
9756.543969507253
9756.543969507253
9784.197177105914
9784.197177105914
9756.543969507253
9704.318711772476
9704.318711772476
9784.197177105914
9704.318711772476
9704.318711772476
9704.318711772476
9704.318711772476
9784.197177105914
9704.318711772476
9704.318711772476
9704.318711772476
9704.318711772476
9704.318711772476
9704.318711772476
9704.318711772476
9784.197177105914
9704.318711772476
9704.318711772476
9704.318711772476
9704.318711772476
9704.318711772476
9704.318711772476
9704.318711772476
9704.318711772476
9704.318711772476
9704.318711772476
9704.318711772476
9704.318711772476
9704.318711772476
9704.318711772476
9704.318711772476
9704.318711772476
9704.318711772476
9704.318711772476
9704.318711772476
9704.318711772476
9704.318711772476
9704.318711772476
9704.318711772476
9704.318711772476
9704.318711772476
9704.318711772476
9704.318711772476
9704.318711772476
9704.318711772476
9704.318711772476
9704.318711772476
9704.318711772476
9704.318711772476
9704.318711772476
9704.318711772476
9639.892747852171
9704.318711772476
9607.30005574427
9639.892747852171
9639.892747852171
9639.892747852171
9639.892747852171
9639.892747852171
9639.892747852171
9639.892747852171
9704.318711772476
9639.892747852171
9639.892747852171
9639.892747852171
9639.892747852171
9639.892747852171
9704.318711772476
9639.892747852171
9639.892747852171
9704.318711772476
9639.892747852171
9639.892747852171
9639.892747852171
9639.892747852171
9639.892747852171
9639.892747852171
9639.892747852171
9639.892747852171
9639.892747852171
9639.892747852171
9639.892747852171
9639.892747852171
9639.892747852171
9704.318711772476
9639.892747852171
9639.892747852171
9639.892747852171
9639.892747852171
9639.892747852171
9639.892747852171
9607.30005574427
9607.30005574427
9584.712294814259
9607.30005574427
9607.30005574427
9607.30005574427
9607.30005574427
9607.30005574427
9607.30005574427
9607.30005574427
9607.30005574427
9607.30005574427
9607.30005574427
9607.30005574427
9607.30005574427
9639.892747852171
9607.30005574427
9607.30005574427
9639.892747852171
9607.30005574427
9607.30005574427
9607.30005574427
9607.30005574427
9607.30005574427
9607.30005574427
9607.30005574427
9607.30005574427
9607.30005574427
9607.30005574427
9607.30005574427
9607.30005574427
9607.30005574427
9607.30005574427
9607.30005574427
9607.30005574427
9607.30005574427
9639.892747852171
9607.30005574427
9607.30005574427
9607.30005574427
9584.712294814259
9607.30005574427
9584.712294814259
9584.712294814259
9584.712294814259
9584.712294814259
9584.712294814259
9584.712294814259
9584.712294814259
9584.712294814259
9584.712294814259
9584.712294814259
9584.712294814259
9584.712294814259
9584.712294814259
9584.712294814259
9584.712294814259
9584.712294814259
9584.712294814259
9584.712294814259
9584.712294814259
9584.712294814259
9584.712294814259
9584.712294814259
9584.712294814259
9584.712294814259
9607.30005574427
9584.712294814259
9607.30005574427
9584.712294814259
9584.712294814259
9584.712294814259
9584.712294814259
9584.712294814259
9584.712294814259
9584.712294814259
9584.712294814259
9584.712294814259
9584.712294814259
9584.712294814259
9584.712294814259
9584.712294814259
9584.712294814259
9584.712294814259
9578.619126558475
9584.712294814259
9584.712294814259
9584.712294814259
9584.712294814259
9584.712294814259
9584.712294814259
9584.712294814259
9584.712294814259
9584.712294814259
9584.712294814259
9584.712294814259
9584.712294814259
9584.712294814259
9584.712294814259
9584.712294814259
9584.712294814259
9584.712294814259
9584.712294814259
9584.712294814259
9584.712294814259
9584.712294814259
9584.712294814259
9584.712294814259
9584.712294814259
9584.712294814259
9584.712294814259
9584.712294814259
9584.712294814259
9584.712294814259
9584.712294814259
9584.712294814259
9584.712294814259
9584.712294814259
9584.712294814259
9584.712294814259
9584.712294814259
9584.712294814259
9584.144519993497
9578.619126558475
9578.619126558475
9584.144519993497
9584.144519993497
9584.144519993497
9584.144519993497
9584.144519993497
9584.144519993497
9584.144519993497
9578.619126558475
9584.144519993497
9584.144519993497
9584.144519993497
9584.144519993497
9584.712294814259
9584.144519993497
9584.144519993497
9584.144519993497
9584.712294814259
9578.619126558475
9584.144519993497
9584.144519993497
9584.712294814259
9584.144519993497
9584.144519993497
9584.144519993497
9584.144519993497
9584.144519993497
9584.144519993497
9584.144519993497
9584.712294814259
9584.712294814259
9584.144519993497
9584.144519993497
9584.144519993497
9584.144519993497
9584.712294814259
9578.619126558475
9578.619126558475
9578.619126558475
9578.619126558475
9578.619126558475
9578.619126558477
9578.619126558477
9578.619126558477
9578.619126558477
9578.619126558477
9578.619126558477
9578.619126558477
9578.619126558475
9578.619126558477
9578.619126558477
9578.619126558477
9578.619126558477
9584.712294814259
9578.619126558477
9578.619126558477
9578.619126558477
9578.619126558477
9578.619126558475
9578.619126558477
9578.619126558477
9578.619126558477
9578.619126558475
9578.619126558477
9578.619126558477
9578.619126558477
9578.619126558477
9578.619126558477
9578.619126558477
9578.619126558477
9578.619126558477
9578.619126558477
9578.619126558477
9578.619126558477
9578.619126558477
9578.619126558477
9578.619126558475
9578.619126558475
9578.619126558475
9578.619126558475
9578.619126558475
9578.619126558475
9578.619126558477
9578.619126558477
9578.619126558477
9578.619126558477
9578.619126558477
9578.619126558475
9578.619126558475
9578.619126558475
9578.619126558477
9578.619126558477
9578.619126558477
9578.619126558477
9578.619126558477
9578.619126558477
9578.619126558477
9578.619126558475
9578.619126558475
9578.619126558475
9578.619126558477
9578.619126558475
9578.619126558475
9578.619126558477
9578.619126558477
9578.619126558477
9578.619126558475
9578.619126558477
9578.619126558477
9578.619126558477
9578.619126558475
9578.619126558475
9578.619126558477
9578.619126558477
9578.619126558477
9578.619126558477
9578.619126558475
9578.619126558475
9578.619126558475
9578.619126558475
9578.619126558475
9578.619126558475
9578.619126558477
9578.619126558477
9578.619126558477
9578.619126558477
9578.619126558475
9578.619126558475
9578.619126558475
9578.619126558475
9578.619126558477
9578.619126558477
9578.619126558477
9578.619126558477
9578.619126558475
9578.619126558477
9578.619126558477
9578.619126558475
9578.619126558475
9578.619126558475
9578.619126558477
9578.619126558475
9578.619126558475
9578.619126558477
9578.619126558475
9578.619126558475
9578.619126558475
9578.619126558475
9578.619126558477
9578.619126558477
9578.619126558475
9578.619126558475
9578.619126558477
9578.619126558477
9578.619126558477
9578.619126558477
9578.619126558475
9578.619126558475
9578.619126558475
9578.619126558475
9578.619126558475
9578.619126558475
9578.619126558477
9578.619126558475
9578.619126558475
9578.619126558477
9578.619126558475
9578.619126558475
9578.619126558475
9578.619126558475
9578.619126558477
9578.619126558477
9578.619126558477
9578.619126558475
9578.619126558475
9578.619126558475
9578.619126558477
9578.619126558475
9578.619126558475
9578.619126558475
9578.619126558477
9578.619126558475
9578.619126558475
9578.619126558477
9578.619126558475
9578.619126558475
9578.619126558475
9578.619126558475
9578.619126558477
9578.619126558475
9578.619126558475
9578.619126558475
9578.619126558477
9578.619126558477
9578.619126558475
9578.619126558477
9578.619126558475
9578.619126558475
9578.619126558475
9578.619126558475
9578.619126558475
9578.619126558475
9578.619126558477
9578.619126558475
9578.619126558475
9578.619126558477
9578.619126558475
9578.619126558475
9578.619126558475
9578.619126558475
9578.619126558477
9578.619126558477
9578.619126558475
9578.619126558475
9578.619126558475
9578.619126558475
9578.619126558477
9578.619126558475
9578.619126558475
9578.619126558475
9578.619126558475
9578.619126558475
9578.619126558475
9578.619126558475
9578.619126558475
9578.619126558475
9578.619126558475
9578.619126558475
9578.619126558475
9578.619126558475
9578.619126558475
9578.619126558475
9578.619126558477
9578.619126558477
9578.619126558475
9578.619126558477
9578.619126558475
9578.619126558475
9578.619126558475
9578.619126558475
9578.619126558475
9578.619126558475
9578.619126558477
9578.619126558475
9578.619126558475
9578.619126558475
9578.619126558475
9578.619126558475
9578.619126558475
9578.619126558475
9578.619126558475
9578.619126558477
9578.619126558475
9578.619126558475
9578.619126558475
9578.619126558475
9578.619126558475
9578.619126558475
9578.619126558475
9578.619126558475
9578.619126558475
9578.619126558475
9578.619126558475
9578.619126558475
9578.619126558475
9578.619126558475
9578.619126558475
9578.619126558475
9578.619126558475
9578.619126558475
9578.619126558475
9578.619126558475
9578.619126558477
9578.619126558477
9578.619126558475
9578.619126558477
9578.619126558475
9578.619126558475
9578.619126558475
9578.619126558475
9578.619126558475
9578.619126558475
9578.619126558477
9578.619126558475
9578.619126558475
9578.619126558475
9578.619126558475
9578.619126558475
9578.619126558475
9578.619126558475
9578.619126558475
9578.619126558477
9578.619126558475
9578.619126558475
9578.619126558475
9578.619126558475
9578.619126558475
9578.619126558475
9578.619126558475
9578.619126558475
9578.619126558475
9578.619126558475
9578.619126558475
9578.619126558475
9578.619126558475
9578.619126558475
9578.619126558475
9578.619126558475
9578.619126558475
9578.619126558475
9578.619126558475
9578.619126558475
9578.619126558477
9578.619126558475
9578.619126558475
9578.619126558475
9578.619126558475
9578.619126558475
9578.619126558475
9578.619126558475
9578.619126558475
9578.619126558475
9578.619126558477
9578.619126558475
9578.619126558475
9578.619126558475
9578.619126558475
9578.619126558475
9578.619126558475
9578.619126558475
9578.619126558475
9578.619126558477
9578.619126558475
9578.619126558475
9578.619126558475
9578.619126558475
9578.619126558475
9578.619126558475
9578.619126558475
9578.619126558475
9578.619126558475
9578.619126558475
9578.619126558475
9578.619126558475
9578.619126558475
9578.619126558475
9578.619126558475
9578.619126558475
9578.619126558475
9578.619126558475
9578.619126558475
9578.619126558475
9578.619126558477
9578.619126558475
9578.619126558475
9578.619126558475
9578.619126558475
9578.619126558475
9578.619126558475
9578.619126558475
9578.619126558475
9578.619126558475
9578.619126558477
9578.619126558475
9578.619126558475
9578.619126558475
9578.619126558475
9578.619126558475
9578.619126558475
9578.619126558475
9578.619126558475
9578.619126558477
9578.619126558475
9578.619126558475
9578.619126558475
9578.619126558475
9578.619126558475
9578.619126558475
9578.619126558475
9578.619126558475
9578.619126558475
9578.619126558475
9578.619126558475
9578.619126558475
9578.619126558475
9578.619126558475
9578.619126558475
9578.619126558475
9578.619126558475
9578.619126558475
9578.619126558475
9578.619126558475
9578.619126558475
9578.619126558475
9578.619126558475
9578.619126558475
9578.619126558475
9578.619126558475
9578.619126558475
9578.619126558475
9578.619126558475
9578.619126558475
9578.619126558477
9578.619126558475
9578.619126558475
9578.619126558475
9578.619126558475
9578.619126558475
9578.619126558475
9578.619126558475
9578.619126558475
9578.619126558477
9578.619126558475
9578.619126558475
9578.619126558475
9578.619126558475
9578.619126558475
9578.619126558475
9578.619126558475
9578.619126558475
9578.619126558475
9578.619126558475
9578.619126558475
9578.619126558475
9578.619126558475
9578.619126558475
9578.619126558475
9578.619126558475
9578.619126558475
9578.619126558475
9578.619126558475
9578.619126558475
9578.619126558475
9578.619126558475
9578.619126558475
9578.619126558475
9578.619126558475
9578.619126558475
9578.619126558475
9578.619126558475
9578.619126558475
9578.619126558475
9578.619126558475
9578.619126558475
9578.619126558475
9578.619126558475
9578.619126558475
9578.619126558475
9578.619126558475
9578.619126558475
9578.619126558475
9578.619126558477
9578.619126558475
9578.619126558475
9578.619126558475
9578.619126558475
9578.619126558475
9578.619126558475
9578.619126558475
9578.619126558475
9578.619126558475
9578.619126558475
9578.619126558475
9578.619126558475
9578.619126558475
9578.619126558475
9578.619126558475
9578.619126558475
9578.619126558475
9578.619126558475
9578.619126558475
9578.619126558475
9578.619126558475
9578.619126558475
9578.619126558475
9578.619126558475
9578.619126558475
9578.619126558475
9578.619126558475
9578.619126558475
9578.619126558475
9578.619126558475
9578.619126558475
9578.619126558475
9578.619126558475
9578.619126558475
9578.619126558475
9578.619126558475
9578.619126558475
9578.619126558475
9578.619126558475
9578.619126558477
9578.619126558475
9578.619126558475
9578.619126558475
9578.619126558475
9578.619126558475
9578.619126558475
9578.619126558475
9578.619126558475
9578.619126558475
9578.619126558475
9578.619126558475
9578.619126558475
9578.619126558475
9578.619126558475
9578.619126558475
9578.619126558475
9578.619126558475
9578.619126558475
9578.619126558475
9578.619126558475
9578.619126558475
9578.619126558475
9578.619126558475
9578.619126558475
9578.619126558475
9578.619126558475
9578.619126558475
9578.619126558475
9578.619126558475
9578.619126558475
9578.619126558475
9578.619126558475
9578.619126558475
9578.619126558475
9578.619126558475
9578.619126558475
9578.619126558475
9578.619126558475
9578.619126558475
9578.619126558477
9578.619126558475
9578.619126558475
9578.619126558475
9578.619126558475
9578.619126558475
9578.619126558475
9578.619126558475
9578.619126558475
9578.619126558475
9578.619126558475
9578.619126558475
9578.619126558475
9578.619126558475
9578.619126558475
9578.619126558475
9578.619126558475
9578.619126558475
9578.619126558475
9578.619126558475
9578.619126558475
9578.619126558475
9578.619126558475
9578.619126558475
9578.619126558475
9578.619126558475
9578.619126558475
9578.619126558475
9578.619126558475
9578.619126558475
9578.619126558475
9578.619126558475
9578.619126558475
9578.619126558475
9578.619126558475
9578.619126558475
9578.619126558475
9578.619126558475
9578.619126558475
9578.619126558475
9578.619126558477
9578.619126558475
9578.619126558475
9578.619126558475
9578.619126558475
9578.619126558475
9578.619126558475
9578.619126558475
9578.619126558475
9578.619126558475
9578.619126558475
9578.619126558475
9578.619126558475
9578.619126558475
9578.619126558475
9578.619126558475
9578.619126558475
9578.619126558475
9578.619126558475
9578.619126558475
9578.619126558475
9578.619126558475
9578.619126558475
9578.619126558475
9578.619126558475
9578.619126558475
9578.619126558475
9578.619126558475
9578.619126558475
9578.619126558475
9578.619126558475
9578.619126558475
9578.619126558475
9578.619126558475
9578.619126558475
9578.619126558475
9578.619126558475
9578.619126558475
9578.619126558475
9578.619126558475
9578.619126558477
9578.619126558475
9578.619126558475
9578.619126558475
9578.619126558475
9578.619126558475
9578.619126558475
9578.619126558475
9578.619126558475
9578.619126558475
9578.619126558475
9578.619126558475
9578.619126558475
9578.619126558475
9578.619126558475
9578.619126558475
9578.619126558475
9578.619126558475
9578.619126558475
9578.619126558475
9578.619126558475
9578.619126558475
9578.619126558475
9578.619126558475
9578.619126558475
9578.619126558475
9578.619126558475
9578.619126558475
9578.619126558475
9578.619126558475
9578.619126558475
9578.619126558475
9578.619126558475
9578.619126558475
9578.619126558475
9578.619126558475
9578.619126558475
9578.619126558475
9578.619126558475
9578.619126558475
9578.619126558475
9578.619126558475
9578.619126558475
9578.619126558475
9578.619126558475
9578.619126558475
9578.619126558475
9578.619126558475
9578.619126558475
9578.619126558475
9578.619126558475
9578.619126558475
9578.619126558475
9578.619126558475
9578.619126558475
9578.619126558475
9578.619126558475
9578.619126558475
9578.619126558475
9578.619126558475
9578.619126558475
9578.619126558475
9578.619126558475
9578.619126558475
9578.619126558475
9578.619126558475
9578.619126558475
9578.619126558475
9578.619126558475
9578.619126558475
9578.619126558475
9578.619126558475
9578.619126558475
9578.619126558475
9578.619126558475
9578.619126558475
9578.619126558475
9578.619126558475
9578.619126558475
9578.619126558475
9578.619126558475
9578.619126558475
9578.619126558475
9578.619126558475
9578.619126558475
9578.619126558475
9578.619126558475
9578.619126558475
9578.619126558475
9578.619126558475
9578.619126558475
9578.619126558475
9578.619126558475
9578.619126558475
9578.619126558475
9578.619126558475
9578.619126558475
9578.619126558475
9578.619126558475
9578.619126558475
9578.619126558475
9578.619126558475
9578.619126558475
9578.619126558475
9578.619126558475
9578.619126558475
9578.619126558475
9578.619126558475
9578.619126558475
9578.619126558475
9578.619126558475
9578.619126558475
9578.619126558475
9578.619126558475
9578.619126558475
9578.619126558475
9578.619126558475
9578.619126558475
9578.619126558475
9578.619126558475
9578.619126558475
9578.619126558475
9578.619126558475
9578.619126558475
9578.619126558475
9578.619126558475
9578.619126558475
9578.619126558475
9578.619126558475
9578.619126558475
9578.619126558475
9578.619126558475
9578.619126558475
9578.619126558475
9578.619126558475
9578.619126558475
9578.619126558475
9578.619126558475
9578.619126558475
9578.619126558475
9578.619126558475
9578.619126558475
9578.619126558475
9578.619126558475
9578.619126558475
9578.619126558475
9578.619126558475
9578.619126558475
9578.619126558475
9578.619126558475
9578.619126558475
9578.619126558475
9578.619126558475
9578.619126558475
9578.619126558475
9578.619126558475
9578.619126558475
9578.619126558475
9578.619126558475
9578.619126558475
9578.619126558475
9578.619126558475
9578.619126558475
9578.619126558475
9578.619126558475
9578.619126558475
9578.619126558475
9578.619126558475
9578.619126558475
9578.619126558475
9578.619126558475
9578.619126558475
9578.619126558475
9578.619126558475
9578.619126558475
9578.619126558475
9578.619126558475
9578.619126558475
9578.619126558475
9578.619126558475
9578.619126558475
9578.619126558475
9578.619126558475
9578.619126558475
9578.619126558475
9578.619126558475
9578.619126558475
9578.619126558475
9578.619126558475
9578.619126558475
9578.619126558475
9578.619126558475
9578.619126558475
9578.619126558475
9578.619126558475
9578.619126558475
9578.619126558475
9578.619126558475
9578.619126558475
9578.619126558475
9578.619126558475
9578.619126558475
9578.619126558475
9578.619126558475
9578.619126558475
9578.619126558475
9578.619126558475
9578.619126558475
9578.619126558475
9578.619126558475
9578.619126558475
9578.619126558475
9578.619126558475
9578.619126558475
9578.619126558475
9578.619126558475
9578.619126558475
9578.619126558475
9578.619126558475
9578.619126558475
9578.619126558475
9578.619126558475
9578.619126558475
9578.619126558475
9578.619126558475
9578.619126558475
9578.619126558475
9578.619126558475
9578.619126558475
9578.619126558475
9578.619126558475
9578.619126558475
9578.619126558475
9578.619126558475
9578.619126558475
9578.619126558475
9578.619126558475
9578.619126558475
9578.619126558475
9578.619126558475
9578.619126558475
9578.619126558475
9578.619126558475
9578.619126558475
9578.619126558475
9578.619126558475
9578.619126558475
9578.619126558475
9578.619126558475
9578.619126558475
9578.619126558475
9578.619126558475
9578.619126558475
9578.619126558475
9578.619126558475
9578.619126558475
9578.619126558475
9578.619126558475
9578.619126558475
9578.619126558475
9578.619126558475
9578.619126558475
9578.619126558475
9578.619126558475
9578.619126558475
9578.619126558475
9578.619126558475
9578.619126558475
9578.619126558475
9578.619126558475
9578.619126558475
9578.619126558475
9578.619126558475
9578.619126558475
9578.619126558475
9578.619126558475
9578.619126558475
9578.619126558475
9578.619126558475
9578.619126558475
9578.619126558475
9578.619126558475
9578.619126558475
9578.619126558475
9578.619126558475
9578.619126558475
9578.619126558475
9578.619126558475
9578.619126558475
9578.619126558475
9578.619126558475
9578.619126558475
9578.619126558475
9578.619126558475
9578.619126558475
9578.619126558475
9578.619126558475
9578.619126558475
9578.619126558475
9578.619126558475
9578.619126558475
9578.619126558475
9578.619126558475
9578.619126558475
9578.619126558475
9578.619126558475
9578.619126558475
9578.619126558475
9578.619126558475
9578.619126558475
9578.619126558475
9578.619126558475
9578.619126558475
9578.619126558475
9578.619126558475
9578.619126558475
9578.619126558475
9578.619126558475
9578.619126558475
9578.619126558475
9578.619126558475
9578.619126558475
9578.619126558475
9578.619126558475
9578.619126558475
9578.619126558475
9578.619126558475
9578.619126558475
9578.619126558475
9578.619126558475
9578.619126558475
9578.619126558475
9578.619126558475
9578.619126558475
9578.619126558475
9578.619126558475
9578.619126558475
9578.619126558475
9578.619126558475
9578.619126558475
9578.619126558475
9578.619126558475
9578.619126558475
9578.619126558475
9578.619126558475
9578.619126558475
9578.619126558475
9578.619126558475
9578.619126558475
9578.619126558475
9578.619126558475
9578.619126558475
9578.619126558475
9578.619126558475
9578.619126558475
9578.619126558475
9578.619126558475
9578.619126558475
9578.619126558475
9578.619126558475
9578.619126558475
9578.619126558475
9578.619126558475
9578.619126558475
9578.619126558475
9578.619126558475
9578.619126558475
9578.619126558475
9578.619126558475
9578.619126558475
9578.619126558475
9578.619126558475
9578.619126558475
9578.619126558475
9578.619126558475
9578.619126558475
9578.619126558475
9578.619126558475
9578.619126558475
9578.619126558475
9578.619126558475
9578.619126558475
9578.619126558475
9578.619126558475
9578.619126558475
9578.619126558475
9578.619126558475
9578.619126558475
9578.619126558475
9578.619126558475
9578.619126558475
9578.619126558475
9578.619126558475
9578.619126558475
9578.619126558475
9578.619126558475
9578.619126558475
9578.619126558475
9578.619126558475
9578.619126558475
9578.619126558475
9578.619126558475
9578.619126558475
9578.619126558475
9578.619126558475
9578.619126558475
9578.619126558475
9578.619126558475
9578.619126558475
9578.619126558475
9578.619126558475
9578.619126558475
9578.619126558475
9578.619126558475
9578.619126558475
9578.619126558475
9578.619126558475
9578.619126558475
9578.619126558475
9578.619126558475
9578.619126558475
9578.619126558475
9578.619126558475
9578.619126558475
9578.619126558475
9578.619126558475
9578.619126558475
9578.619126558475
9578.619126558475
9578.619126558475
9578.619126558475
9578.619126558475
9578.619126558475
9578.619126558475
9578.619126558475
9578.619126558475
9578.619126558475
9578.619126558475
9578.619126558475
9578.619126558475
9578.619126558475
9578.619126558475
9578.619126558475
9578.619126558475
9578.619126558475
9578.619126558475
9578.619126558475
9578.619126558475
9578.619126558475
9578.619126558475
9578.619126558475
9578.619126558475
9578.619126558475
9578.619126558475
9578.619126558475
9578.619126558475
9578.619126558475
9578.619126558475
9578.619126558475
9578.619126558475
9578.619126558475
9578.619126558475
9578.619126558475
9578.619126558475
9578.619126558475
9578.619126558475
9578.619126558475
9578.619126558475
9578.619126558475
9578.619126558475
9578.619126558475
9578.619126558475
9578.619126558475
9578.619126558475
9578.619126558475
9578.619126558475
9578.619126558475
9578.619126558475
9578.619126558475
9578.619126558475
9578.619126558475
9578.619126558475
9578.619126558475
9578.619126558475
9578.619126558475
9578.619126558475
9578.619126558475
9578.619126558475
9578.619126558475
9578.619126558475
9578.619126558475
9578.619126558475
9578.619126558475
9578.619126558475
9578.619126558475
9578.619126558475
9578.619126558475
9578.619126558475
9578.619126558475
9578.619126558475
9578.619126558475
9578.619126558475
9578.619126558475
9578.619126558475
9578.619126558475
9578.619126558475
9578.619126558475
9578.619126558475
9578.619126558475
9578.619126558475
9578.619126558475
9578.619126558475
9578.619126558475
9578.619126558475
9578.619126558475
9578.619126558475
9578.619126558475
9578.619126558475
9578.619126558475
9578.619126558475
9578.619126558475
9578.619126558475
9578.619126558475
9578.619126558475
9578.619126558475
9578.619126558475
9578.619126558475
9578.619126558475
9578.619126558475
9578.619126558475
9578.619126558475
9578.619126558475
9578.619126558475
9578.619126558475
9578.619126558475
9578.619126558475
9578.619126558475
9578.619126558475
9578.619126558475
9578.619126558475
9578.619126558475
9578.619126558475
9578.619126558475
9578.619126558475
9578.619126558475
9578.619126558475
9578.619126558475
9578.619126558475
9578.619126558475
9578.619126558475
9578.619126558475
9578.619126558475
9578.619126558475
9578.619126558475
9578.619126558475
9578.619126558475
9578.619126558475
9578.619126558475
9578.619126558475
9578.619126558475
9578.619126558475
9578.619126558475
9578.619126558475
9578.619126558475
9578.619126558475
9578.619126558475
9578.619126558475
9578.619126558475
9578.619126558475
9578.619126558475
9578.619126558475
9578.619126558475
9578.619126558475
9578.619126558475
9578.619126558475
9578.619126558475
9578.619126558475
9578.619126558475
9578.619126558475
9578.619126558475
9578.619126558475
9578.619126558475
9578.619126558475
9578.619126558475
9578.619126558475
9578.619126558475
9578.619126558475
9578.619126558475
9578.619126558475
9578.619126558475
9578.619126558475
9578.619126558475
9578.619126558475
9578.619126558475
9578.619126558475
9578.619126558475
9578.619126558475
9578.619126558475
9578.619126558475
9578.619126558475
9578.619126558475
9578.619126558475
9578.619126558475
9578.619126558475
9578.619126558475
9578.619126558475
9578.619126558475
9578.619126558475
9578.619126558475
9578.619126558475
9578.619126558475
9578.619126558475
9578.619126558475
9578.619126558475
9578.619126558475
9578.619126558475
9578.619126558475
9578.619126558475
9578.619126558475
9578.619126558475
9578.619126558475
9578.619126558475
9578.619126558475
9578.619126558475
9578.619126558475
9578.619126558475
9578.619126558475
9578.619126558475
9578.619126558475
9578.619126558475
9578.619126558475
9578.619126558475
9578.619126558475
9578.619126558475
9578.619126558475
9578.619126558475
9578.619126558475
9578.619126558475
9578.619126558475
9578.619126558475
9578.619126558475
9578.619126558475
9578.619126558475
9578.619126558475
9578.619126558475
9578.619126558475
9578.619126558475
9578.619126558475
9578.619126558475
9578.619126558475
9578.619126558475
9578.619126558475
9578.619126558475
9578.619126558475
9578.619126558475
9578.619126558475
9578.619126558475
9578.619126558475
9578.619126558475
9578.619126558475
9578.619126558475
9578.619126558475
9578.619126558475
9578.619126558475
9578.619126558475
9578.619126558475
9578.619126558475
9578.619126558475
9578.619126558475
9578.619126558475
9578.619126558475
9578.619126558475
9578.619126558475
9578.619126558475
9578.619126558475
9578.619126558475
9578.619126558475
9578.619126558475
9578.619126558475
9578.619126558475
9578.619126558475
9578.619126558475
9578.619126558475
9578.619126558475
9578.619126558475
9578.619126558475
9578.619126558475
9578.619126558475
9578.619126558475
9578.619126558475
9578.619126558475
9578.619126558475
9578.619126558475
9578.619126558475
9578.619126558475
9578.619126558475
9578.619126558475
9578.619126558475
9578.619126558475
9578.619126558475
9578.619126558475
9578.619126558475
9578.619126558475
9578.619126558475
9578.619126558475
9578.619126558475
9578.619126558475
9578.619126558475
9578.619126558475
9578.619126558475
9578.619126558475
9578.619126558475
9578.619126558475
9578.619126558475
9578.619126558475
9578.619126558475
9578.619126558475
9578.619126558475
9578.619126558475
9578.619126558475
9578.619126558475
9578.619126558475
9578.619126558475
9578.619126558475
9578.619126558475
9578.619126558475
9578.619126558475
9578.619126558475
9578.619126558475
9578.619126558475
9578.619126558475
9578.619126558475
9578.619126558475
9578.619126558475
9578.619126558475
9578.619126558475
9578.619126558475
9578.619126558475
9578.619126558475
9578.619126558475
9578.619126558475
9578.619126558475
9578.619126558475
9578.619126558475
9578.619126558475
9578.619126558475
9578.619126558475
9578.619126558475
9578.619126558475
9578.619126558475
9578.619126558475
9578.619126558475
9578.619126558475
9578.619126558475
9578.619126558475
9578.619126558475
9578.619126558475
9578.619126558475
9578.619126558475
9578.619126558475
9578.619126558475
9578.619126558475
9578.619126558475
9578.619126558475
9578.619126558475
9578.619126558475
9578.619126558475
9578.619126558475
9578.619126558475
9578.619126558475
9578.619126558475
9578.619126558475
9578.619126558475
9578.619126558475
9578.619126558475
9578.619126558475
9578.619126558475
9578.619126558475
9578.619126558475
9578.619126558475
9578.619126558475
9578.619126558475
9578.619126558475
9578.619126558475
9578.619126558475
9578.619126558475
9578.619126558475
9578.619126558475
9578.619126558475
9578.619126558475
9578.619126558475
9578.619126558475
9578.619126558475
9578.619126558475
9578.619126558475
9578.619126558475
9578.619126558475
9578.619126558475
9578.619126558475
9578.619126558475
9578.619126558475
9578.619126558475
9578.619126558475
9578.619126558475
9578.619126558475
9578.619126558475
9578.619126558475
9578.619126558475
9578.619126558475
9578.619126558475
9578.619126558475
9578.619126558475
9578.619126558475
9578.619126558475
9578.619126558475
9578.619126558475
9578.619126558475
9578.619126558475
9578.619126558475
9578.619126558475
9578.619126558475
9578.619126558475
9578.619126558475
9578.619126558475
9578.619126558475
9578.619126558475
9578.619126558475
9578.619126558475
9578.619126558475
9578.619126558475
9578.619126558475
9578.619126558475
9578.619126558475
9578.619126558475
9578.619126558475
9578.619126558475
9578.619126558475
9578.619126558475
9578.619126558475
9578.619126558475
9578.619126558475
9578.619126558475
9578.619126558475
9578.619126558475
9578.619126558475
9578.619126558475
9578.619126558475
9578.619126558475
9578.619126558475
9578.619126558475
9578.619126558475
9578.619126558475
9578.619126558475
9578.619126558475
9578.619126558475
9578.619126558475
9578.619126558475
9578.619126558475
9578.619126558475
9578.619126558475
9578.619126558475
9578.619126558475
9578.619126558475
9578.619126558475
9578.619126558475
9578.619126558475
9578.619126558475
9578.619126558475
9578.619126558475
9578.619126558475
9578.619126558475
9578.619126558475
9578.619126558475
9578.619126558475
9578.619126558475
9578.619126558475
9578.619126558475
9578.619126558475
9578.619126558475
9578.619126558475
9578.619126558475
9578.619126558475
9578.619126558475
9578.619126558475
9578.619126558475
9578.619126558475
9578.619126558475
9578.619126558475
9578.619126558475
9578.619126558475
9578.619126558475
9578.619126558475
9578.619126558475
9578.619126558475
9578.619126558475
9578.619126558475
9578.619126558475
9578.619126558475
9578.619126558475
9578.619126558475
9578.619126558475
9578.619126558475
9578.619126558475
9578.619126558475
9578.619126558475
9578.619126558475
9578.619126558475
9578.619126558475
9578.619126558475
9578.619126558475
9578.619126558475
9578.619126558475
9578.619126558475
9578.619126558475
9578.619126558475
9578.619126558475
9578.619126558475
9578.619126558475
9578.619126558475
9578.619126558475
9578.619126558475
9578.619126558475
9578.619126558475
9578.619126558475
9578.619126558475
9578.619126558475
9578.619126558475
9578.619126558475
9578.619126558475
9578.619126558475
9578.619126558475
9578.619126558475
9578.619126558475
9578.619126558475
9578.619126558475
9578.619126558475
9578.619126558475
9578.619126558475
9578.619126558475
9578.619126558475
9578.619126558475
9578.619126558475
9578.619126558475
9578.619126558475
9578.619126558475
9578.619126558475
9578.619126558475
9578.619126558475
9578.619126558475
9578.619126558475
9578.619126558475
9578.619126558475
9578.619126558475
9578.619126558475
9578.619126558475
9578.619126558475
9578.619126558475
9578.619126558475
9578.619126558475
9578.619126558475
9578.619126558475
9578.619126558475
9578.619126558475
9578.619126558475
9578.619126558475
9578.619126558475
9578.619126558475
9578.619126558475
9578.619126558475
9578.619126558475
9578.619126558475
9578.619126558475
9578.619126558475
9578.619126558475
9578.619126558475
9578.619126558475
9578.619126558475
9578.619126558475
9578.619126558475
9578.619126558475
9578.619126558475
9578.619126558475
9578.619126558475
9578.619126558475
9578.619126558475
9578.619126558475
9578.619126558475
9578.619126558475
9578.619126558475
9578.619126558475
9578.619126558475
9578.619126558475
9578.619126558475
9578.619126558475
9578.619126558475
9578.619126558475
9578.619126558475
9578.619126558475
9578.619126558475
9578.619126558475
9578.619126558475
9578.619126558475
9578.619126558475
9578.619126558475
9578.619126558475
9578.619126558475
9578.619126558475
9578.619126558475
9578.619126558475
9578.619126558475
9578.619126558475
9578.619126558475
9578.619126558475
9578.619126558475
9578.619126558475
9578.619126558475
9578.619126558475
9578.619126558475
9578.619126558475
9578.619126558475
9578.619126558475
9578.619126558475
9578.619126558475
9578.619126558475
9578.619126558475
9578.619126558475
9578.619126558475
9578.619126558475
9578.619126558475
9578.619126558475
9578.619126558475
9578.619126558475
9578.619126558475
9578.619126558475
9578.619126558475
9578.619126558475
9578.619126558475
9578.619126558475
9578.619126558475
9578.619126558475
9578.619126558475
9578.619126558475
9578.619126558475
9578.619126558475
9578.619126558475
9578.619126558475
9578.619126558475
9578.619126558475
9578.619126558475
9578.619126558475
9578.619126558475
9578.619126558475
9578.619126558475
9578.619126558475
9578.619126558475
9578.619126558475
9578.619126558475
9578.619126558475
9578.619126558475
9578.619126558475
9578.619126558475
9578.619126558475
9578.619126558475
9578.619126558475
9578.619126558475
9578.619126558475
9578.619126558475
9578.619126558475
9578.619126558475
9578.619126558475
9578.619126558475
9578.619126558475
9578.619126558475
9578.619126558475
9578.619126558475
9578.619126558475
9578.619126558475
9578.619126558475
9578.619126558475
9578.619126558475
9578.619126558475
9578.619126558475
9578.619126558475
9578.619126558475
9578.619126558475
9578.619126558475
9578.619126558475
9578.619126558475
9578.619126558475
9578.619126558475
9578.619126558475
9578.619126558475
9578.619126558475
9578.619126558475
9578.619126558475
9578.619126558475
9578.619126558475
9578.619126558475
9578.619126558475
9578.619126558475
9578.619126558475
9578.619126558475
9578.619126558475
9578.619126558475
9578.619126558475
9578.619126558475
9578.619126558475
9578.619126558475
9578.619126558475
9578.619126558475
9578.619126558475
9578.619126558475
9578.619126558475
9578.619126558475
9578.619126558475
9578.619126558475
9578.619126558475
9578.619126558475
9578.619126558475
9578.619126558475
9578.619126558475
9578.619126558475
9578.619126558475
9578.619126558475
9578.619126558475
9578.619126558475
9578.619126558475
9578.619126558475
9578.619126558475
9578.619126558475
9578.619126558475
9578.619126558475
9578.619126558475
9578.619126558475
9578.619126558475
9578.619126558475
9578.619126558475
9578.619126558475
9578.619126558475
9578.619126558475
9578.619126558475
9578.619126558475
9578.619126558475
9578.619126558475
9578.619126558475
9578.619126558475
9578.619126558475
9578.619126558475
9578.619126558475
9578.619126558475
9578.619126558475
9578.619126558475
9578.619126558475
9578.619126558475
9578.619126558475
9578.619126558475
9578.619126558475
9578.619126558475
9578.619126558475
9578.619126558475
9578.619126558475
9578.619126558475
9578.619126558475
9578.619126558475
9578.619126558475
9578.619126558475
9578.619126558475
9578.619126558475
9578.619126558475
9578.619126558475
9578.619126558475
9578.619126558475
9578.619126558475
9578.619126558475
9578.619126558475
9578.619126558475
9578.619126558475
9578.619126558475
9578.619126558475
9578.619126558475
9578.619126558475
9578.619126558475
9578.619126558475
9578.619126558475
9578.619126558475
9578.619126558475
9578.619126558475
9578.619126558475
9578.619126558475
9578.619126558475
9578.619126558475
9578.619126558475
9578.619126558475
9578.619126558475
9578.619126558475
9578.619126558475
9578.619126558475
9578.619126558475
9578.619126558475
9578.619126558475
9578.619126558475
9578.619126558475
9578.619126558475
9578.619126558475
9578.619126558475
9578.619126558475
9578.619126558475
9578.619126558475
9578.619126558475
9578.619126558475
9578.619126558475
9578.619126558475
9578.619126558475
9578.619126558475
9578.619126558475
9578.619126558475
9578.619126558475
9578.619126558475
9578.619126558475
9578.619126558475
9578.619126558475
9578.619126558475
9578.619126558475
9578.619126558475
9578.619126558475
9578.619126558475
9578.619126558475
9578.619126558475
9578.619126558475
9578.619126558475
9578.619126558475
9578.619126558475
9578.619126558475
9578.619126558475
9578.619126558475
9578.619126558475
9578.619126558475
9578.619126558475
9578.619126558475
9578.619126558475
9578.619126558475
9578.619126558475
9578.619126558475
9578.619126558475
9578.619126558475
9578.619126558475
9578.619126558475
9578.619126558475
9578.619126558475
9578.619126558475
9578.619126558475
9578.619126558475
9578.619126558475
9578.619126558475
9578.619126558475
9578.619126558475
9578.619126558475
9578.619126558475
9578.619126558475
9578.619126558475
9578.619126558475
9578.619126558475
9578.619126558475
9578.619126558475
9578.619126558475
9578.619126558475
9578.619126558475
9578.619126558475
9578.619126558475
9578.619126558475
9578.619126558475
9578.619126558475
9578.619126558475
9578.619126558475
9578.619126558475
9578.619126558475
9578.619126558475
9578.619126558475
9578.619126558475
9578.619126558475
9578.619126558475
9578.619126558475
9578.619126558475
9578.619126558475
9578.619126558475
9578.619126558475
9578.619126558475
9578.619126558475
9578.619126558475
9578.619126558475
9578.619126558475
9578.619126558475
9578.619126558475
9578.619126558475
9578.619126558475
9578.619126558475
9578.619126558475
9578.619126558475
9578.619126558475
9578.619126558475
9578.619126558475
9578.619126558475
9578.619126558475
9578.619126558475
9578.619126558475
9578.619126558475
9578.619126558475
9578.619126558475
9578.619126558475
9578.619126558475
9578.619126558475
9578.619126558475
9578.619126558475
9578.619126558475
9578.619126558475
9578.619126558475
9578.619126558475
9578.619126558475
9578.619126558475
9578.619126558475
9578.619126558475
9578.619126558475
9578.619126558475
9578.619126558475
9578.619126558475
9578.619126558475
9578.619126558475
9578.619126558475
9578.619126558475
9578.619126558475
9578.619126558475
9578.619126558475
9578.619126558475
9578.619126558475
9578.619126558475
9578.619126558475
9578.619126558475
9578.619126558475
9578.619126558475
9578.619126558475
9578.619126558475
9578.619126558475
9578.619126558475
9578.619126558475
9578.619126558475
9578.619126558475
9578.619126558475
9578.619126558475
9578.619126558475
9578.619126558475
9578.619126558475
9578.619126558475
9578.619126558475
9578.619126558475
9578.619126558475
9578.619126558475
9578.619126558475
9578.619126558475
9578.619126558475
9578.619126558475
9578.619126558475
9578.619126558475
9578.619126558475
9578.619126558475
9578.619126558475
9578.619126558475
9578.619126558475
9578.619126558475
9578.619126558475
9578.619126558475
9578.619126558475
9578.619126558475
9578.619126558475
9578.619126558475
9578.619126558475
9578.619126558475
9578.619126558475
9578.619126558475
9578.619126558475
9578.619126558475
9578.619126558475
9578.619126558475
9578.619126558475
9578.619126558475
9578.619126558475
9578.619126558475
9578.619126558475
9578.619126558475
9578.619126558475
9578.619126558475
9578.619126558475
9578.619126558475
9578.619126558475
9578.619126558475
9578.619126558475
9578.619126558475
9578.619126558475
9578.619126558475
9578.619126558475
9578.619126558475
9578.619126558475
9578.619126558475
9578.619126558475
9578.619126558475
9578.619126558475
9578.619126558475
9578.619126558475
9578.619126558475
9578.619126558475
9578.619126558475
9578.619126558475
9578.619126558475
9578.619126558475
9578.619126558475
9578.619126558475
9578.619126558475
9578.619126558475
9578.619126558475
9578.619126558475
9578.619126558475
9578.619126558475
9578.619126558475
9578.619126558475
9578.619126558475
9578.619126558475
9578.619126558475
9578.619126558475
9578.619126558475
9578.619126558475
9578.619126558475
9578.619126558475
9578.619126558475
9578.619126558475
9578.619126558475
9578.619126558475
9578.619126558475
9578.619126558475
9578.619126558475
9578.619126558475
9578.619126558475
9578.619126558475
9578.619126558475
9578.619126558475
9578.619126558475
9578.619126558475
9578.619126558475
9578.619126558475
9578.619126558475
9578.619126558475
9578.619126558475
9578.619126558475
9578.619126558475
9578.619126558475
9578.619126558475
9578.619126558475
9578.619126558475
9578.619126558475
9578.619126558475
9578.619126558475
9578.619126558475
9578.619126558475
9578.619126558475
9578.619126558475
9578.619126558475
9578.619126558475
9578.619126558475
9578.619126558475
9578.619126558475
9578.619126558475
9578.619126558475
9578.619126558475
9578.619126558475
9578.619126558475
9578.619126558475
9578.619126558475
9578.619126558475
9578.619126558475
9578.619126558475
9578.619126558475
9578.619126558475
9578.619126558475
9578.619126558475
9578.619126558475
9578.619126558475
9578.619126558475
9578.619126558475
9578.619126558475
9578.619126558475
9578.619126558475
9578.619126558475
9578.619126558475
9578.619126558475
9578.619126558475
9578.619126558475
9578.619126558475
9578.619126558475
9578.619126558475
9578.619126558475
9578.619126558475
9578.619126558475
9578.619126558475
9578.619126558475
9578.619126558475
9578.619126558475
9578.619126558475
9578.619126558475
9578.619126558475
9578.619126558475
9578.619126558475
9578.619126558475
9578.619126558475
9578.619126558475
9578.619126558475
9578.619126558475
9578.619126558475
9578.619126558475
9578.619126558475
9578.619126558475
9578.619126558475
9578.619126558475
9578.619126558475
9578.619126558475
9578.619126558475
9578.619126558475
9578.619126558475
9578.619126558475
9578.619126558475
9578.619126558475
9578.619126558475
9578.619126558475
9578.619126558475
9578.619126558475
9578.619126558475
9578.619126558475
9578.619126558475
9578.619126558475
9578.619126558475
9578.619126558475
9578.619126558475
9578.619126558475
9578.619126558475
9578.619126558475
9578.619126558475
9578.619126558475
9578.619126558475
9578.619126558475
9578.619126558475
9578.619126558475
9578.619126558475
9578.619126558475
9578.619126558475
9578.619126558475
9578.619126558475
9578.619126558475
9578.619126558475
9578.619126558475
9578.619126558475
9578.619126558475
9578.619126558475
9578.619126558475
9578.619126558475
9578.619126558475
9578.619126558475
9578.619126558475
9578.619126558475
9578.619126558475
9578.619126558475
9578.619126558475
9578.619126558475
9578.619126558475
9578.619126558475
9578.619126558475
9578.619126558475
9578.619126558475
9578.619126558475
9578.619126558475
9578.619126558475
9578.619126558475
9578.619126558475
9578.619126558475
9578.619126558475
9578.619126558475
9578.619126558475
9578.619126558475
9578.619126558475
9578.619126558475
9578.619126558475
9578.619126558475
9578.619126558475
9578.619126558475
9578.619126558475
9578.619126558475
9578.619126558475
9578.619126558475
9578.619126558475
9578.619126558475
9578.619126558475
9578.619126558475
9578.619126558475
9578.619126558475
9578.619126558475
9578.619126558475
9578.619126558475
9578.619126558475
9578.619126558475
9578.619126558475
9578.619126558475
9578.619126558475
9578.619126558475
9578.619126558475
9578.619126558475
9578.619126558475
9578.619126558475
9578.619126558475
9578.619126558475
9578.619126558475
9578.619126558475
9578.619126558475
9578.619126558475
9578.619126558475
9578.619126558475
9578.619126558475
9578.619126558475
9578.619126558475
9578.619126558475
9578.619126558475
9578.619126558475
9578.619126558475
9578.619126558475
9578.619126558475
9578.619126558475
9578.619126558475
9578.619126558475
9578.619126558475
9578.619126558475
9578.619126558475
9578.619126558475
9578.619126558475
9578.619126558475
9578.619126558475
9578.619126558475
9578.619126558475
9578.619126558475
9578.619126558475
9578.619126558475
9578.619126558475
9578.619126558475
9578.619126558475
9578.619126558475
9578.619126558475
9578.619126558475
9578.619126558475
9578.619126558475
9578.619126558475
9578.619126558475
9578.619126558475
9578.619126558475
9578.619126558475
9578.619126558475
9578.619126558475
9578.619126558475
9578.619126558475
9578.619126558475
9578.619126558475
9578.619126558475
9578.619126558475
9578.619126558475
9578.619126558475
9578.619126558475
9578.619126558475
9578.619126558475
9578.619126558475
9578.619126558475
9578.619126558475
9578.619126558475
9578.619126558475
9578.619126558475
9578.619126558475
9578.619126558475
9578.619126558475
9578.619126558475
9578.619126558475
9578.619126558475
9578.619126558475
9578.619126558475
9578.619126558475
9578.619126558475
9578.619126558475
9578.619126558475
9578.619126558475
9578.619126558475
9578.619126558475
9578.619126558475
9578.619126558475
9578.619126558475
9578.619126558475
9578.619126558475
9578.619126558475
9578.619126558475
9578.619126558475
9578.619126558475
9578.619126558475
9578.619126558475
9578.619126558475
9578.619126558475
9578.619126558475
9578.619126558475
9578.619126558475
