75.25
52
28832.923915985037
31044.206700138362
30277.998475480246
30001.59517881777
29300.685715247073
29810.908031908617
31488.919657393362
28875.413153502595
31062.324149552624
29423.434866389165
29597.658435377634
31233.322042492113
30830.459165589047
31450.15421882596
30179.543367237937
28916.775956709356
31760.90847306287
32713.707975711266
29563.695620867053
29934.11389945646
31901.71374869583
30956.209440525086
33720.49640479377
28615.55128420961
30399.336406701736
31011.25660083199
32193.327858713663
29150.35704326275
30613.87943427007
27772.266825060287
30052.701486969443
28851.779733477197
30515.197815104315
29019.060402018004
30744.162328609356
26700.647523047308
31949.584496128497
31008.29275408012
29773.893140248554
30067.011378052368
30499.39238592546
31420.38036145767
30000.968954167525
30451.11048445603
30771.226137698737
28889.055320505762
30791.473300370268
27511.2732267432
29014.751423969876
29073.547653212547
31020.51977620553
30913.92849629244
23879.02922938477
25560.955849869737
28189.288318458413
27006.47819553116
27487.018997334275
26635.873458490714
26256.97197713736
28635.785389981596
26027.515748477847
26765.50986268655
26428.311909578202
27525.20203135365
25384.695497586035
28233.39162157377
27364.373338556405
27174.26693291994
26853.341089676578
25384.695497586035
29502.93361332828
26223.43502175967
27288.759178298453
28730.434572007485
27396.07614951802
29715.923074807106
26022.069615805933
26419.207504283055
27636.692756092147
28797.09666711213
26540.798357690073
25384.695497586035
26000.256535509623
27269.812777355088
26045.690303323136
27753.543765379138
26313.68782192793
27641.422314701296
23879.02922938477
28323.730328454556
27699.55822911981
27430.9478207878
23297.567141360367
28291.93516983223
28443.86040643108
26404.18818935995
27722.12131385781
28127.060713528663
23711.323911165717
28171.030137472928
26005.70164345766
26626.069286517526
26898.17511284979
28083.67151276834
28270.189392911994
21640.841737465027
24107.602775501786
21488.6608981802
26261.650760935532
25289.492732569164
24380.868955155314
26003.914285358776
26596.9605054811
23781.870578397036
24747.95638301716
24373.77181662461
25559.969840828868
23175.810628918203
26543.69423906352
25127.560720020134
23339.81591478912
25234.969804186105
23175.810628918203
26389.222163756454
23740.12618260775
24994.607306249607
26605.85491040654
25317.394003502373
26140.961438680097
22887.101494224964
24054.171598460354
22502.605374968618
23083.133899914363
24713.35811509888
23175.810628918203
24263.491255412937
25414.57903007978
23694.590703564892
25920.91554768681
24424.596432259284
24467.783366060452
22318.625464402136
26325.17942120689
25106.068239736673
25586.716541291098
21640.841737465027
26198.16553590293
26423.689998521513
24517.003493854252
25918.424345386768
25718.823080331116
22150.92014618308
26117.32081464541
25177.084010971914
24768.751718001
25197.07531852134
26058.894450397962
26572.687898915705
19892.6826301165
20775.970166015115
19892.6826301165
24005.212148373554
19892.6826301165
22779.521276873424
23263.05642617732
24742.358966795444
21903.78109357245
19661.005634504767
22594.000308750474
24116.277240041287
21710.526926383398
24923.681875611288
23297.438191311703
21221.061790981345
19661.005634504767
21710.526926383398
23664.548424634984
22428.007158953205
19661.005634504767
24919.99098708452
23657.205693391923
23837.060336047572
18264.7836407879
22306.815564164794
20804.68166378433
20721.569889165683
21832.30143433487
19892.6826301165
24233.51842719333
23867.40003101667
22050.254103301973
24185.599880609043
22554.945393333677
21832.456350114568
19892.6826301165
24561.279303449108
22873.41378645357
23692.421749294095
20280.05820233343
19892.6826301165
19892.6826301165
22721.265787607586
20094.089609773248
23985.042962859556
20853.220537355555
19892.6826301165
23782.26467174075
19892.6826301165
19661.005634504767
26052.61582242472
19661.005634504767
16939.52891634461
17819.722307302723
18824.51833066973
22265.703698299345
18824.518330669733
21336.986569551693
21349.110559540528
23021.276519984927
17835.633706157794
18592.841335058
20942.922526988987
22891.580467153253
20508.88370837516
23240.454582428745
21733.361307715568
17588.171985929883
18592.841335058
20508.88370837516
18135.653414182645
21124.304158861025
18592.841335058
18225.71459062341
18191.664167252264
21863.60148109874
16939.52891634461
16713.01197881203
16713.01197881203
16713.01197881203
16511.085526035924
16713.01197881203
22765.17025745963
22324.74595294633
21007.49301933621
22738.43610903702
16511.085526035924
21796.316039956135
16713.01197881203
16713.01197881203
21449.94072961896
22216.639427410475
16511.085526035924
16713.01197881203
18824.518330669733
21400.594980395897
16713.01197881203
16511.085526035924
19590.95085737655
16713.01197881203
22497.773282671402
16713.01197881203
16713.01197881203
23982.23943486668
18592.841335058
15789.196590370873
17012.20116472564
17905.12435800458
16315.119883964864
17905.12435800458
16315.119883964864
16315.119883964864
21483.09472936959
16848.04381129752
16315.119883964864
16315.119883964864
16315.119883964864
16315.119883964864
16315.119883964864
20451.40700611042
16244.584247335397
17673.44736239285
19538.794722018127
16496.58581629012
19149.996877028287
17341.78202925314
16936.04299632516
17031.55456625414
20332.079882840186
16229.510108716946
15991.123043146978
15991.123043146978
15991.123043146978
15789.196590370873
15991.123043146978
15593.230948299815
15593.230948299815
20023.938643602065
15593.230948299815
15569.092948279724
20119.00858461009
15593.230948299815
15593.230948299815
20272.50750539058
20909.09601941221
15898.348603954375
15991.123043146978
17905.12435800458
15593.230948299815
15991.123043146978
15789.196590370873
15593.230948299815
15991.123043146978
21477.46108292611
15593.230948299815
15593.230948299815
22372.712958414766
15593.230948299815
15550.174733691672
15562.40150741771
15562.40150741771
15574.312733711764
17040.54372820194
15550.174733691672
15593.230948299815
15562.40150741771
15562.40150741771
15593.230948299815
15550.174733691672
15593.230948299815
15562.40150741771
15593.230948299815
15562.40150741771
15625.743495897386
15562.40150741771
15562.40150741771
15562.40150741771
15562.40150741771
16592.236685919946
16079.080592083252
15562.40150741771
16464.350394939247
15843.68004080432
15562.40150741771
15326.535736045156
15326.535736045156
15124.60928326905
15326.535736045156
14928.643641197994
14928.643641197994
15562.40150741771
15550.174733691672
15550.174733691672
18966.769214126543
14882.79262674664
14928.643641197994
15550.174733691672
15550.174733691672
15233.761296852552
15084.719079522747
17040.54372820194
14928.643641197994
15326.535736045156
15550.174733691672
14882.79262674664
15550.174733691672
20504.632215610472
14928.643641197994
14928.643641197994
15550.174733691672
14928.643641197994
14882.79262674664
14897.814200315886
14897.814200315886
14909.72542660994
14775.562389125495
14882.79262674664
14417.587763038508
14895.019400472676
14882.79262674664
14410.35345935398
14882.79262674664
14410.35345935398
14897.814200315886
14909.72542660994
14882.79262674664
15251.256707335135
14897.814200315886
14897.814200315886
14882.79262674664
14897.814200315886
14775.562389125495
15357.191656418201
14897.814200315886
14882.79262674664
14882.79262674664
14882.79262674664
14882.79262674664
14882.79262674664
14637.612236859142
14882.79262674664
14441.646594788086
14441.646594788086
14897.814200315886
14882.79262674664
14882.79262674664
14411.197220092821
14882.79262674664
14410.35345935398
14882.79262674664
14882.79262674664
14882.79262674664
14597.722033112837
14775.562389125495
13923.356412944075
14839.538689635247
14882.79262674664
14395.795580336733
14882.79262674664
14831.608799390626
14410.35345935398
14410.35345935398
14882.79262674664
13923.356412944075
12991.84893754022
14410.817153905979
14408.02235406277
13702.482594326792
13702.482594326792
14395.795580336735
13391.699092091634
14453.317858608483
14395.795580336735
13923.356412944075
13384.464788407107
13384.464788407107
13702.482594326792
14422.728380200035
13715.767394297796
13702.482594326792
13384.464788407107
13702.482594326792
13384.464788407107
13384.464788407107
14288.565342715588
14692.604349316378
13384.464788407107
13384.464788407107
13384.464788407107
13702.482594326792
14395.795580336735
13384.464788407107
14637.612236859142
13702.482594326792
14441.646594788086
13702.482594326792
14410.817153905979
13384.464788407107
13702.482594326792
13375.92249051151
14395.795580336733
13384.464788407107
13384.464788407107
13715.767394297796
14395.795580336735
13273.017508835093
14288.565342715588
12991.84893754022
12991.84893754022
12991.84893754022
14003.179729469846
12991.84893754022
14344.611752980722
13923.356412944075
12991.84893754022
14395.795580336735
12991.84893754022
12981.381199743962
14018.201303039092
12991.84893754022
13356.48746802187
12991.84893754022
12991.84893754022
12991.84893754022
13702.482594326792
12991.84893754022
13530.740562077186
13384.464788407107
12991.84893754022
12991.84893754022
12991.84893754022
13323.15154343091
12991.84893754022
12991.84893754022
13309.866743459905
13384.464788407107
13067.749626849421
13895.949491848703
12991.84893754022
12991.84893754022
12991.84893754022
12991.84893754022
13309.866743459905
12991.84893754022
12981.381199743962
12991.84893754022
13309.866743459905
13702.482594326792
12991.84893754022
12991.84893754022
12991.84893754022
12991.84893754022
12991.84893754022
14003.179729469846
12981.381199743962
12981.381199743962
12991.84893754022
12991.84893754022
12991.84893754022
12991.84893754022
12981.381199743962
12585.116832378997
12334.517903216738
13596.447624308625
12585.116832378997
14191.079466903668
12981.381199743962
12956.70356085372
14003.179729469846
12552.163443803263
12252.680944413307
13603.821024581996
12252.680944413307
12058.714570063152
12252.680944413307
12252.680944413307
12585.116832378997
12252.680944413307
12252.680944413307
12252.680944413307
12069.731661021364
12058.714570063152
12585.116832378997
12058.714570063152
12252.680944413307
12585.116832378997
12058.714570063152
12058.714570063152
12991.84893754022
12058.714570063152
12252.680944413307
12252.680944413307
12585.116832378999
12058.714570063152
12058.714570063152
12903.134638298683
12552.163443803263
12252.680944413307
12058.714570063152
12252.680944413307
12252.680944413307
12252.680944413307
12585.116832378997
12252.680944413307
12058.714570063152
12252.680944413307
12252.680944413307
12252.680944413307
12574.64909458274
12252.680944413307
12252.680944413307
12252.680944413307
12252.680944413307
12252.680944413307
12276.104166093095
12252.680944413307
12098.494376953395
11710.984767141135
12173.729455772364
12252.680944413307
12067.532458642223
12098.494376953395
12243.150777517363
11670.836349053972
13294.808358296094
12252.680944413307
11749.70190377725
11670.836349053972
11943.668278127405
11670.836349053972
11943.668278127405
11670.836349053972
11670.836349053972
11670.836349053972
11670.836349053972
11670.836349053972
11670.836349053972
11670.836349053972
11670.836349053972
11670.836349053972
11670.836349053972
12991.84893754022
11749.70190377725
11943.668278127405
11670.836349053972
11670.836349053972
11670.836349053972
12058.714570063152
11670.836349053972
12243.150777517363
11670.836349053972
11670.836349053972
11943.668278127405
11670.836349053972
11943.668278127405
11670.836349053972
11670.836349053972
11670.836349053972
11670.836349053972
11943.668278127405
11670.836349053972
11670.836349053972
11670.836349053972
11670.836349053972
11670.836349053972
11670.836349053972
11670.836349053972
11670.836349053972
11670.836349053972
11670.836349053972
11670.836349053972
11670.836349053974
11670.836349053974
11670.836349053974
11670.836349053974
11649.312578518238
11453.477167286688
11649.312578518238
11649.312578518238
11479.841667945686
11649.312578518238
11649.312578518238
11649.312578518238
11649.312578518238
11649.312578518238
11649.312578518238
11400.97611322241
11649.312578518238
11649.312578518238
11400.97611322241
11400.97611322241
11400.97611322241
11649.312578518238
11649.312578518238
11649.312578518238
11649.312578518238
11649.312578518238
11649.312578518238
11400.97611322241
11400.97611322241
11649.312578518238
11400.97611322241
11973.290541685798
11649.312578518238
11649.312578518238
11649.312578518238
11400.97611322241
11649.312578518238
11400.97611322241
11670.836349053972
11649.312578518238
11649.312578518238
11649.312578518238
11670.836349053972
11400.97611322241
11400.97611322241
11649.312578518238
11649.312578518238
11400.97611322241
11649.312578518238
11400.97611322241
11400.97611322241
11400.97611322241
11400.97611322241
11400.97611322241
11649.312578518238
11400.97611322241
11400.97611322241
11453.477167286688
11400.97611322241
11138.3246070426
11138.3246070426
11400.97611322241
11400.97611322241
11138.3246070426
11268.196432781275
11400.97611322241
11400.97611322241
11400.97611322241
11400.97611322241
11268.196432781275
11138.3246070426
11400.97611322241
11400.97611322241
11181.715362217548
11649.312578518238
11138.3246070426
11138.3246070426
11400.97611322241
11400.97611322241
11268.196432781275
11181.715362217548
11181.715362217548
11138.3246070426
11181.715362217548
11400.97611322241
11400.97611322241
11138.3246070426
11138.3246070426
11181.715362217548
11649.312578518238
11400.97611322241
11400.97611322241
11138.3246070426
11268.196432781275
11586.510653694177
11400.97611322241
11181.715362217548
11400.97611322241
11400.97611322241
11400.97611322241
11400.97611322241
11138.3246070426
11400.97611322241
11181.715362217548
11400.97611322241
11400.97611322241
11400.97611322241
11138.3246070426
11181.715362217548
11181.715362217548
11400.97611322241
10942.48919581105
10942.48919581105
10940.910944902025
10942.48919581105
11181.715362217548
10942.48919581105
10942.48919581105
10942.48919581105
10942.48919581105
10942.48919581105
10942.48919581105
10942.48919581105
10940.910944902025
10942.48919581105
11181.715362217548
10984.301700076974
11400.97611322241
11138.3246070426
10940.910944902025
10942.48919581105
10942.48919581105
10942.48919581105
11181.715362217548
10942.48919581105
10942.48919581105
10942.48919581105
11181.715362217548
11181.715362217548
10940.910944902025
10942.48919581105
10942.48919581105
10942.48919581105
10942.48919581105
10942.48919581105
10942.48919581105
10942.48919581105
10942.48919581105
10942.48919581105
10942.48919581105
10942.48919581105
10942.48919581105
10942.48919581105
10942.48919581105
10893.717492425783
10942.48919581105
10942.48919581105
11181.715362217548
10942.48919581105
10942.48919581105
10745.075533670475
10942.48919581105
10942.48919581105
10942.48919581105
10536.669372788443
10745.075533670475
10745.075533670475
10745.075533670475
10745.075533670475
10745.075533670475
10734.083034929017
10734.083034929017
10942.48919581105
10745.075533670475
10745.075533670475
10734.083034929017
10787.993680842916
10697.580312730755
10745.075533670475
10745.075533670475
10745.075533670475
10745.075533670475
10745.075533670475
10697.580312730755
10745.075533670475
10697.580312730755
10745.075533670475
10745.075533670475
10745.075533670475
10734.083034929017
10745.075533670475
10745.075533670475
10731.814804780208
10734.083034929017
10697.580312730755
10697.580312730755
10745.075533670475
10942.48919581105
10697.580312730755
10745.075533670475
10745.075533670475
10942.48919581105
10745.075533670475
10745.075533670475
10697.580312730755
10697.580312730755
10734.083034929017
10893.717492425783
10745.075533670475
10697.580312730755
10984.301700076974
10745.075533670475
10745.075533670475
10536.669372788443
10536.669372788445
10536.669372788445
10536.669372788445
10383.752108729332
10536.669372788445
10536.669372788443
10536.669372788445
10536.669372788445
10536.669372788445
10536.669372788445
10536.669372788445
10942.48919581105
10536.669372788445
10536.669372788445
10536.669372788445
10536.669372788445
10536.669372788445
10536.669372788445
10536.669372788445
10536.669372788445
10536.669372788445
10536.669372788445
10536.669372788445
10536.669372788445
10536.669372788445
10536.669372788445
10536.669372788445
10536.669372788445
10536.669372788445
10536.669372788445
10536.669372788445
10535.93395215916
10536.669372788445
10536.669372788445
10536.669372788445
10536.669372788445
10536.669372788445
10407.179266014644
10536.669372788445
10536.669372788445
10536.669372788445
10536.669372788445
10536.669372788445
10536.669372788445
10407.179266014644
10536.669372788445
10536.669372788445
10536.669372788445
10536.669372788445
10536.669372788445
10536.669372788445
10536.669372788445
10383.752108729332
10383.752108729332
10383.752108729332
10383.752108729332
10234.633637945752
10383.752108729332
10383.752108729332
10383.752108729332
10383.752108729332
10383.752108729332
10383.752108729332
10383.752108729332
10383.752108729332
10383.752108729332
10383.752108729332
10383.752108729332
10383.752108729332
10383.752108729332
10383.752108729332
10383.752108729332
10383.752108729332
10383.752108729332
10383.752108729332
10383.752108729332
10383.752108729332
10383.752108729332
10383.752108729332
10383.752108729332
10383.752108729332
10383.752108729332
10383.752108729332
10536.669372788445
10386.815481375581
10383.752108729332
10383.752108729332
10383.752108729332
10383.752108729332
10383.752108729332
10383.752108729332
10383.752108729332
10383.752108729332
10383.752108729332
10383.752108729332
10383.752108729332
10383.752108729332
10383.752108729332
10383.752108729332
10383.752108729332
10383.752108729332
10383.752108729332
10383.752108729332
10383.752108729332
10383.752108729332
10234.633637945752
10234.633637945752
10234.633637945752
10234.633637945752
10234.633637945752
10234.633637945752
10234.633637945752
10234.633637945752
10234.633637945752
10234.633637945752
10234.633637945752
10234.633637945752
10234.633637945752
10234.633637945752
10234.633637945752
10234.633637945752
10383.752108729332
10234.633637945752
10234.633637945752
10234.633637945752
10234.633637945752
10234.633637945752
10234.633637945752
10234.633637945752
10234.633637945752
10234.633637945752
10234.633637945752
10234.633637945752
10234.633637945752
10234.633637945752
10234.633637945752
10234.633637945752
10234.633637945752
10234.633637945752
10234.633637945752
10234.633637945752
10234.633637945752
10234.633637945752
10234.633637945752
10234.633637945752
10234.633637945752
10234.633637945752
10234.633637945752
10234.633637945752
10234.633637945752
10234.633637945752
10234.633637945752
10234.633637945752
10234.633637945752
10234.633637945752
10234.633637945752
10234.633637945752
10383.752108729332
10234.633637945752
10108.826437267695
10234.633637945752
10234.633637945752
10034.655499359109
10108.826437267695
10108.826437267695
10108.826437267695
10108.826437267695
10108.826437267695
10108.826437267695
10108.826437267695
10108.826437267695
10108.826437267695
10108.826437267695
10108.826437267695
10234.633637945752
10108.826437267695
10234.633637945752
10108.826437267695
10108.826437267695
10108.826437267695
10108.826437267695
10108.826437267695
10108.826437267695
10108.826437267695
10108.826437267695
10108.826437267695
10108.826437267695
10108.826437267695
10234.633637945752
10108.826437267695
10108.826437267695
10108.826437267695
10108.826437267695
10108.826437267695
10108.826437267695
10108.826437267695
10108.826437267695
10108.826437267695
10108.826437267695
10108.826437267695
10108.826437267695
10108.826437267695
10108.826437267695
10108.826437267695
10108.826437267695
10108.826437267695
10108.826437267695
10108.826437267695
10108.826437267695
10108.826437267695
10108.826437267695
10108.826437267695
10034.655499359109
10034.655499359109
10034.655499359109
10034.655499359109
10034.655499359109
10034.655499359109
10034.655499359109
10034.655499359109
10034.655499359109
10034.655499359109
10034.655499359109
10034.655499359109
10034.655499359109
10034.655499359109
10034.655499359109
10034.655499359109
10034.655499359109
10034.655499359109
10034.655499359109
10034.655499359109
10034.655499359109
10034.655499359109
10034.655499359109
10034.655499359109
10034.655499359109
10034.655499359109
10034.655499359109
10034.655499359109
10034.655499359109
10034.655499359109
10108.826437267695
10034.655499359109
10034.655499359109
10034.655499359109
10034.655499359109
10034.655499359109
10034.655499359109
10034.655499359109
10034.655499359109
10034.655499359109
10034.655499359109
10108.826437267695
10034.655499359109
10034.655499359109
10034.655499359109
10034.655499359109
10034.655499359109
10034.655499359109
10034.655499359109
10034.655499359109
10034.655499359109
10034.655499359109
10034.655499359109
10034.655499359109
10034.655499359109
9983.665297518744
9943.699748197063
9983.665297518746
9983.665297518746
9983.665297518746
9983.665297518746
9983.665297518744
9983.665297518746
9983.665297518744
9983.665297518744
9983.665297518746
9983.665297518746
9983.665297518746
9983.665297518746
9983.665297518746
9983.665297518746
9983.665297518746
9983.665297518746
9983.665297518746
9983.665297518744
9983.665297518746
9983.665297518744
9983.665297518746
9983.665297518746
9983.665297518744
9983.665297518744
9983.665297518746
9983.665297518746
9983.665297518746
9983.665297518746
9983.665297518744
9983.665297518744
10034.655499359109
9983.665297518746
9983.665297518746
9983.665297518746
9983.665297518744
9983.665297518744
9983.665297518746
9983.665297518746
9983.665297518746
9983.665297518746
9983.665297518746
9983.665297518746
9983.665297518746
9983.665297518744
9983.665297518744
9983.665297518746
9983.665297518744
9983.665297518746
10034.655499359109
9983.665297518746
9983.665297518744
9943.699748197063
9943.699748197063
9943.699748197063
9943.699748197063
9943.699748197063
9943.699748197063
9943.699748197063
9943.699748197063
9943.699748197063
9943.699748197063
9943.699748197063
9943.699748197063
9943.699748197063
9943.699748197063
9943.699748197063
9943.699748197063
9943.699748197063
9943.699748197063
9983.665297518746
9943.699748197063
9943.699748197063
9943.699748197063
9943.699748197063
9943.699748197063
9943.699748197063
9943.699748197063
9943.699748197063
9943.699748197063
9943.699748197063
9943.699748197063
9943.699748197063
9943.699748197063
9943.699748197063
9943.699748197063
9943.699748197063
9943.699748197063
9943.699748197063
9943.699748197063
9943.699748197063
9943.699748197063
9943.699748197063
9943.699748197065
9943.699748197063
9943.699748197063
9943.699748197063
9943.699748197063
9943.699748197063
9943.699748197063
9943.699748197063
9943.699748197063
9943.699748197063
9943.699748197063
9983.665297518744
9943.699748197063
9943.699748197063
9943.699748197063
9943.699748197063
9898.228279932147
9943.699748197063
9943.699748197063
9898.228279932147
9898.228279932147
9943.699748197063
9943.699748197063
9943.699748197063
9898.228279932147
9898.228279932147
9943.699748197063
9943.699748197063
9943.699748197063
9943.699748197063
9943.699748197063
9943.699748197063
9943.699748197063
9898.228279932147
9943.699748197063
9943.699748197063
9943.699748197063
9898.228279932147
9943.699748197063
9943.699748197063
9943.699748197063
9898.228279932147
9943.699748197063
9943.699748197063
9898.228279932147
9898.228279932147
9943.699748197063
9898.228279932147
9943.699748197063
9898.228279932147
9898.228279932147
9943.699748197063
9943.699748197063
9943.699748197063
9943.699748197063
9943.699748197063
9898.228279932147
9943.699748197063
9898.228279932147
9943.699748197063
9943.699748197063
9898.228279932147
9898.228279932147
9943.699748197063
9943.699748197063
9943.699748197063
9898.228279932146
9898.228279932146
9898.228279932146
9898.228279932146
9879.129753749654
9879.129753749654
9879.129753749654
9898.228279932147
9879.129753749654
9879.129753749654
9879.129753749654
9869.437115807232
9869.437115807232
9879.129753749654
9879.129753749654
9879.129753749654
9879.129753749654
9879.129753749654
9879.129753749654
9879.129753749654
9879.129753749654
9898.228279932147
9879.129753749654
9879.129753749654
9869.437115807232
9879.129753749654
9879.129753749654
9879.129753749654
9879.129753749654
9879.129753749654
9879.129753749654
9879.129753749654
9869.437115807232
9879.129753749654
9879.129753749654
9879.129753749654
9869.43711580723
9898.228279932146
9879.129753749654
9879.129753749654
9943.699748197063
9879.129753749654
9879.129753749654
9879.129753749654
9879.129753749654
9879.129753749654
9879.129753749654
9879.129753749654
9879.129753749654
9879.129753749654
9879.129753749654
9943.699748197063
9879.129753749654
9869.43711580723
9869.437115807232
9869.437115807232
9869.43711580723
9850.338589624738
9850.338589624738
9850.338589624738
9898.228279932147
9879.129753749654
9869.437115807232
9850.338589624738
9869.437115807232
9869.437115807232
9869.437115807232
9850.338589624738
9869.437115807232
9879.129753749654
9869.437115807232
9869.437115807232
9869.437115807232
9869.437115807232
9898.228279932147
9869.437115807232
9869.437115807232
9869.437115807232
9869.437115807232
9869.437115807232
9850.338589624738
9869.437115807232
9850.338589624738
9869.437115807232
9869.437115807232
9869.437115807232
9869.437115807232
9869.437115807232
9850.338589624738
9869.43711580723
9869.437115807232
9850.338589624738
9879.129753749654
9869.437115807232
9869.437115807232
9869.437115807232
9869.437115807232
9879.129753749654
9850.338589624738
9869.437115807232
9869.437115807232
9850.338589624738
9869.437115807232
9869.437115807232
9869.437115807232
9869.437115807232
9830.945389628687
9850.338589624738
9850.04391581118
9850.338589624738
9830.945389628687
9830.945389628687
9830.945389628689
9830.945389628689
9830.945389628689
9830.945389628689
9830.945389628689
9830.945389628689
9869.437115807232
9850.04391581118
9830.945389628689
9830.945389628689
9830.945389628689
9830.945389628689
9830.945389628689
9830.945389628689
9830.945389628689
9830.945389628689
9830.945389628689
9830.945389628689
9830.945389628689
9830.945389628689
9830.945389628689
9830.945389628689
9850.04391581118
9850.338589624738
9850.04391581118
9830.945389628689
9830.945389628689
9830.945389628689
9830.945389628689
9830.945389628689
9830.945389628689
9830.945389628689
9830.945389628689
9830.945389628689
9830.945389628689
9830.945389628689
9830.945389628689
9830.945389628689
9830.945389628689
9830.945389628689
9830.945389628689
9850.04391581118
9830.945389628687
9830.945389628689
9830.945389628689
9830.945389628689
9830.945389628689
9830.945389628687
9830.945389628689
9850.043915811179
9827.376503293432
9830.945389628687
9777.357534651668
9807.983303297382
9807.983303297382
9807.983303297382
9807.983303297382
9830.945389628689
9777.357534651668
9830.945389628689
9830.945389628689
9777.357534651668
9830.945389628689
9830.945389628689
9777.357534651668
9807.983303297382
9830.945389628689
9830.945389628689
9830.945389628689
9807.983303297382
9807.983303297382
9777.357534651668
9830.945389628689
9830.945389628689
9807.983303297382
9830.945389628689
9850.338589624738
9830.945389628689
9830.945389628689
9807.983303297382
9777.357534651668
9830.945389628689
9830.945389628689
9830.945389628689
9777.357534651668
9830.945389628689
9777.357534651668
9777.357534651668
9830.945389628689
9807.983303297382
9807.983303297382
9777.357534651668
9807.983303297382
9807.983303297382
9830.945389628689
9830.945389628687
9777.357534651668
9777.357534651668
9830.945389628689
9830.945389628689
9777.357534651668
9777.357534651668
9777.357534651668
9827.376503293432
9777.357534651668
9777.357534651668
9777.357534651668
9777.357534651668
9777.357534651668
9777.357534651668
9777.357534651668
9777.357534651668
9777.357534651668
9777.357534651668
9777.357534651668
9777.357534651668
9777.357534651668
9754.395448320363
9777.357534651668
9777.357534651668
9777.357534651668
9830.945389628689
9777.357534651668
9777.357534651668
9777.357534651668
9777.357534651668
9777.357534651668
9777.357534651668
9777.357534651668
9777.357534651668
9777.357534651668
9777.357534651668
9777.357534651668
9777.357534651668
9777.357534651668
9777.357534651668
9777.357534651668
9753.387931394218
9777.357534651668
9777.357534651668
9753.387931394218
9777.357534651668
9777.357534651668
9777.357534651668
9753.387931394218
9754.395448320363
9777.357534651668
9830.945389628689
9777.357534651668
9777.357534651668
9777.357534651668
9777.357534651668
9777.357534651668
9730.425845062911
9753.387931394218
9730.425845062911
9753.387931394218
9730.425845062911
9753.387931394218
9753.387931394218
9730.425845062911
9753.387931394218
9753.387931394218
9753.387931394218
9730.425845062911
9753.387931394218
9753.387931394218
9753.387931394218
9730.425845062911
9753.387931394218
9754.395448320363
9753.387931394218
9753.387931394218
9730.425845062911
9753.387931394218
9753.387931394218
9753.387931394218
9753.387931394218
9753.387931394218
9753.387931394218
9753.387931394218
9753.387931394218
9753.387931394218
9777.357534651668
9730.425845062911
9753.387931394218
9753.387931394218
9730.425845062911
9754.395448320363
9777.357534651668
9730.425845062911
9730.425845062911
9730.425845062911
9730.425845062911
9730.425845062911
9730.425845062911
9730.425845062911
9730.425845062911
9730.425845062911
9730.425845062911
9730.425845062911
9730.425845062911
9730.425845062911
9730.425845062911
9730.425845062911
9730.425845062911
9717.905728757209
9730.425845062911
9730.425845062911
9730.425845062911
9730.425845062911
9730.425845062911
9730.425845062911
9717.90572875721
9730.425845062911
9730.425845062911
9730.425845062911
9730.425845062911
9730.425845062911
9730.425845062911
9730.425845062911
9730.425845062911
9740.867815088515
9730.425845062911
9730.425845062911
9730.425845062911
9717.90572875721
9730.425845062911
9730.425845062911
9730.425845062911
9730.425845062911
9730.425845062911
9730.425845062911
9730.425845062911
9740.867815088515
9730.425845062911
9730.425845062911
9730.425845062911
9730.425845062911
9730.425845062911
9730.425845062911
9730.425845062911
9730.425845062911
9717.905728757209
9717.90572875721
9717.905728757209
9717.90572875721
9717.90572875721
9717.90572875721
9717.90572875721
9730.425845062911
9717.90572875721
9717.90572875721
9717.90572875721
9717.90572875721
9717.90572875721
9717.905728757209
9717.90572875721
9717.905728757209
9712.657362676842
9717.90572875721
9717.90572875721
9717.90572875721
9717.90572875721
9717.90572875721
9717.90572875721
9717.90572875721
9730.425845062911
9717.905728757209
9717.90572875721
9717.90572875721
9717.90572875721
9717.90572875721
9717.90572875721
9717.90572875721
9717.905728757209
9717.90572875721
9717.90572875721
9717.90572875721
9717.90572875721
9717.90572875721
9717.90572875721
9717.90572875721
9717.90572875721
9717.90572875721
9717.905728757209
9717.90572875721
9740.867815088515
9717.90572875721
9717.90572875721
9717.90572875721
9717.905728757209
9717.905728757209
9717.90572875721
9717.90572875721
9717.905728757209
9712.657362676842
9712.65736267684
9712.65736267684
9712.65736267684
9712.65736267684
9712.65736267684
9712.65736267684
9712.65736267684
9712.65736267684
9712.65736267684
9712.65736267684
9712.65736267684
9712.65736267684
9712.65736267684
9712.65736267684
9712.65736267684
9712.65736267684
9712.65736267684
9712.65736267684
9712.65736267684
9712.65736267684
9712.65736267684
9712.65736267684
9712.65736267684
9712.65736267684
9712.65736267684
9712.65736267684
9712.65736267684
9712.65736267684
9712.65736267684
9717.90572875721
9712.65736267684
9712.65736267684
9712.65736267684
9712.65736267684
9712.65736267684
9712.65736267684
9712.65736267684
9712.65736267684
9712.65736267684
9712.65736267684
9712.65736267684
9712.65736267684
9712.65736267684
9712.65736267684
9712.65736267684
9712.65736267684
9712.65736267684
9712.65736267684
9712.65736267684
9712.65736267684
9712.65736267684
9712.65736267684
9712.65736267684
9712.65736267684
9712.65736267684
9712.65736267684
9712.65736267684
9712.65736267684
9712.65736267684
9712.65736267684
9712.65736267684
9712.65736267684
9712.65736267684
9712.65736267684
9712.65736267684
9712.65736267684
9712.65736267684
9712.65736267684
9712.65736267684
9712.65736267684
9712.65736267684
9712.65736267684
9712.65736267684
9712.65736267684
9712.65736267684
9712.65736267684
9712.65736267684
9712.65736267684
9712.65736267684
9712.65736267684
9712.65736267684
9712.65736267684
9712.65736267684
9712.65736267684
9712.65736267684
9712.65736267684
9712.65736267684
9712.65736267684
9712.65736267684
9712.65736267684
9712.65736267684
9712.65736267684
9712.65736267684
9712.65736267684
9712.65736267684
9712.65736267684
9712.65736267684
9712.65736267684
9712.65736267684
9712.65736267684
9712.65736267684
9712.65736267684
9712.65736267684
9712.65736267684
9712.65736267684
9712.65736267684
9712.65736267684
9712.65736267684
9712.65736267684
9712.65736267684
9712.65736267684
9712.65736267684
9712.65736267684
9712.65736267684
9712.65736267684
9712.65736267684
9712.65736267684
9712.65736267684
9712.65736267684
9712.65736267684
9712.65736267684
9712.65736267684
9712.65736267684
9712.65736267684
9712.65736267684
9712.65736267684
9712.65736267684
9712.65736267684
9712.65736267684
9712.65736267684
9712.65736267684
9712.65736267684
9712.65736267684
9712.65736267684
9712.65736267684
9712.65736267684
9712.65736267684
9712.65736267684
9712.65736267684
9712.65736267684
9712.65736267684
9712.65736267684
9712.65736267684
9712.65736267684
9712.65736267684
9712.65736267684
9712.65736267684
9712.65736267684
9712.65736267684
9712.65736267684
9712.65736267684
9712.65736267684
9712.65736267684
9712.65736267684
9712.65736267684
9712.65736267684
9712.65736267684
9712.65736267684
9712.65736267684
9712.65736267684
9712.65736267684
9712.65736267684
9712.65736267684
9712.65736267684
9712.65736267684
9712.65736267684
9712.65736267684
9712.65736267684
9712.65736267684
9712.65736267684
9712.65736267684
9712.65736267684
9712.65736267684
9712.65736267684
11428.434086899106
9712.65736267684
9712.65736267684
9712.65736267684
9712.65736267684
9712.65736267684
9712.65736267684
9712.65736267684
9712.65736267684
9712.65736267684
9712.65736267684
9712.65736267684
9712.65736267684
9712.65736267684
9712.65736267684
9712.65736267684
9712.65736267684
9712.65736267684
9712.65736267684
9712.65736267684
9712.65736267684
9712.65736267684
9712.65736267684
9712.65736267684
9712.65736267684
9712.65736267684
9712.65736267684
9712.65736267684
9712.65736267684
9712.65736267684
9712.65736267684
9712.65736267684
9712.65736267684
9712.65736267684
9712.65736267684
9712.65736267684
9712.65736267684
9712.65736267684
9712.65736267684
9712.65736267684
9712.65736267684
9712.65736267684
9712.65736267684
9712.65736267684
9712.65736267684
9712.65736267684
9712.65736267684
9712.65736267684
9712.65736267684
9712.65736267684
9712.65736267684
9712.65736267684
9712.65736267684
9712.65736267684
9712.65736267684
9712.65736267684
9712.65736267684
9712.65736267684
9712.65736267684
9712.65736267684
9712.65736267684
9712.65736267684
9712.65736267684
9712.65736267684
9712.65736267684
9712.65736267684
9712.65736267684
9712.65736267684
9712.65736267684
9712.65736267684
9712.65736267684
9712.65736267684
9712.65736267684
9712.65736267684
9712.65736267684
9712.65736267684
9712.65736267684
9712.65736267684
9712.65736267684
9712.65736267684
9712.65736267684
9712.65736267684
9712.65736267684
9712.65736267684
9712.65736267684
9712.65736267684
9712.65736267684
9712.65736267684
9712.65736267684
9712.65736267684
9712.65736267684
9712.65736267684
9712.65736267684
9712.65736267684
9712.65736267684
9712.65736267684
9712.65736267684
9712.65736267684
9712.65736267684
9712.65736267684
9712.65736267684
9712.65736267684
9712.65736267684
9712.65736267684
9712.65736267684
9712.65736267684
9712.65736267684
9712.65736267684
9712.65736267684
9712.65736267684
9712.65736267684
9712.65736267684
9712.65736267684
9712.65736267684
9712.65736267684
9712.65736267684
9712.65736267684
9712.65736267684
9712.65736267684
9712.65736267684
9712.65736267684
9712.65736267684
9712.65736267684
9712.65736267684
9712.65736267684
9712.65736267684
9712.65736267684
9712.65736267684
9712.65736267684
9712.65736267684
9712.65736267684
9712.65736267684
9712.65736267684
9712.65736267684
9712.65736267684
9712.65736267684
9712.65736267684
9712.65736267684
9712.65736267684
9712.65736267684
9712.65736267684
9712.65736267684
9712.65736267684
9712.65736267684
9712.65736267684
9712.65736267684
9712.65736267684
9712.65736267684
9712.65736267684
9712.65736267684
9712.65736267684
9712.65736267684
9712.65736267684
9712.65736267684
9712.65736267684
9712.65736267684
9712.65736267684
9712.65736267684
9712.65736267684
9712.65736267684
9712.65736267684
9712.65736267684
9712.65736267684
9712.65736267684
9712.65736267684
9712.65736267684
9712.65736267684
9712.65736267684
9712.65736267684
9712.65736267684
9712.65736267684
9712.65736267684
9712.65736267684
9712.65736267684
9712.65736267684
9712.65736267684
9712.65736267684
9712.65736267684
9712.65736267684
9712.65736267684
9712.65736267684
9712.65736267684
9712.65736267684
9712.65736267684
9712.65736267684
9712.65736267684
9712.65736267684
9712.65736267684
9712.65736267684
9712.65736267684
9712.65736267684
9712.65736267684
9712.65736267684
9712.65736267684
9712.65736267684
9712.65736267684
9712.65736267684
9712.65736267684
9712.65736267684
9712.65736267684
9712.65736267684
9712.65736267684
9712.65736267684
9712.65736267684
9712.65736267684
9712.65736267684
9712.65736267684
9712.65736267684
9712.65736267684
9712.65736267684
9712.65736267684
9712.65736267684
9717.90572875721
9712.65736267684
9712.65736267684
9712.65736267684
9712.65736267684
9712.65736267684
9712.65736267684
9712.65736267684
9712.65736267684
9712.65736267684
9712.65736267684
9712.65736267684
9712.65736267684
9712.65736267684
9712.65736267684
9712.65736267684
9712.65736267684
9712.65736267684
9712.65736267684
9712.65736267684
9712.65736267684
9712.65736267684
9712.65736267684
9712.65736267684
9712.65736267684
9712.65736267684
9712.65736267684
9712.65736267684
9712.65736267684
9712.65736267684
9712.65736267684
9712.65736267684
9712.65736267684
9712.65736267684
9712.65736267684
9712.65736267684
9712.65736267684
9712.65736267684
9712.65736267684
9712.65736267684
9712.65736267684
9712.65736267684
9712.65736267684
9712.65736267684
9712.65736267684
9712.65736267684
9712.65736267684
9712.65736267684
9712.65736267684
9712.65736267684
9712.65736267684
9712.65736267684
9712.65736267684
11763.073821215237
9712.65736267684
9712.65736267684
9712.65736267684
9712.65736267684
9712.65736267684
9712.65736267684
9712.65736267684
9712.65736267684
9712.65736267684
9712.65736267684
9712.65736267684
9712.65736267684
9712.65736267684
9712.65736267684
9712.65736267684
9712.65736267684
9712.65736267684
9712.65736267684
9712.65736267684
9712.65736267684
9712.65736267684
9712.65736267684
9712.65736267684
9712.65736267684
9712.65736267684
9712.65736267684
9712.65736267684
9712.65736267684
9712.65736267684
9712.65736267684
9712.65736267684
9712.65736267684
9712.65736267684
9712.65736267684
9712.65736267684
9712.65736267684
9712.65736267684
9712.65736267684
9712.65736267684
9712.65736267684
9712.65736267684
9712.65736267684
9712.65736267684
9712.65736267684
9712.65736267684
9712.65736267684
9712.65736267684
9712.65736267684
9712.65736267684
9712.65736267684
9712.65736267684
9712.65736267684
9717.90572875721
9712.65736267684
9712.65736267684
9712.65736267684
9712.65736267684
9712.65736267684
9712.65736267684
9712.65736267684
9712.65736267684
9712.65736267684
9712.65736267684
9712.65736267684
9712.65736267684
9712.65736267684
9712.65736267684
9712.65736267684
9712.65736267684
9712.65736267684
9712.65736267684
9712.65736267684
9712.65736267684
9712.65736267684
9712.65736267684
9712.65736267684
9712.65736267684
9712.65736267684
9712.65736267684
9712.65736267684
9712.65736267684
9712.65736267684
9712.65736267684
9712.65736267684
9712.65736267684
9712.65736267684
9712.65736267684
9712.65736267684
9712.65736267684
9712.65736267684
9712.65736267684
9712.65736267684
9712.65736267684
9712.65736267684
9712.65736267684
9712.65736267684
9712.65736267684
9712.65736267684
9712.65736267684
9712.65736267684
9712.65736267684
9712.65736267684
9712.65736267684
9712.65736267684
9712.65736267684
9712.65736267684
9712.65736267684
9712.65736267684
9712.65736267684
9712.65736267684
9712.65736267684
9712.65736267684
9712.65736267684
9712.65736267684
9712.65736267684
9712.65736267684
9712.65736267684
9712.65736267684
9712.65736267684
9712.65736267684
9712.65736267684
9712.65736267684
9712.65736267684
9712.65736267684
9712.65736267684
9712.65736267684
9712.65736267684
9712.65736267684
9712.65736267684
9712.65736267684
9712.65736267684
9712.65736267684
9712.65736267684
9712.65736267684
9712.65736267684
9712.65736267684
9712.65736267684
9712.65736267684
9712.65736267684
9712.65736267684
9712.65736267684
9712.65736267684
9712.65736267684
9712.65736267684
9712.65736267684
9712.65736267684
9712.65736267684
9712.65736267684
9712.65736267684
9712.65736267684
9712.65736267684
9712.65736267684
9712.65736267684
9712.65736267684
9712.65736267684
9712.65736267684
9712.65736267684
9712.65736267684
9712.65736267684
9712.65736267684
9712.65736267684
9712.65736267684
9712.65736267684
9712.65736267684
9712.65736267684
9712.65736267684
9712.65736267684
9712.65736267684
9712.65736267684
9712.65736267684
9712.65736267684
9712.65736267684
9712.65736267684
9712.65736267684
9712.65736267684
9712.65736267684
9712.65736267684
9712.65736267684
9712.65736267684
9712.65736267684
9712.65736267684
9712.65736267684
9712.65736267684
9712.65736267684
9712.65736267684
9712.65736267684
9712.65736267684
9712.65736267684
9712.65736267684
9712.65736267684
9712.65736267684
9712.65736267684
9712.65736267684
9712.65736267684
9712.65736267684
9712.65736267684
9712.65736267684
9712.65736267684
9712.65736267684
9712.65736267684
9712.65736267684
9712.65736267684
9712.65736267684
9712.65736267684
9712.65736267684
9712.65736267684
9712.65736267684
9712.65736267684
9712.65736267684
9712.65736267684
9712.65736267684
9712.65736267684
9712.65736267684
9712.65736267684
9712.65736267684
9712.65736267684
9712.65736267684
9712.65736267684
9712.65736267684
9712.65736267684
9712.65736267684
9712.65736267684
9712.65736267684
9712.65736267684
9712.65736267684
9712.65736267684
9712.65736267684
9712.65736267684
9712.65736267684
9712.65736267684
9712.65736267684
9712.65736267684
9712.65736267684
9712.65736267684
9712.65736267684
9712.65736267684
9712.65736267684
9712.65736267684
9712.65736267684
9712.65736267684
9712.65736267684
9712.65736267684
9712.65736267684
9712.65736267684
9712.65736267684
9712.65736267684
9712.65736267684
9712.65736267684
9712.65736267684
9712.65736267684
9712.65736267684
9712.65736267684
9712.65736267684
9712.65736267684
9712.65736267684
9712.65736267684
9712.65736267684
9712.65736267684
9712.65736267684
9712.65736267684
9712.65736267684
9712.65736267684
9712.65736267684
9712.65736267684
11617.097795663718
9712.65736267684
9712.65736267684
9712.65736267684
9712.65736267684
9712.65736267684
9712.65736267684
9712.65736267684
9712.65736267684
9712.65736267684
9712.65736267684
9712.65736267684
9712.65736267684
9712.65736267684
9712.65736267684
9712.65736267684
9712.65736267684
9712.65736267684
9712.65736267684
9712.65736267684
9712.65736267684
9712.65736267684
9712.65736267684
9712.65736267684
9712.65736267684
9712.65736267684
9712.65736267684
9712.65736267684
9712.65736267684
9712.65736267684
9712.65736267684
9712.65736267684
9712.65736267684
9712.65736267684
9712.65736267684
9712.65736267684
9712.65736267684
9712.65736267684
9712.65736267684
9712.65736267684
9712.65736267684
9712.65736267684
9712.65736267684
9712.65736267684
9712.65736267684
9712.65736267684
9712.65736267684
9712.65736267684
9712.65736267684
9712.65736267684
9712.65736267684
9712.65736267684
9712.65736267684
10465.248125286438
9712.65736267684
9712.65736267684
9712.65736267684
9712.65736267684
9712.65736267684
9712.65736267684
9712.65736267684
9712.65736267684
9712.65736267684
9712.65736267684
9712.65736267684
9712.65736267684
9712.65736267684
9712.65736267684
9712.65736267684
9712.65736267684
9712.65736267684
9712.65736267684
9712.65736267684
9712.65736267684
9712.65736267684
9712.65736267684
9712.65736267684
9712.65736267684
9712.65736267684
9712.65736267684
9712.65736267684
9712.65736267684
9712.65736267684
9712.65736267684
9712.65736267684
9712.65736267684
9712.65736267684
9712.65736267684
9712.65736267684
9712.65736267684
9712.65736267684
9712.65736267684
9712.65736267684
9712.65736267684
9712.65736267684
9712.65736267684
9712.65736267684
9712.65736267684
9712.65736267684
9712.65736267684
9712.65736267684
9712.65736267684
9712.65736267684
9712.65736267684
9712.65736267684
9712.65736267684
9712.65736267684
9712.65736267684
9712.65736267684
9712.65736267684
9712.65736267684
9712.65736267684
9712.65736267684
9712.65736267684
9712.65736267684
9712.65736267684
9712.65736267684
9712.65736267684
9712.65736267684
9712.65736267684
9712.65736267684
9712.65736267684
9712.65736267684
9712.65736267684
9712.65736267684
9712.65736267684
9712.65736267684
9712.65736267684
9712.65736267684
9712.65736267684
9712.65736267684
9712.65736267684
9712.65736267684
9712.65736267684
9712.65736267684
9712.65736267684
9712.65736267684
9712.65736267684
9712.65736267684
9712.65736267684
9712.65736267684
9712.65736267684
9712.65736267684
9712.65736267684
9712.65736267684
9712.65736267684
9712.65736267684
9712.65736267684
9712.65736267684
9712.65736267684
9712.65736267684
9712.65736267684
9712.65736267684
9712.65736267684
9712.65736267684
9712.65736267684
9712.65736267684
9712.65736267684
9712.65736267684
9712.65736267684
9712.65736267684
9712.65736267684
9712.65736267684
9712.65736267684
9712.65736267684
9712.65736267684
9712.65736267684
9712.65736267684
9712.65736267684
9712.65736267684
9712.65736267684
9712.65736267684
9712.65736267684
9712.65736267684
9712.65736267684
9712.65736267684
9712.65736267684
9712.65736267684
9712.65736267684
9712.65736267684
9712.65736267684
9712.65736267684
9712.65736267684
9712.65736267684
9712.65736267684
9712.65736267684
9712.65736267684
9712.65736267684
9712.65736267684
9712.65736267684
9712.65736267684
9712.65736267684
9712.65736267684
9712.65736267684
9712.65736267684
9712.65736267684
9712.65736267684
9712.65736267684
9712.65736267684
9712.65736267684
9712.65736267684
9712.65736267684
9712.65736267684
9712.65736267684
9712.65736267684
9712.65736267684
9712.65736267684
9712.65736267684
9712.65736267684
9712.65736267684
9712.65736267684
9712.65736267684
9712.65736267684
9712.65736267684
9712.65736267684
9712.65736267684
9712.65736267684
9712.65736267684
9712.65736267684
9712.65736267684
9712.65736267684
9712.65736267684
9712.65736267684
9712.65736267684
9712.65736267684
9712.65736267684
9712.65736267684
9712.65736267684
9712.65736267684
9712.65736267684
9712.65736267684
9712.65736267684
9712.65736267684
9712.65736267684
9712.65736267684
9712.65736267684
9712.65736267684
9712.65736267684
9712.65736267684
9712.65736267684
9712.65736267684
9712.65736267684
9712.65736267684
9712.65736267684
9712.65736267684
9712.65736267684
9712.65736267684
9712.65736267684
9712.65736267684
9712.65736267684
9712.65736267684
9712.65736267684
9712.65736267684
9712.65736267684
9712.65736267684
9712.65736267684
9712.65736267684
9712.65736267684
9712.65736267684
9712.65736267684
9712.65736267684
9712.65736267684
9712.65736267684
9712.65736267684
9712.65736267684
9712.65736267684
9712.65736267684
9712.65736267684
9712.65736267684
9712.65736267684
9712.65736267684
9712.65736267684
9712.65736267684
9712.65736267684
9712.65736267684
9712.65736267684
9712.65736267684
9712.65736267684
9712.65736267684
9712.65736267684
9712.65736267684
9712.65736267684
9712.65736267684
9712.65736267684
9712.65736267684
9712.65736267684
9712.65736267684
9712.65736267684
9712.65736267684
9712.65736267684
9712.65736267684
9712.65736267684
9712.65736267684
9712.65736267684
9712.65736267684
9712.65736267684
9712.65736267684
9712.65736267684
9712.65736267684
9712.65736267684
9712.65736267684
9712.65736267684
9712.65736267684
9712.65736267684
9712.65736267684
9712.65736267684
9712.65736267684
9712.65736267684
9712.65736267684
9712.65736267684
9712.65736267684
9712.65736267684
9712.65736267684
9712.65736267684
9712.65736267684
9712.65736267684
9712.65736267684
9712.65736267684
9712.65736267684
9712.65736267684
9712.65736267684
9712.65736267684
9712.65736267684
9712.65736267684
9712.65736267684
9712.65736267684
9712.65736267684
9712.65736267684
9712.65736267684
9712.65736267684
9712.65736267684
9712.65736267684
9712.65736267684
9712.65736267684
9712.65736267684
9712.65736267684
9712.65736267684
9712.65736267684
9712.65736267684
9712.65736267684
9712.65736267684
9712.65736267684
9712.65736267684
9712.65736267684
9712.65736267684
9712.65736267684
9712.65736267684
9712.65736267684
9712.65736267684
9712.65736267684
9712.65736267684
9712.65736267684
9712.65736267684
9712.65736267684
9712.65736267684
9712.65736267684
9712.65736267684
9712.65736267684
9712.65736267684
9712.65736267684
9712.65736267684
9712.65736267684
9712.65736267684
9712.65736267684
9712.65736267684
9712.65736267684
9712.65736267684
9712.65736267684
9712.65736267684
9712.65736267684
9712.65736267684
9712.65736267684
9712.65736267684
9712.65736267684
9712.65736267684
9712.65736267684
9712.65736267684
9712.65736267684
9712.65736267684
9712.65736267684
9712.65736267684
9712.65736267684
9712.65736267684
9712.65736267684
9712.65736267684
9712.65736267684
9712.65736267684
9712.65736267684
9712.65736267684
9712.65736267684
9712.65736267684
9712.65736267684
9712.65736267684
9712.65736267684
9712.65736267684
9712.65736267684
9712.65736267684
9712.65736267684
9712.65736267684
9712.65736267684
9712.65736267684
9712.65736267684
9712.65736267684
9712.65736267684
9712.65736267684
9712.65736267684
9712.65736267684
9712.65736267684
9712.65736267684
9712.65736267684
9712.65736267684
9712.65736267684
9712.65736267684
9712.65736267684
9712.65736267684
9712.65736267684
9712.65736267684
9712.65736267684
9712.65736267684
9712.65736267684
9712.65736267684
9712.65736267684
9712.65736267684
9712.65736267684
9712.65736267684
9712.65736267684
9712.65736267684
9712.65736267684
9712.65736267684
9712.65736267684
9712.65736267684
9712.65736267684
9712.65736267684
9712.65736267684
9712.65736267684
9712.65736267684
9712.65736267684
9712.65736267684
9712.65736267684
9712.65736267684
9712.65736267684
9712.65736267684
9712.65736267684
9712.65736267684
9712.65736267684
9712.65736267684
9712.65736267684
9712.65736267684
9712.65736267684
9712.65736267684
9712.65736267684
9712.65736267684
9712.65736267684
9712.65736267684
9712.65736267684
9712.65736267684
9712.65736267684
9712.65736267684
9712.65736267684
9712.65736267684
9712.65736267684
9712.65736267684
9712.65736267684
9712.65736267684
9712.65736267684
9712.65736267684
9712.65736267684
9712.65736267684
9712.65736267684
9712.65736267684
9712.65736267684
9712.65736267684
9712.65736267684
9712.65736267684
9712.65736267684
9712.65736267684
9712.65736267684
9712.65736267684
9712.65736267684
9712.65736267684
9712.65736267684
9712.65736267684
9712.65736267684
9712.65736267684
9712.65736267684
9712.65736267684
9712.65736267684
9712.65736267684
9712.65736267684
9712.65736267684
9712.65736267684
9712.65736267684
9712.65736267684
9712.65736267684
9712.65736267684
9712.65736267684
9712.65736267684
9712.65736267684
9712.65736267684
9712.65736267684
9712.65736267684
9712.65736267684
9712.65736267684
9712.65736267684
9712.65736267684
9712.65736267684
9712.65736267684
9712.65736267684
9712.65736267684
9712.65736267684
9712.65736267684
9712.65736267684
9712.65736267684
9712.65736267684
9712.65736267684
9712.65736267684
9712.65736267684
9712.65736267684
9712.65736267684
9712.65736267684
9712.65736267684
9712.65736267684
9712.65736267684
9712.65736267684
9712.65736267684
9712.65736267684
9712.65736267684
9712.65736267684
9712.65736267684
9712.65736267684
9712.65736267684
9712.65736267684
9712.65736267684
9712.65736267684
9712.65736267684
9712.65736267684
9712.65736267684
9712.65736267684
9712.65736267684
9712.65736267684
9712.65736267684
9712.65736267684
9712.65736267684
9712.65736267684
9712.65736267684
9712.65736267684
9712.65736267684
9712.65736267684
9712.65736267684
9712.65736267684
9712.65736267684
9712.65736267684
9712.65736267684
9712.65736267684
9712.65736267684
9712.65736267684
9712.65736267684
9712.65736267684
9712.65736267684
9712.65736267684
9712.65736267684
9712.65736267684
9712.65736267684
9712.65736267684
9712.65736267684
9712.65736267684
9712.65736267684
9712.65736267684
9712.65736267684
9712.65736267684
9712.65736267684
9712.65736267684
9712.65736267684
9712.65736267684
9712.65736267684
9712.65736267684
9712.65736267684
9712.65736267684
9712.65736267684
9712.65736267684
9712.65736267684
9712.65736267684
9712.65736267684
9712.65736267684
9712.65736267684
9712.65736267684
9712.65736267684
9712.65736267684
9712.65736267684
9712.65736267684
9712.65736267684
9712.65736267684
9712.65736267684
9712.65736267684
9712.65736267684
9712.65736267684
9712.65736267684
9712.65736267684
9712.65736267684
9712.65736267684
9712.65736267684
9712.65736267684
9712.65736267684
9712.65736267684
9712.65736267684
9712.65736267684
9712.65736267684
9712.65736267684
9712.65736267684
9712.65736267684
9712.65736267684
9712.65736267684
9712.65736267684
9712.65736267684
9712.65736267684
9712.65736267684
9712.65736267684
9712.65736267684
9712.65736267684
9712.65736267684
9712.65736267684
9712.65736267684
9712.65736267684
9712.65736267684
9712.65736267684
9712.65736267684
9712.65736267684
9712.65736267684
9712.65736267684
9712.65736267684
9712.65736267684
9712.65736267684
9712.65736267684
9712.65736267684
9712.65736267684
9712.65736267684
9712.65736267684
9712.65736267684
9712.65736267684
9712.65736267684
9712.65736267684
9712.65736267684
9712.65736267684
9712.65736267684
9712.65736267684
9712.65736267684
9712.65736267684
9712.65736267684
9712.65736267684
9712.65736267684
9712.65736267684
9712.65736267684
9712.65736267684
9712.65736267684
9712.65736267684
9712.65736267684
9712.65736267684
9712.65736267684
9712.65736267684
9712.65736267684
9712.65736267684
9712.65736267684
9712.65736267684
9712.65736267684
9712.65736267684
9712.65736267684
9712.65736267684
9712.65736267684
9712.65736267684
9712.65736267684
9712.65736267684
9712.65736267684
9712.65736267684
9712.65736267684
9712.65736267684
9712.65736267684
9712.65736267684
9712.65736267684
9712.65736267684
9712.65736267684
9712.65736267684
9712.65736267684
9712.65736267684
9712.65736267684
9712.65736267684
9712.65736267684
9712.65736267684
9712.65736267684
9712.65736267684
9717.90572875721
9712.65736267684
9712.65736267684
9712.65736267684
9712.65736267684
9712.65736267684
9712.65736267684
9712.65736267684
9712.65736267684
9712.65736267684
9712.65736267684
9712.65736267684
9712.65736267684
9712.65736267684
9712.65736267684
9712.65736267684
9712.65736267684
9712.65736267684
9712.65736267684
9712.65736267684
9712.65736267684
9712.65736267684
9712.65736267684
9712.65736267684
9712.65736267684
9712.65736267684
9712.65736267684
9712.65736267684
9712.65736267684
9712.65736267684
9712.65736267684
9712.65736267684
9712.65736267684
9712.65736267684
9712.65736267684
9712.65736267684
9712.65736267684
9712.65736267684
9712.65736267684
9712.65736267684
9712.65736267684
9712.65736267684
9712.65736267684
9712.65736267684
9712.65736267684
9712.65736267684
9712.65736267684
9712.65736267684
9712.65736267684
9712.65736267684
9712.65736267684
9712.65736267684
9712.65736267684
9712.65736267684
9712.65736267684
9712.65736267684
9712.65736267684
9712.65736267684
9712.65736267684
9712.65736267684
9712.65736267684
9712.65736267684
9712.65736267684
9712.65736267684
9712.65736267684
9712.65736267684
9712.65736267684
9712.65736267684
9712.65736267684
9712.65736267684
9712.65736267684
9712.65736267684
9712.65736267684
9712.65736267684
9712.65736267684
9712.65736267684
9712.65736267684
9712.65736267684
9712.65736267684
9712.65736267684
9712.65736267684
9712.65736267684
9712.65736267684
9712.65736267684
9712.65736267684
9712.65736267684
9712.65736267684
9712.65736267684
9712.65736267684
9712.65736267684
9712.65736267684
9712.65736267684
9712.65736267684
9712.65736267684
9712.65736267684
9712.65736267684
9712.65736267684
9712.65736267684
9712.65736267684
9712.65736267684
9712.65736267684
9712.65736267684
9712.65736267684
9712.65736267684
9712.65736267684
9712.65736267684
9712.65736267684
9712.65736267684
9712.65736267684
9712.65736267684
9712.65736267684
9712.65736267684
9712.65736267684
9712.65736267684
9712.65736267684
9712.65736267684
9712.65736267684
9712.65736267684
9712.65736267684
9712.65736267684
9712.65736267684
9712.65736267684
9712.65736267684
9712.65736267684
9712.65736267684
9712.65736267684
9712.65736267684
9712.65736267684
9712.65736267684
9712.65736267684
9712.65736267684
9712.65736267684
9712.65736267684
9712.65736267684
9712.65736267684
9712.65736267684
9712.65736267684
9712.65736267684
9712.65736267684
9712.65736267684
9712.65736267684
9712.65736267684
9712.65736267684
9712.65736267684
9712.65736267684
9712.65736267684
9712.65736267684
9712.65736267684
9712.65736267684
9712.65736267684
9712.65736267684
9712.65736267684
9712.65736267684
9712.65736267684
9712.65736267684
9712.65736267684
9712.65736267684
9712.65736267684
9712.65736267684
12249.073007247265
9712.65736267684
9712.65736267684
9712.65736267684
9712.65736267684
9712.65736267684
9712.65736267684
9712.65736267684
9712.65736267684
9712.65736267684
9712.65736267684
9712.65736267684
9712.65736267684
9712.65736267684
9712.65736267684
9712.65736267684
9712.65736267684
9712.65736267684
9712.65736267684
9712.65736267684
9712.65736267684
9712.65736267684
9712.65736267684
9712.65736267684
9712.65736267684
9712.65736267684
9712.65736267684
9712.65736267684
9712.65736267684
9712.65736267684
9712.65736267684
9712.65736267684
9712.65736267684
9712.65736267684
9712.65736267684
9712.65736267684
9712.65736267684
9712.65736267684
9712.65736267684
9712.65736267684
9712.65736267684
9712.65736267684
9712.65736267684
9712.65736267684
9712.65736267684
9712.65736267684
9712.65736267684
9712.65736267684
9712.65736267684
9712.65736267684
9712.65736267684
9712.65736267684
9712.65736267684
9712.65736267684
9712.65736267684
9712.65736267684
9712.65736267684
9712.65736267684
9712.65736267684
9712.65736267684
9712.65736267684
9712.65736267684
9712.65736267684
9712.65736267684
9712.65736267684
9712.65736267684
9712.65736267684
9712.65736267684
9712.65736267684
9712.65736267684
9712.65736267684
9712.65736267684
9712.65736267684
9712.65736267684
9712.65736267684
9712.65736267684
9712.65736267684
9712.65736267684
9712.65736267684
9712.65736267684
9712.65736267684
9712.65736267684
9712.65736267684
9712.65736267684
9712.65736267684
9712.65736267684
9712.65736267684
9712.65736267684
9712.65736267684
9712.65736267684
9712.65736267684
9712.65736267684
9712.65736267684
9712.65736267684
9712.65736267684
9712.65736267684
9712.65736267684
9712.65736267684
9712.65736267684
9712.65736267684
9712.65736267684
9712.65736267684
9712.65736267684
9712.65736267684
9712.65736267684
9712.65736267684
9712.65736267684
9712.65736267684
9712.65736267684
9712.65736267684
9712.65736267684
9712.65736267684
9712.65736267684
9712.65736267684
9712.65736267684
9712.65736267684
9712.65736267684
9712.65736267684
9712.65736267684
9712.65736267684
9712.65736267684
9712.65736267684
9712.65736267684
9712.65736267684
9712.65736267684
9712.65736267684
9712.65736267684
9712.65736267684
9712.65736267684
9712.65736267684
9712.65736267684
9712.65736267684
9712.65736267684
9712.65736267684
9712.65736267684
9712.65736267684
9712.65736267684
9712.65736267684
9712.65736267684
9712.65736267684
9712.65736267684
9712.65736267684
9712.65736267684
9712.65736267684
9712.65736267684
9712.65736267684
9712.65736267684
9712.65736267684
9712.65736267684
9712.65736267684
9712.65736267684
9712.65736267684
9712.65736267684
9712.65736267684
9712.65736267684
9712.65736267684
9712.65736267684
9712.65736267684
9712.65736267684
9712.65736267684
9712.65736267684
9712.65736267684
9712.65736267684
9712.65736267684
9712.65736267684
9712.65736267684
9712.65736267684
9712.65736267684
9712.65736267684
9712.65736267684
9712.65736267684
9712.65736267684
9712.65736267684
9712.65736267684
9712.65736267684
9712.65736267684
9712.65736267684
9712.65736267684
9712.65736267684
9712.65736267684
9712.65736267684
9712.65736267684
9712.65736267684
9712.65736267684
9712.65736267684
9712.65736267684
9712.65736267684
9712.65736267684
9712.65736267684
9712.65736267684
9712.65736267684
9712.65736267684
9712.65736267684
9712.65736267684
9712.65736267684
9712.65736267684
9712.65736267684
9712.65736267684
9712.65736267684
9712.65736267684
9712.65736267684
9712.65736267684
9712.65736267684
9712.65736267684
9712.65736267684
9712.65736267684
9712.65736267684
9712.65736267684
9712.65736267684
9712.65736267684
9712.65736267684
9712.65736267684
9712.65736267684
9712.65736267684
9712.65736267684
9712.65736267684
9712.65736267684
9712.65736267684
9712.65736267684
9712.65736267684
9712.65736267684
9712.65736267684
9712.65736267684
9712.65736267684
9712.65736267684
9712.65736267684
9712.65736267684
9712.65736267684
9712.65736267684
9712.65736267684
9712.65736267684
9712.65736267684
9712.65736267684
9712.65736267684
9712.65736267684
9712.65736267684
9712.65736267684
9712.65736267684
9712.65736267684
9712.65736267684
9712.65736267684
9712.65736267684
9712.65736267684
9712.65736267684
9712.65736267684
9712.65736267684
9712.65736267684
9712.65736267684
9712.65736267684
9712.65736267684
9712.65736267684
9712.65736267684
9712.65736267684
9712.65736267684
9712.65736267684
9712.65736267684
9712.65736267684
9712.65736267684
9712.65736267684
9712.65736267684
9712.65736267684
9712.65736267684
9712.65736267684
9712.65736267684
9712.65736267684
9712.65736267684
9712.65736267684
9712.65736267684
9712.65736267684
9712.65736267684
9712.65736267684
9712.65736267684
9712.65736267684
9712.65736267684
9712.65736267684
9712.65736267684
9712.65736267684
9712.65736267684
9712.65736267684
9712.65736267684
9712.65736267684
9712.65736267684
9712.65736267684
9712.65736267684
9712.65736267684
9712.65736267684
9712.65736267684
9712.65736267684
9712.65736267684
9712.65736267684
9712.65736267684
9712.65736267684
9712.65736267684
9712.65736267684
9712.65736267684
9712.65736267684
9712.65736267684
9712.65736267684
9712.65736267684
9712.65736267684
9712.65736267684
9712.65736267684
9712.65736267684
9712.65736267684
9712.65736267684
9712.65736267684
9712.65736267684
9712.65736267684
9712.65736267684
9712.65736267684
9712.65736267684
9712.65736267684
9712.65736267684
9712.65736267684
9712.65736267684
9712.65736267684
9712.65736267684
9712.65736267684
9712.65736267684
9712.65736267684
9712.65736267684
9712.65736267684
9712.65736267684
9712.65736267684
9712.65736267684
9712.65736267684
9712.65736267684
9712.65736267684
9712.65736267684
9712.65736267684
9712.65736267684
9712.65736267684
9712.65736267684
9712.65736267684
9712.65736267684
9712.65736267684
9712.65736267684
9712.65736267684
9712.65736267684
9712.65736267684
9712.65736267684
9712.65736267684
9712.65736267684
9712.65736267684
9712.65736267684
9712.65736267684
9712.65736267684
9712.65736267684
9712.65736267684
9712.65736267684
9712.65736267684
9712.65736267684
9712.65736267684
9712.65736267684
9712.65736267684
9712.65736267684
9712.65736267684
9712.65736267684
9712.65736267684
9712.65736267684
9712.65736267684
9712.65736267684
9712.65736267684
9712.65736267684
9712.65736267684
9712.65736267684
9712.65736267684
9712.65736267684
9712.65736267684
9712.65736267684
9712.65736267684
9712.65736267684
9712.65736267684
9712.65736267684
9712.65736267684
9712.65736267684
9712.65736267684
9712.65736267684
9712.65736267684
9712.65736267684
9712.65736267684
9712.65736267684
9712.65736267684
9712.65736267684
9712.65736267684
9712.65736267684
9712.65736267684
9712.65736267684
9712.65736267684
9712.65736267684
9712.65736267684
9712.65736267684
9712.65736267684
9712.65736267684
9712.65736267684
9712.65736267684
9712.65736267684
9712.65736267684
9712.65736267684
9712.65736267684
9712.65736267684
9712.65736267684
9712.65736267684
9712.65736267684
9712.65736267684
9712.65736267684
9712.65736267684
9712.65736267684
9712.65736267684
9712.65736267684
9712.65736267684
9712.65736267684
9712.65736267684
9712.65736267684
9712.65736267684
9712.65736267684
9712.65736267684
9712.65736267684
9712.65736267684
9712.65736267684
9712.65736267684
9712.65736267684
9712.65736267684
9712.65736267684
9712.65736267684
9712.65736267684
9712.65736267684
9712.65736267684
9712.65736267684
9712.65736267684
9712.65736267684
9712.65736267684
9712.65736267684
9712.65736267684
9712.65736267684
9712.65736267684
9712.65736267684
9712.65736267684
9712.65736267684
9712.65736267684
9712.65736267684
9712.65736267684
9712.65736267684
9712.65736267684
9712.65736267684
9712.65736267684
9712.65736267684
9712.65736267684
9712.65736267684
9712.65736267684
9712.65736267684
9712.65736267684
9712.65736267684
9712.65736267684
9712.65736267684
9712.65736267684
9712.65736267684
9712.65736267684
9712.65736267684
9712.65736267684
9712.65736267684
9712.65736267684
9712.65736267684
9712.65736267684
9712.65736267684
9712.65736267684
9712.65736267684
9712.65736267684
9712.65736267684
9712.65736267684
9712.65736267684
9712.65736267684
9712.65736267684
9712.65736267684
9712.65736267684
9712.65736267684
9712.65736267684
9712.65736267684
9712.65736267684
9712.65736267684
9712.65736267684
9712.65736267684
9712.65736267684
9712.65736267684
9712.65736267684
9712.65736267684
9712.65736267684
9712.65736267684
9712.65736267684
9712.65736267684
9712.65736267684
9712.65736267684
9712.65736267684
9712.65736267684
9712.65736267684
9712.65736267684
9712.65736267684
9712.65736267684
9712.65736267684
9712.65736267684
9712.65736267684
9712.65736267684
9712.65736267684
9712.65736267684
9712.65736267684
9712.65736267684
9712.65736267684
9712.65736267684
9712.65736267684
9712.65736267684
9712.65736267684
9712.65736267684
9712.65736267684
9712.65736267684
9712.65736267684
9712.65736267684
9712.65736267684
9712.65736267684
9712.65736267684
9712.65736267684
9712.65736267684
9712.65736267684
9712.65736267684
9712.65736267684
9712.65736267684
9712.65736267684
9712.65736267684
9712.65736267684
9712.65736267684
9712.65736267684
9712.65736267684
9712.65736267684
9712.65736267684
9712.65736267684
9712.65736267684
9712.65736267684
9712.65736267684
9712.65736267684
9712.65736267684
9712.65736267684
9712.65736267684
9712.65736267684
9712.65736267684
9712.65736267684
9712.65736267684
9712.65736267684
9712.65736267684
9712.65736267684
9712.65736267684
9712.65736267684
9712.65736267684
9712.65736267684
9712.65736267684
9712.65736267684
9712.65736267684
9712.65736267684
9712.65736267684
9712.65736267684
9712.65736267684
9712.65736267684
9712.65736267684
9712.65736267684
9712.65736267684
9712.65736267684
9712.65736267684
9712.65736267684
9712.65736267684
9712.65736267684
9712.65736267684
9712.65736267684
9712.65736267684
9712.65736267684
9712.65736267684
9712.65736267684
9712.65736267684
9712.65736267684
9712.65736267684
9712.65736267684
9712.65736267684
9712.65736267684
9712.65736267684
9712.65736267684
9712.65736267684
9712.65736267684
9712.65736267684
9712.65736267684
9712.65736267684
9712.65736267684
9712.65736267684
9712.65736267684
9712.65736267684
9712.65736267684
9712.65736267684
9712.65736267684
9712.65736267684
9712.65736267684
9712.65736267684
9712.65736267684
9712.65736267684
9712.65736267684
9712.65736267684
9712.65736267684
9712.65736267684
9712.65736267684
9712.65736267684
9712.65736267684
9712.65736267684
9712.65736267684
9712.65736267684
9712.65736267684
9712.65736267684
9712.65736267684
9712.65736267684
9712.65736267684
9712.65736267684
9712.65736267684
9712.65736267684
9712.65736267684
9712.65736267684
9712.65736267684
9712.65736267684
9712.65736267684
9712.65736267684
9712.65736267684
9712.65736267684
9712.65736267684
9712.65736267684
9712.65736267684
9712.65736267684
9712.65736267684
9712.65736267684
9712.65736267684
9712.65736267684
9712.65736267684
9712.65736267684
9712.65736267684
9712.65736267684
9712.65736267684
9712.65736267684
9712.65736267684
9712.65736267684
9712.65736267684
9712.65736267684
9712.65736267684
9712.65736267684
9712.65736267684
9712.65736267684
9712.65736267684
9712.65736267684
9712.65736267684
9712.65736267684
9712.65736267684
9712.65736267684
9712.65736267684
9712.65736267684
9712.65736267684
9712.65736267684
9712.65736267684
9712.65736267684
9712.65736267684
9712.65736267684
9712.65736267684
9712.65736267684
9712.65736267684
9712.65736267684
9712.65736267684
9712.65736267684
9712.65736267684
9712.65736267684
9712.65736267684
9712.65736267684
9712.65736267684
9712.65736267684
9712.65736267684
9712.65736267684
9712.65736267684
9712.65736267684
9712.65736267684
9712.65736267684
9712.65736267684
9712.65736267684
9712.65736267684
9712.65736267684
9712.65736267684
9712.65736267684
9712.65736267684
9712.65736267684
9712.65736267684
9712.65736267684
9712.65736267684
9712.65736267684
9712.65736267684
9712.65736267684
9712.65736267684
9712.65736267684
9712.65736267684
9712.65736267684
9712.65736267684
9712.65736267684
9712.65736267684
9712.65736267684
9712.65736267684
9712.65736267684
9712.65736267684
9712.65736267684
9712.65736267684
9712.65736267684
9712.65736267684
9712.65736267684
9712.65736267684
9712.65736267684
9712.65736267684
9712.65736267684
9712.65736267684
9712.65736267684
9712.65736267684
9712.65736267684
9712.65736267684
9712.65736267684
9712.65736267684
9712.65736267684
9712.65736267684
9712.65736267684
9712.65736267684
9712.65736267684
9712.65736267684
9712.65736267684
9712.65736267684
9712.65736267684
9712.65736267684
9712.65736267684
9712.65736267684
9712.65736267684
9712.65736267684
9712.65736267684
9712.65736267684
9712.65736267684
9712.65736267684
9712.65736267684
9712.65736267684
9712.65736267684
9712.65736267684
9712.65736267684
9712.65736267684
9712.65736267684
9712.65736267684
9712.65736267684
9712.65736267684
9712.65736267684
9712.65736267684
9712.65736267684
9712.65736267684
9712.65736267684
9712.65736267684
9712.65736267684
9712.65736267684
9712.65736267684
9712.65736267684
9712.65736267684
9712.65736267684
9712.65736267684
9712.65736267684
9712.65736267684
9712.65736267684
9712.65736267684
9712.65736267684
9712.65736267684
9712.65736267684
9712.65736267684
9712.65736267684
9712.65736267684
9712.65736267684
9712.65736267684
9712.65736267684
9712.65736267684
9712.65736267684
9712.65736267684
9712.65736267684
9712.65736267684
9712.65736267684
9712.65736267684
9712.65736267684
9712.65736267684
9712.65736267684
9712.65736267684
9712.65736267684
9712.65736267684
9712.65736267684
9712.65736267684
9712.65736267684
9712.65736267684
9712.65736267684
9712.65736267684
9712.65736267684
9712.65736267684
9712.65736267684
9712.65736267684
9712.65736267684
9712.65736267684
9712.65736267684
9712.65736267684
9712.65736267684
9712.65736267684
9712.65736267684
9712.65736267684
9712.65736267684
9712.65736267684
9712.65736267684
9712.65736267684
9712.65736267684
9712.65736267684
9712.65736267684
9712.65736267684
9712.65736267684
9712.65736267684
9712.65736267684
9712.65736267684
9712.65736267684
9712.65736267684
9712.65736267684
9712.65736267684
9712.65736267684
9712.65736267684
9712.65736267684
9712.65736267684
9712.65736267684
9712.65736267684
9712.65736267684
9712.65736267684
9712.65736267684
9712.65736267684
9712.65736267684
9712.65736267684
9712.65736267684
9712.65736267684
9712.65736267684
9712.65736267684
9712.65736267684
9712.65736267684
9712.65736267684
9712.65736267684
9712.65736267684
9712.65736267684
9712.65736267684
9712.65736267684
9712.65736267684
9712.65736267684
9712.65736267684
9712.65736267684
9712.65736267684
9712.65736267684
9712.65736267684
9712.65736267684
9712.65736267684
9712.65736267684
9712.65736267684
9712.65736267684
9712.65736267684
9712.65736267684
9712.65736267684
9712.65736267684
9712.65736267684
9712.65736267684
9712.65736267684
9712.65736267684
9712.65736267684
9712.65736267684
9712.65736267684
9712.65736267684
9712.65736267684
9712.65736267684
9712.65736267684
9712.65736267684
9712.65736267684
9712.65736267684
9712.65736267684
9712.65736267684
9712.65736267684
9712.65736267684
9712.65736267684
9712.65736267684
9712.65736267684
9712.65736267684
9712.65736267684
9712.65736267684
9712.65736267684
9712.65736267684
9712.65736267684
9712.65736267684
9712.65736267684
9712.65736267684
9712.65736267684
9712.65736267684
9712.65736267684
9712.65736267684
9712.65736267684
9712.65736267684
9712.65736267684
9712.65736267684
9712.65736267684
9712.65736267684
9712.65736267684
9712.65736267684
9712.65736267684
9712.65736267684
9712.65736267684
9712.65736267684
9712.65736267684
9712.65736267684
9712.65736267684
9712.65736267684
9712.65736267684
9712.65736267684
9712.65736267684
9712.65736267684
9712.65736267684
9712.65736267684
9712.65736267684
9712.65736267684
9712.65736267684
9712.65736267684
9712.65736267684
9712.65736267684
9712.65736267684
9712.65736267684
9712.65736267684
9712.65736267684
9712.65736267684
9712.65736267684
9712.65736267684
9712.65736267684
9712.65736267684
9712.65736267684
9712.65736267684
9712.65736267684
9712.65736267684
9712.65736267684
9712.65736267684
9712.65736267684
9712.65736267684
9712.65736267684
9712.65736267684
9712.65736267684
9712.65736267684
9712.65736267684
9712.65736267684
9712.65736267684
9712.65736267684
9712.65736267684
9712.65736267684
9712.65736267684
9712.65736267684
9712.65736267684
9712.65736267684
9712.65736267684
9712.65736267684
9712.65736267684
9712.65736267684
9712.65736267684
9712.65736267684
9712.65736267684
9712.65736267684
9712.65736267684
9712.65736267684
9712.65736267684
9712.65736267684
9712.65736267684
9712.65736267684
9712.65736267684
9712.65736267684
9712.65736267684
9712.65736267684
9712.65736267684
9712.65736267684
9712.65736267684
9712.65736267684
9712.65736267684
9712.65736267684
9712.65736267684
9712.65736267684
9712.65736267684
9712.65736267684
9712.65736267684
9712.65736267684
9712.65736267684
9712.65736267684
9712.65736267684
9712.65736267684
9712.65736267684
9712.65736267684
9712.65736267684
9712.65736267684
9712.65736267684
9712.65736267684
9712.65736267684
9712.65736267684
9712.65736267684
9712.65736267684
9712.65736267684
9712.65736267684
9712.65736267684
9712.65736267684
9712.65736267684
9712.65736267684
9712.65736267684
9712.65736267684
9712.65736267684
9712.65736267684
9712.65736267684
9712.65736267684
9712.65736267684
9712.65736267684
9712.65736267684
9712.65736267684
9712.65736267684
9712.65736267684
9712.65736267684
9712.65736267684
9712.65736267684
9712.65736267684
9712.65736267684
9712.65736267684
9712.65736267684
9712.65736267684
9712.65736267684
9712.65736267684
9712.65736267684
9712.65736267684
9712.65736267684
9712.65736267684
9712.65736267684
9712.65736267684
9712.65736267684
9712.65736267684
9712.65736267684
9712.65736267684
9712.65736267684
9712.65736267684
9712.65736267684
9712.65736267684
9712.65736267684
9712.65736267684
9712.65736267684
9712.65736267684
9712.65736267684
9712.65736267684
9712.65736267684
9712.65736267684
9712.65736267684
9712.65736267684
9712.65736267684
9712.65736267684
9712.65736267684
9712.65736267684
9712.65736267684
9712.65736267684
9712.65736267684
9712.65736267684
9712.65736267684
9712.65736267684
9712.65736267684
9712.65736267684
9712.65736267684
9712.65736267684
9712.65736267684
9712.65736267684
9712.65736267684
9712.65736267684
9712.65736267684
9712.65736267684
9712.65736267684
9712.65736267684
9712.65736267684
9712.65736267684
9712.65736267684
9712.65736267684
9712.65736267684
9712.65736267684
9712.65736267684
9712.65736267684
9712.65736267684
9712.65736267684
9712.65736267684
9712.65736267684
9712.65736267684
9712.65736267684
9712.65736267684
9712.65736267684
9712.65736267684
9712.65736267684
9712.65736267684
9712.65736267684
9712.65736267684
9712.65736267684
9712.65736267684
9712.65736267684
9712.65736267684
9712.65736267684
9712.65736267684
9712.65736267684
9712.65736267684
9712.65736267684
9712.65736267684
9712.65736267684
9712.65736267684
9712.65736267684
9712.65736267684
9712.65736267684
9712.65736267684
9712.65736267684
9712.65736267684
9712.65736267684
9712.65736267684
9712.65736267684
9712.65736267684
9712.65736267684
9712.65736267684
9712.65736267684
9712.65736267684
9712.65736267684
9712.65736267684
9712.65736267684
9712.65736267684
9712.65736267684
9712.65736267684
9712.65736267684
9712.65736267684
9712.65736267684
9712.65736267684
9712.65736267684
9712.65736267684
9712.65736267684
9712.65736267684
9712.65736267684
9712.65736267684
9712.65736267684
9712.65736267684
9712.65736267684
9712.65736267684
9712.65736267684
9712.65736267684
9712.65736267684
9712.65736267684
9712.65736267684
9712.65736267684
9712.65736267684
9712.65736267684
9712.65736267684
9712.65736267684
9712.65736267684
9712.65736267684
9712.65736267684
9712.65736267684
9712.65736267684
9712.65736267684
9712.65736267684
9712.65736267684
9712.65736267684
9712.65736267684
9712.65736267684
9712.65736267684
9712.65736267684
9712.65736267684
9712.65736267684
9712.65736267684
9712.65736267684
9712.65736267684
9712.65736267684
9712.65736267684
9712.65736267684
9712.65736267684
9712.65736267684
9712.65736267684
9712.65736267684
9712.65736267684
9712.65736267684
9712.65736267684
9712.65736267684
9712.65736267684
9712.65736267684
9712.65736267684
9712.65736267684
9712.65736267684
9712.65736267684
9712.65736267684
9712.65736267684
9712.65736267684
9712.65736267684
9712.65736267684
9712.65736267684
9712.65736267684
9712.65736267684
9712.65736267684
9712.65736267684
9712.65736267684
9712.65736267684
9712.65736267684
9712.65736267684
9712.65736267684
9712.65736267684
9712.65736267684
9712.65736267684
9712.65736267684
9712.65736267684
9712.65736267684
9712.65736267684
9712.65736267684
9712.65736267684
9712.65736267684
9712.65736267684
9712.65736267684
9712.65736267684
9712.65736267684
9712.65736267684
9712.65736267684
9712.65736267684
9712.65736267684
9712.65736267684
9712.65736267684
9712.65736267684
9712.65736267684
9712.65736267684
9712.65736267684
9712.65736267684
9712.65736267684
9712.65736267684
9712.65736267684
9712.65736267684
9712.65736267684
9712.65736267684
9712.65736267684
9712.65736267684
9712.65736267684
9712.65736267684
9712.65736267684
9712.65736267684
9712.65736267684
9712.65736267684
9712.65736267684
9712.65736267684
9712.65736267684
9712.65736267684
9712.65736267684
9712.65736267684
9712.65736267684
9712.65736267684
9712.65736267684
9712.65736267684
9712.65736267684
9712.65736267684
9712.65736267684
9712.65736267684
9712.65736267684
9712.65736267684
9712.65736267684
9712.65736267684
9712.65736267684
9712.65736267684
9712.65736267684
9712.65736267684
9712.65736267684
9712.65736267684
9712.65736267684
9712.65736267684
9712.65736267684
9712.65736267684
9712.65736267684
9712.65736267684
9712.65736267684
9712.65736267684
9712.65736267684
9712.65736267684
9712.65736267684
9712.65736267684
9712.65736267684
9712.65736267684
9712.65736267684
9712.65736267684
9712.65736267684
9712.65736267684
9712.65736267684
9712.65736267684
9712.65736267684
9712.65736267684
9712.65736267684
9712.65736267684
9712.65736267684
9712.65736267684
9712.65736267684
9712.65736267684
9712.65736267684
9712.65736267684
9712.65736267684
9712.65736267684
9712.65736267684
9712.65736267684
9712.65736267684
9712.65736267684
9712.65736267684
9712.65736267684
9712.65736267684
9712.65736267684
9712.65736267684
9712.65736267684
9712.65736267684
9712.65736267684
9712.65736267684
9712.65736267684
9712.65736267684
9712.65736267684
9712.65736267684
9712.65736267684
9712.65736267684
9712.65736267684
9712.65736267684
9712.65736267684
9712.65736267684
9712.65736267684
9712.65736267684
9712.65736267684
9712.65736267684
9712.65736267684
9712.65736267684
9712.65736267684
9712.65736267684
9712.65736267684
9712.65736267684
9712.65736267684
9712.65736267684
9712.65736267684
9712.65736267684
9712.65736267684
9712.65736267684
9712.65736267684
9712.65736267684
9712.65736267684
9712.65736267684
9712.65736267684
9712.65736267684
9712.65736267684
9712.65736267684
9712.65736267684
9712.65736267684
9712.65736267684
9712.65736267684
9712.65736267684
9712.65736267684
9712.65736267684
9712.65736267684
9712.65736267684
9712.65736267684
9712.65736267684
9712.65736267684
9712.65736267684
9712.65736267684
9712.65736267684
9712.65736267684
9712.65736267684
9712.65736267684
9712.65736267684
9712.65736267684
9712.65736267684
9712.65736267684
9712.65736267684
9712.65736267684
9712.65736267684
9712.65736267684
9712.65736267684
9712.65736267684
9712.65736267684
9712.65736267684
9712.65736267684
9712.65736267684
9712.65736267684
9712.65736267684
9712.65736267684
9712.65736267684
9712.65736267684
9712.65736267684
9712.65736267684
9712.65736267684
9712.65736267684
9712.65736267684
9712.65736267684
9712.65736267684
9712.65736267684
9712.65736267684
9712.65736267684
9712.65736267684
9712.65736267684
9712.65736267684
9712.65736267684
9712.65736267684
9712.65736267684
9712.65736267684
9712.65736267684
9712.65736267684
9712.65736267684
9712.65736267684
9712.65736267684
9712.65736267684
9712.65736267684
9712.65736267684
9712.65736267684
9712.65736267684
9712.65736267684
9712.65736267684
9712.65736267684
9712.65736267684
9712.65736267684
9712.65736267684
9712.65736267684
9712.65736267684
9712.65736267684
9712.65736267684
9712.65736267684
9712.65736267684
9712.65736267684
9712.65736267684
9712.65736267684
9712.65736267684
9712.65736267684
9712.65736267684
9712.65736267684
9712.65736267684
9712.65736267684
9712.65736267684
9712.65736267684
9712.65736267684
9712.65736267684
9712.65736267684
9712.65736267684
9712.65736267684
9712.65736267684
9712.65736267684
9712.65736267684
9712.65736267684
9712.65736267684
9712.65736267684
9712.65736267684
9712.65736267684
9712.65736267684
9712.65736267684
9712.65736267684
9712.65736267684
9712.65736267684
9712.65736267684
9712.65736267684
9712.65736267684
9712.65736267684
9712.65736267684
9712.65736267684
9712.65736267684
9712.65736267684
9712.65736267684
9712.65736267684
9712.65736267684
9712.65736267684
9712.65736267684
9712.65736267684
9712.65736267684
9712.65736267684
9712.65736267684
9712.65736267684
9712.65736267684
9712.65736267684
9712.65736267684
9712.65736267684
9712.65736267684
9712.65736267684
9712.65736267684
9712.65736267684
9712.65736267684
9712.65736267684
9712.65736267684
9712.65736267684
9712.65736267684
9712.65736267684
9712.65736267684
9712.65736267684
9712.65736267684
9712.65736267684
9712.65736267684
9712.65736267684
9712.65736267684
9712.65736267684
9712.65736267684
9712.65736267684
9712.65736267684
9712.65736267684
9712.65736267684
9712.65736267684
9712.65736267684
9712.65736267684
9712.65736267684
9712.65736267684
9712.65736267684
9712.65736267684
9712.65736267684
9712.65736267684
9712.65736267684
9712.65736267684
9712.65736267684
9712.65736267684
9712.65736267684
9712.65736267684
9712.65736267684
9712.65736267684
9712.65736267684
9712.65736267684
9712.65736267684
9712.65736267684
9712.65736267684
9712.65736267684
9712.65736267684
9712.65736267684
9712.65736267684
9712.65736267684
9712.65736267684
9712.65736267684
9712.65736267684
9712.65736267684
9712.65736267684
9712.65736267684
9712.65736267684
9712.65736267684
9712.65736267684
9712.65736267684
9712.65736267684
9712.65736267684
9712.65736267684
9712.65736267684
9712.65736267684
9712.65736267684
9712.65736267684
9712.65736267684
9712.65736267684
9712.65736267684
9712.65736267684
9712.65736267684
9712.65736267684
9712.65736267684
9712.65736267684
9712.65736267684
9712.65736267684
9712.65736267684
9712.65736267684
9712.65736267684
9712.65736267684
9712.65736267684
9712.65736267684
9712.65736267684
9712.65736267684
9712.65736267684
9712.65736267684
9712.65736267684
9712.65736267684
9712.65736267684
9712.65736267684
9712.65736267684
9712.65736267684
9712.65736267684
9712.65736267684
9712.65736267684
9712.65736267684
9712.65736267684
9712.65736267684
9712.65736267684
9712.65736267684
9712.65736267684
9712.65736267684
9712.65736267684
9712.65736267684
9712.65736267684
9712.65736267684
9712.65736267684
9712.65736267684
9712.65736267684
9712.65736267684
9712.65736267684
9712.65736267684
9712.65736267684
9712.65736267684
9712.65736267684
9712.65736267684
9712.65736267684
9712.65736267684
9712.65736267684
9712.65736267684
9712.65736267684
9712.65736267684
9712.65736267684
9712.65736267684
9712.65736267684
9712.65736267684
9712.65736267684
9712.65736267684
9712.65736267684
9712.65736267684
9712.65736267684
9712.65736267684
9712.65736267684
9712.65736267684
9712.65736267684
9712.65736267684
9712.65736267684
9712.65736267684
9712.65736267684
9712.65736267684
9712.65736267684
9712.65736267684
9712.65736267684
9712.65736267684
9712.65736267684
9712.65736267684
9712.65736267684
9712.65736267684
9712.65736267684
9712.65736267684
9712.65736267684
9712.65736267684
9712.65736267684
9712.65736267684
9712.65736267684
9712.65736267684
9712.65736267684
9712.65736267684
9712.65736267684
9712.65736267684
9712.65736267684
9712.65736267684
9712.65736267684
9712.65736267684
9712.65736267684
9712.65736267684
9712.65736267684
9712.65736267684
9712.65736267684
9712.65736267684
9712.65736267684
9712.65736267684
9712.65736267684
9712.65736267684
9712.65736267684
9712.65736267684
9712.65736267684
9712.65736267684
9712.65736267684
9712.65736267684
9712.65736267684
9712.65736267684
9712.65736267684
9712.65736267684
9712.65736267684
9712.65736267684
9712.65736267684
9712.65736267684
9712.65736267684
9712.65736267684
9712.65736267684
9712.65736267684
9712.65736267684
9712.65736267684
9712.65736267684
9712.65736267684
9712.65736267684
9712.65736267684
9712.65736267684
9712.65736267684
9712.65736267684
9712.65736267684
9712.65736267684
9712.65736267684
9712.65736267684
9712.65736267684
9712.65736267684
9712.65736267684
9712.65736267684
9712.65736267684
9712.65736267684
9712.65736267684
9712.65736267684
9712.65736267684
9712.65736267684
9712.65736267684
9712.65736267684
9712.65736267684
9712.65736267684
9712.65736267684
9712.65736267684
9712.65736267684
9712.65736267684
9712.65736267684
9712.65736267684
9712.65736267684
9712.65736267684
9712.65736267684
9712.65736267684
9712.65736267684
9712.65736267684
9712.65736267684
9712.65736267684
9712.65736267684
9712.65736267684
9712.65736267684
9712.65736267684
9712.65736267684
9712.65736267684
9712.65736267684
9712.65736267684
9712.65736267684
9712.65736267684
9712.65736267684
9712.65736267684
9712.65736267684
9712.65736267684
9712.65736267684
9712.65736267684
9712.65736267684
9712.65736267684
9712.65736267684
9712.65736267684
9712.65736267684
9712.65736267684
9712.65736267684
9712.65736267684
9712.65736267684
9712.65736267684
9712.65736267684
9712.65736267684
9712.65736267684
9712.65736267684
9712.65736267684
9712.65736267684
9712.65736267684
9712.65736267684
9712.65736267684
9712.65736267684
9712.65736267684
9712.65736267684
9712.65736267684
9712.65736267684
9712.65736267684
9712.65736267684
9712.65736267684
9712.65736267684
9712.65736267684
9712.65736267684
9712.65736267684
9712.65736267684
9712.65736267684
9712.65736267684
9712.65736267684
9712.65736267684
9712.65736267684
9712.65736267684
9712.65736267684
9712.65736267684
9712.65736267684
9712.65736267684
9712.65736267684
9712.65736267684
9712.65736267684
9712.65736267684
9712.65736267684
9712.65736267684
9712.65736267684
9712.65736267684
9712.65736267684
9712.65736267684
9712.65736267684
9712.65736267684
9712.65736267684
9712.65736267684
9712.65736267684
9712.65736267684
9712.65736267684
9712.65736267684
9712.65736267684
9712.65736267684
9712.65736267684
9712.65736267684
9712.65736267684
9712.65736267684
9712.65736267684
9712.65736267684
9712.65736267684
9712.65736267684
9712.65736267684
9712.65736267684
9712.65736267684
9712.65736267684
9712.65736267684
9712.65736267684
9712.65736267684
9712.65736267684
9712.65736267684
9712.65736267684
9712.65736267684
9712.65736267684
9712.65736267684
9712.65736267684
12697.011722800697
9712.65736267684
9712.65736267684
9712.65736267684
9712.65736267684
9712.65736267684
9712.65736267684
9712.65736267684
9712.65736267684
9712.65736267684
9712.65736267684
9712.65736267684
9712.65736267684
9712.65736267684
9712.65736267684
9712.65736267684
9712.65736267684
9712.65736267684
9712.65736267684
9712.65736267684
9712.65736267684
9712.65736267684
9712.65736267684
9712.65736267684
9712.65736267684
9712.65736267684
9712.65736267684
9712.65736267684
9712.65736267684
9712.65736267684
9712.65736267684
9712.65736267684
9712.65736267684
9712.65736267684
9712.65736267684
9712.65736267684
9712.65736267684
9712.65736267684
9712.65736267684
9712.65736267684
9712.65736267684
9712.65736267684
9712.65736267684
9712.65736267684
9712.65736267684
9712.65736267684
9712.65736267684
9712.65736267684
9712.65736267684
9712.65736267684
9712.65736267684
9712.65736267684
9712.65736267684
9712.65736267684
9712.65736267684
9712.65736267684
9712.65736267684
9712.65736267684
9712.65736267684
9712.65736267684
9712.65736267684
9712.65736267684
9712.65736267684
9712.65736267684
9712.65736267684
9712.65736267684
9712.65736267684
9712.65736267684
9712.65736267684
9712.65736267684
9712.65736267684
9712.65736267684
9712.65736267684
9712.65736267684
9712.65736267684
9712.65736267684
9712.65736267684
9712.65736267684
9712.65736267684
9712.65736267684
9712.65736267684
9712.65736267684
9712.65736267684
9712.65736267684
9712.65736267684
9712.65736267684
9712.65736267684
9712.65736267684
9712.65736267684
9712.65736267684
9712.65736267684
9712.65736267684
9712.65736267684
9712.65736267684
9712.65736267684
9712.65736267684
9712.65736267684
9712.65736267684
9712.65736267684
9712.65736267684
9712.65736267684
9712.65736267684
9712.65736267684
9712.65736267684
9712.65736267684
9712.65736267684
9712.65736267684
9712.65736267684
9712.65736267684
9712.65736267684
9712.65736267684
9712.65736267684
9712.65736267684
9712.65736267684
9712.65736267684
9712.65736267684
9712.65736267684
9712.65736267684
9712.65736267684
9712.65736267684
9712.65736267684
9712.65736267684
9712.65736267684
9712.65736267684
9712.65736267684
9712.65736267684
9712.65736267684
9712.65736267684
9712.65736267684
9712.65736267684
9712.65736267684
9712.65736267684
9712.65736267684
9712.65736267684
9712.65736267684
9712.65736267684
9712.65736267684
9712.65736267684
9712.65736267684
9712.65736267684
9712.65736267684
9712.65736267684
9712.65736267684
9712.65736267684
9712.65736267684
9712.65736267684
9712.65736267684
9712.65736267684
9712.65736267684
9712.65736267684
9712.65736267684
9712.65736267684
9712.65736267684
9712.65736267684
9712.65736267684
9712.65736267684
9712.65736267684
9712.65736267684
9712.65736267684
11033.080758789027
9712.65736267684
9712.65736267684
9712.65736267684
9712.65736267684
9712.65736267684
9712.65736267684
9712.65736267684
9712.65736267684
9712.65736267684
9712.65736267684
9712.65736267684
9712.65736267684
9712.65736267684
9712.65736267684
9712.65736267684
9712.65736267684
9712.65736267684
9712.65736267684
9712.65736267684
9712.65736267684
9712.65736267684
9712.65736267684
9712.65736267684
9712.65736267684
9712.65736267684
9712.65736267684
9712.65736267684
9712.65736267684
9712.65736267684
9712.65736267684
9712.65736267684
9712.65736267684
9712.65736267684
9712.65736267684
9712.65736267684
9712.65736267684
9712.65736267684
9712.65736267684
9712.65736267684
9712.65736267684
9712.65736267684
9712.65736267684
9712.65736267684
9712.65736267684
9712.65736267684
9712.65736267684
9712.65736267684
9712.65736267684
9712.65736267684
9712.65736267684
9712.65736267684
9712.65736267684
9712.65736267684
9712.65736267684
9712.65736267684
9712.65736267684
9712.65736267684
9712.65736267684
9712.65736267684
9712.65736267684
9712.65736267684
9712.65736267684
9712.65736267684
9712.65736267684
9712.65736267684
9712.65736267684
9712.65736267684
9712.65736267684
9712.65736267684
9712.65736267684
9712.65736267684
9712.65736267684
9712.65736267684
9712.65736267684
9712.65736267684
9712.65736267684
9712.65736267684
9712.65736267684
9712.65736267684
9712.65736267684
9712.65736267684
9712.65736267684
9712.65736267684
9712.65736267684
9712.65736267684
9712.65736267684
9712.65736267684
9712.65736267684
9712.65736267684
9712.65736267684
9712.65736267684
9712.65736267684
9712.65736267684
9712.65736267684
9712.65736267684
9712.65736267684
9712.65736267684
9712.65736267684
9712.65736267684
9712.65736267684
9712.65736267684
9712.65736267684
9712.65736267684
9712.65736267684
9712.65736267684
9712.65736267684
