35.98
25
1778.7164470867556
1610.9170690793544
1533.3827835726806
1846.9386900064096
1571.3679869235139
1602.7939335359329
1633.0632636676094
1567.2592473508025
1538.0587298320895
1714.056381395768
1732.024151614495
1756.6047153748646
1666.827107656314
1568.2581234056468
1770.071141073282
1644.0583671852166
1698.195903203879
1582.5282705146578
1622.6884998949756
1535.8703601921238
1646.8489463181454
1754.1751087764032
1683.69439105704
1667.4418006329138
1617.6108609534576
1410.348546970213
1589.5009595472989
1473.5937319752047
1410.348546970213
1683.3574128829557
1334.9567619943539
1321.097707061186
1363.5391146607813
1412.9673306430698
1426.6476086418272
1583.8862454973269
1565.9702198447726
1607.578634002853
1340.5698171132412
1321.380204489352
1316.9530593113714
1519.9894665918603
1574.3807888708386
1443.3270414889932
1449.1713775750532
1252.1180860166382
1330.6354343585074
1607.5645737088898
1552.39910903003
1510.167871027061
1492.1070649440148
1150.0242022457064
1239.0663447936636
1459.0423894501846
1328.2105312121678
1551.270183641957
1239.0663447936636
1246.7386141832778
1289.180021782873
1325.6686813640001
1323.9496810903609
1214.2546439021523
1430.506873735367
1477.586814615535
1266.210724235333
1247.0211116114438
1242.5939664334633
1405.989559731272
1469.856035052813
1239.0663447936636
1345.8112883616013
1150.0242022457064
1150.0242022457066
1498.3714887586125
1461.1897997084516
1396.1675568562223
1384.7451372541063
1100.9654077843702
1150.0242022457064
1150.0242022457066
1150.0242022457066
1433.8036977701759
1150.0242022457064
1174.981424869543
1217.4228324691383
1150.0242022457066
1244.3719666490595
1146.6774228688241
1150.0242022457066
1338.458073450856
1194.453534921598
1175.2639222977089
1170.8367771197284
1150.0242022457066
1142.4924610312617
1145.2641532539901
1150.0242022457066
1100.9654077843702
1096.2053587926537
1100.9654077843702
1117.7846375281727
1298.7757177925362
1283.7309505377675
1044.2535158071505
1100.9654077843702
1052.5816854340062
1033.7308121447893
1096.205358792654
1100.9654077843702
1064.838698972691
1154.1098890418123
1100.9654077843702
1159.5963513949844
1081.5947390808697
1052.5816854340062
1250.370298592403
1055.5306415685936
1111.950978870383
1116.162943884958
1052.5816854340062
1082.0944803121868
1002.3058188529892
1033.7308121447893
1055.9186888551026
1044.2535158071505
1033.870698841126
1070.5155417716373
1219.4983709376286
1186.6079510428606
961.2354079910748
1001.9640072063146
1011.2821534682475
1033.7308121447893
1044.2535158071503
1001.9640072063146
1001.9640072063146
1100.25213468682
1055.9186888551023
992.241055505914
1028.5777084087301
1001.9640072063146
1001.9640072063146
1001.9640072063146
1058.723018833016
1001.9640072063146
1011.2821534682475
1030.5622789648246
961.2354079910748
960.8935963444001
1014.6191568893439
960.8935963444001
992.5711668753673
1029.2160098058787
960.8935963444001
1108.887041088965
917.3872182015491
971.7593124852253
967.6019685070352
942.9874170724239
1002.953983841392
942.9874170724239
976.2739999106931
942.9874170724239
1014.6191568893438
951.1706446439995
940.3417368770229
958.4576290634636
942.9874170724239
942.9874170724239
1015.3427717948763
958.4576290634636
942.9874170724239
942.9874170724239
922.0399693667625
917.3872182015491
973.5487460274294
917.3872182015492
917.3872182015492
917.3872182015492
917.3872182015492
1041.443951052381
878.1917795772368
919.200914063529
906.6571603749469
942.9874170724239
961.8835729794774
903.7919784481115
929.3566263353514
896.95650963809
973.5487460274293
911.9752060196873
895.6243108308371
917.3872182015492
903.7919784481115
860.8051905988318
972.1526150396238
917.3872182015492
903.7919784481115
860.8051905988318
884.8136123135191
878.1917795772368
878.191779577237
878.191779577237
878.191779577237
868.3601264309493
868.3601264309493
878.191779577237
806.2207149209764
880.0054754392168
833.0334016588316
860.8051905988318
860.8051905988318
860.8051905988318
890.7411476233077
865.1764997360681
860.8051905988318
860.8051905988318
850.1628510732535
860.8051905988318
865.1764997360681
806.2207149209764
935.977706638479
802.1014122334452
802.1014122334452
829.9314684806365
802.1014122334452
802.1014122334452
802.1014122334452
845.0044819019572
846.4117696752149
802.1014122334452
802.1014122334452
802.1014122334452
779.4682932708229
848.2254655371947
802.1014122334452
802.1014122334452
802.1014122334452
802.1014122334452
802.1014122334452
802.1014122334452
802.1014122334452
802.1014122334452
802.1014122334452
829.9314684806363
802.1014122334452
806.2207149209764
802.1014122334452
779.4682932708229
779.4682932708229
807.2983495180142
779.4682932708229
779.4682932708229
779.4682932708229
779.468293270823
815.5380475570196
779.468293270823
779.4682932708229
779.4682932708229
758.874534740567
779.468293270823
779.468293270823
779.468293270823
779.468293270823
779.468293270823
779.468293270823
779.468293270823
779.468293270823
779.468293270823
779.468293270823
779.468293270823
779.468293270823
802.1014122334452
779.468293270823
758.874534740567
758.8745347405669
758.8745347405669
758.8745347405669
758.874534740567
758.874534740567
758.8745347405669
758.8745347405669
758.8745347405669
758.8745347405669
758.8745347405669
744.4366839084378
758.8745347405669
744.4366839084378
758.8745347405669
755.1754782972837
744.4366839084378
744.4366839084378
755.1754782972837
744.4366839084378
779.468293270823
755.1754782972837
755.1754782972837
744.4366839084378
755.1754782972837
755.1754782972837
725.0297465565709
744.4366839084378
739.4675973887001
739.4675973887001
739.4675973887001
717.5072834657866
735.9135578787618
739.4675973887001
725.0297465565709
735.9135578787618
717.5072834657866
698.6003729859898
739.4675973887001
708.5306491918682
739.4675973887001
717.5072834657867
744.4366839084378
708.5306491918682
708.5306491918682
725.0297465565709
717.5072834657867
717.5072834657867
708.5306491918682
725.0297465565709
717.5072834657867
735.7685409454169
709.4426515413504
708.5306491918682
717.5072834657867
717.5072834657867
723.8805023734795
698.6003729859898
678.5650108989115
723.8805023734795
691.8736598865977
716.5066205268951
698.6003729859898
678.5650108989115
739.4675973887001
678.5650108989116
678.5650108989116
698.6003729859899
678.5650108989116
678.5650108989116
678.5650108989116
678.5650108989116
678.5650108989116
678.5650108989116
678.5650108989116
678.5650108989116
678.5650108989116
678.5650108989116
709.4426515413504
678.5650108989116
678.5650108989116
678.5650108989116
678.5650108989116
678.5650108989116
678.5650108989115
678.5650108989116
678.5650108989116
697.5997100470984
676.5478076531315
660.9607126379109
678.5650108989116
662.977915883691
662.977915883691
676.5478076531315
662.977915883691
662.977915883691
662.977915883691
676.5478076531315
662.977915883691
673.3435141984648
678.5650108989116
662.977915883691
662.977915883691
657.7564191832444
678.5650108989116
662.977915883691
662.977915883691
676.5478076531315
678.5650108989116
662.977915883691
676.5478076531315
678.5650108989116
676.5478076531315
676.5478076531315
660.9607126379109
638.1155060294067
676.3042778495725
657.7564191832444
638.1155060294068
660.9607126379109
657.7564191832444
643.3370027298535
638.1155060294068
660.9607126379109
657.7564191832444
657.7564191832444
657.7564191832444
657.7564191832444
643.3370027298535
638.1155060294067
678.5650108989116
643.3370027298535
638.1155060294067
638.1155060294067
662.977915883691
638.1155060294067
638.1155060294067
638.1155060294067
638.1155060294067
638.1155060294067
638.1155060294067
628.2097146489876
638.1155060294067
638.1155060294067
638.1155060294067
638.1155060294067
638.1155060294067
638.1155060294067
638.1155060294067
641.3197994840733
638.1155060294067
638.1155060294067
638.1155060294067
638.1155060294067
638.1155060294067
628.2097146489876
678.5650108989116
627.0818744271148
627.0818744271148
628.2097146489876
627.4395417492062
627.0818744271148
627.0818744271148
628.2097146489876
627.0818744271148
627.0818744271148
617.8179370693613
617.8179370693613
617.8179370693613
617.8179370693613
628.2097146489876
617.8179370693613
617.8179370693613
617.8179370693613
617.8179370693613
617.8179370693613
617.8179370693613
617.8179370693613
617.8179370693613
617.8179370693613
617.8179370693613
617.8179370693613
617.8179370693613
615.8846480797716
617.8179370693613
617.0124883016445
617.8179370693613
615.8846480797716
617.8179370693613
617.8179370693613
617.8179370693613
615.8846480797716
617.8179370693613
606.1589633723612
615.8846480797716
608.092252361951
615.8846480797716
615.8846480797716
608.092252361951
615.8846480797716
615.8846480797716
615.8846480797716
615.8846480797716
615.8846480797716
615.8846480797716
617.8179370693613
615.8846480797716
615.8846480797716
608.092252361951
606.1589633723612
608.092252361951
606.1589633723613
617.8179370693613
615.8846480797716
606.1589633723613
617.8179370693613
606.1589633723613
606.1589633723613
606.1589633723613
606.1589633723612
606.1589633723613
600.1697902902081
606.1589633723613
606.1589633723613
600.1697902902081
615.8846480797716
606.1589633723613
606.1589633723613
606.1589633723613
606.1589633723613
606.1589633723613
606.1589633723613
606.1589633723613
606.1589633723613
600.1697902902081
606.1589633723612
600.1697902902081
606.1589633723613
606.1589633723613
606.1589633723613
598.8413245922721
617.8179370693613
606.1589633723613
606.1589633723613
606.1589633723613
598.8413245922721
598.8413245922721
592.852151510119
598.8413245922721
598.8413245922721
598.8413245922721
598.8413245922721
598.8413245922721
598.8413245922721
598.8413245922721
598.8413245922721
598.8413245922721
598.8413245922721
598.8413245922721
598.8413245922721
592.852151510119
598.8413245922721
598.8413245922721
598.8413245922721
598.8413245922721
598.8413245922721
598.8413245922721
598.8413245922721
598.8413245922721
598.8413245922721
598.8413245922721
592.852151510119
592.8521515101191
592.852151510119
592.8521515101191
592.5219142785835
592.5219142785835
592.8521515101191
592.8521515101191
592.8521515101191
592.8521515101191
592.8521515101191
592.8521515101191
592.8521515101191
592.8521515101191
592.8521515101191
592.852151510119
598.8413245922721
592.8521515101191
592.8521515101191
592.8521515101191
592.5219142785835
592.5219142785835
592.8521515101191
592.8521515101191
592.8521515101191
592.8521515101191
592.5219142785835
592.5219142785835
592.5219142785835
588.5352763695969
592.5219142785835
586.7787353050051
592.5219142785835
592.5219142785835
592.8521515101191
592.5219142785835
592.5219142785835
588.5352763695969
592.5219142785835
588.5352763695969
588.5352763695969
592.5219142785835
592.5219142785835
588.5352763695969
588.5352763695969
592.5219142785835
592.5219142785835
586.7787353050051
592.5219142785835
586.5327411964303
592.5219142785835
592.5219142785835
580.7895622228519
586.5327411964304
578.2586437222359
572.2694706400827
586.7787353050051
572.4554764818156
586.5327411964304
576.3913495370243
586.5327411964304
576.3913495370243
586.5327411964304
578.5888809537714
586.5327411964304
572.2694706400827
578.5888809537714
576.3913495370243
586.5327411964304
578.5888809537714
578.5888809537714
576.3913495370243
576.3913495370243
576.3913495370243
576.3913495370243
580.7895622228519
578.2586437222359
580.7895622228519
572.2694706400827
563.1821615052074
572.2694706400828
572.2694706400827
572.2694706400828
572.2694706400828
572.2694706400828
553.7851427258558
572.2694706400828
572.2694706400828
580.7895622228519
572.2694706400828
563.1821615052074
572.2694706400827
572.2694706400828
553.7851427258558
572.2694706400828
554.1153799573915
572.2694706400828
572.2694706400828
572.2694706400828
572.2694706400828
553.7851427258558
580.7895622228519
553.7851427258558
572.2694706400828
553.1811805514692
546.4144562468799
553.7851427258558
553.7851427258558
540.5316084175886
553.7851427258558
540.5316084175886
553.1811805514692
553.1811805514691
547.7959696437026
576.8536891676432
553.1811805514691
546.4144562468799
547.7959696437026
547.7959696437026
553.1811805514691
553.1811805514691
553.1811805514691
553.1811805514691
547.7959696437026
553.1811805514691
553.1811805514691
553.1811805514691
553.1811805514691
553.1811805514691
547.7959696437026
540.5316084175885
540.5316084175885
540.5316084175885
540.5316084175885
540.5316084175885
540.5316084175886
540.5316084175885
540.5316084175886
540.5316084175886
540.5316084175885
574.0509499096225
540.5316084175886
540.5316084175886
540.5316084175886
540.5316084175886
540.5316084175886
540.5316084175886
540.5316084175886
540.5316084175886
540.5316084175886
553.1811805514691
540.5316084175886
540.5316084175886
540.5316084175886
553.1811805514691
540.5316084175886
540.5316084175885
540.5316084175885
540.5316084175885
540.5316084175885
540.5316084175885
540.5316084175886
540.5316084175885
540.5316084175886
536.5957353623799
540.5316084175885
540.5316084175886
540.5316084175886
536.5957353623799
540.5316084175886
540.5316084175886
540.5316084175886
540.5316084175886
540.5316084175886
540.5316084175886
536.5957353623799
540.5316084175886
540.5316084175886
540.5316084175886
540.5316084175886
540.5316084175886
540.5316084175886
536.5957353623799
536.5957353623799
536.5957353623799
536.5957353623799
536.5957353623799
536.5957353623799
536.5957353623797
536.5957353623799
536.5957353623799
536.5957353623797
536.5957353623799
536.5957353623799
533.1706808166923
536.5957353623799
536.5957353623799
536.5957353623799
536.5957353623799
536.5957353623799
536.5957353623799
536.5957353623799
536.5957353623799
536.5957353623799
540.5316084175886
536.5957353623799
536.5957353623799
536.5957353623799
533.1706808166923
533.1706808166923
533.1706808166923
533.1706808166923
533.1706808166923
536.5957353623799
536.5957353623797
533.1706808166923
533.1706808166923
533.1706808166923
533.1706808166923
533.1706808166923
533.1706808166923
533.1706808166923
533.1706808166923
533.1706808166923
533.1706808166923
533.1706808166923
533.1706808166923
533.1706808166923
533.1706808166923
533.1706808166923
533.1706808166923
533.1706808166923
533.1706808166923
533.1706808166923
533.1706808166923
533.1706808166923
533.1706808166923
533.1706808166923
530.3679415586716
533.1706808166923
533.1706808166923
533.1706808166923
533.1706808166923
530.3679415586716
530.3679415586716
533.1706808166923
533.1706808166923
533.1706808166923
533.1706808166923
533.1706808166923
533.1706808166923
533.1706808166923
533.1706808166923
533.1706808166923
533.1706808166923
533.1706808166923
533.1706808166923
533.1706808166923
533.1706808166923
533.1706808166923
526.6531557820721
530.3679415586719
530.3679415586719
530.3679415586719
526.6531557820721
526.6531557820721
526.6531557820721
526.6531557820721
533.1706808166923
526.6531557820721
526.6531557820721
526.6531557820721
526.6531557820721
526.6531557820721
526.6531557820721
526.6531557820721
526.6531557820721
526.6531557820721
526.6531557820721
526.6531557820721
530.3679415586716
530.3679415586716
526.6531557820721
526.6531557820721
526.6531557820721
526.6531557820721
526.6531557820721
526.6531557820721
526.6531557820721
526.6531557820721
526.6531557820721
526.6531557820721
526.6531557820721
526.6531557820721
526.6531557820721
524.0312227120687
526.6531557820721
526.6531557820721
526.6531557820721
524.0312227120687
526.6531557820721
526.6531557820721
526.6531557820721
526.6531557820721
526.6531557820721
526.6531557820721
526.6531557820721
526.6531557820721
526.6531557820721
524.0312227120687
524.0312227120687
526.6531557820721
524.0312227120687
524.0312227120688
524.0312227120688
524.0312227120687
524.0312227120688
524.0312227120688
524.0312227120688
524.0312227120687
524.0312227120688
524.0312227120687
524.0312227120688
524.0312227120687
524.0312227120688
524.0312227120687
524.0312227120688
524.0312227120688
524.0312227120688
524.0312227120688
524.0312227120687
524.0312227120688
524.0312227120688
524.0312227120688
524.0312227120688
524.0312227120687
524.0312227120687
524.0312227120687
524.0312227120687
524.0312227120688
524.0312227120688
523.6771720069869
524.0312227120688
524.0312227120688
524.0312227120688
524.0312227120687
523.677172006987
524.0312227120687
524.0312227120688
523.6771720069869
524.0312227120688
524.0312227120687
524.0312227120688
524.0312227120688
523.677172006987
524.0312227120688
524.0312227120687
524.0312227120688
524.0312227120688
523.677172006987
524.0312227120688
524.0312227120687
523.6771720069869
524.0312227120687
523.6771720069869
523.677172006987
523.677172006987
523.6771720069869
524.0312227120688
523.677172006987
523.677172006987
523.677172006987
523.677172006987
523.677172006987
523.677172006987
523.6771720069869
523.677172006987
523.6771720069869
523.677172006987
523.677172006987
523.677172006987
523.677172006987
523.677172006987
523.677172006987
524.0312227120688
523.677172006987
524.0312227120688
523.677172006987
523.6771720069869
523.677172006987
523.6771720069869
523.6771720069869
523.6771720069869
523.6771720069869
524.0312227120688
523.677172006987
523.677172006987
523.677172006987
523.6771720069869
523.6771720069869
523.677172006987
523.6771720069869
523.677172006987
523.6771720069869
523.677172006987
523.677172006987
523.6771720069869
523.677172006987
523.677172006987
523.6771720069869
523.677172006987
523.677172006987
523.677172006987
523.677172006987
523.6771720069869
523.677172006987
523.6771720069869
523.6771720069869
523.6771720069869
523.6771720069869
523.677172006987
523.677172006987
523.677172006987
523.6771720069869
523.6771720069869
523.6771720069869
523.677172006987
523.6771720069869
523.677172006987
523.6771720069869
523.677172006987
523.677172006987
523.6771720069869
523.677172006987
523.677172006987
523.6771720069869
523.677172006987
523.677172006987
523.677172006987
523.677172006987
523.6771720069869
523.6771720069869
523.6771720069869
523.6771720069869
523.6771720069869
523.6771720069869
523.6771720069869
523.677172006987
523.677172006987
523.6771720069869
523.6771720069869
523.6771720069869
523.677172006987
523.6771720069869
523.677172006987
523.6771720069869
523.677172006987
523.677172006987
523.6771720069869
523.677172006987
523.677172006987
523.6771720069869
523.677172006987
523.677172006987
523.677172006987
523.677172006987
523.6771720069869
523.6771720069869
523.6771720069869
523.6771720069869
523.6771720069869
523.6771720069869
523.6771720069869
523.677172006987
523.677172006987
523.6771720069869
523.6771720069869
523.6771720069869
523.6771720069869
523.6771720069869
523.677172006987
523.6771720069869
523.677172006987
523.677172006987
523.6771720069869
523.677172006987
523.6771720069869
523.6771720069869
523.677172006987
523.6771720069869
523.677172006987
523.677172006987
523.6771720069869
523.6771720069869
523.6771720069869
523.6771720069869
523.6771720069869
523.6771720069869
523.6771720069869
523.677172006987
523.6771720069869
523.6771720069869
523.6771720069869
523.6771720069869
523.6771720069869
523.6771720069869
523.677172006987
523.6771720069869
523.677172006987
523.677172006987
523.6771720069869
523.677172006987
523.6771720069869
523.6771720069869
523.6771720069869
523.6771720069869
523.677172006987
523.677172006987
523.6771720069869
523.6771720069869
523.6771720069869
523.6771720069869
523.6771720069869
523.6771720069869
523.6771720069869
523.677172006987
523.6771720069869
523.6771720069869
523.6771720069869
523.6771720069869
523.6771720069869
523.6771720069869
523.677172006987
523.6771720069869
523.6771720069869
523.677172006987
523.6771720069869
523.6771720069869
523.6771720069869
523.6771720069869
523.6771720069869
523.6771720069869
523.677172006987
523.677172006987
523.6771720069869
523.6771720069869
524.0312227120687
523.6771720069869
523.6771720069869
523.6771720069869
523.6771720069869
523.677172006987
523.6771720069869
523.6771720069869
523.6771720069869
523.6771720069869
523.6771720069869
523.6771720069869
523.677172006987
523.6771720069869
523.6771720069869
523.677172006987
523.6771720069869
523.6771720069869
523.6771720069869
523.6771720069869
523.6771720069869
523.6771720069869
523.677172006987
523.677172006987
523.6771720069869
523.6771720069869
523.6771720069869
523.6771720069869
523.6771720069869
523.6771720069869
523.6771720069869
523.6771720069869
523.6771720069869
523.6771720069869
523.6771720069869
523.6771720069869
523.6771720069869
523.6771720069869
523.6771720069869
523.6771720069869
523.6771720069869
523.6771720069869
523.6771720069869
523.6771720069869
523.6771720069869
523.6771720069869
523.6771720069869
523.6771720069869
523.6771720069869
523.6771720069869
523.6771720069869
523.6771720069869
523.6771720069869
523.6771720069869
523.6771720069869
523.6771720069869
523.6771720069869
523.6771720069869
523.6771720069869
523.6771720069869
523.6771720069869
523.6771720069869
523.6771720069869
523.6771720069869
523.6771720069869
523.6771720069869
523.6771720069869
523.6771720069869
523.6771720069869
523.6771720069869
523.6771720069869
523.6771720069869
523.6771720069869
523.6771720069869
523.6771720069869
523.6771720069869
523.6771720069869
523.6771720069869
523.6771720069869
523.6771720069869
523.6771720069869
523.6771720069869
523.6771720069869
523.6771720069869
523.6771720069869
523.6771720069869
523.6771720069869
523.6771720069869
523.6771720069869
523.6771720069869
523.6771720069869
523.6771720069869
523.6771720069869
523.6771720069869
523.6771720069869
523.6771720069869
523.6771720069869
523.6771720069869
523.6771720069869
523.6771720069869
523.6771720069869
523.6771720069869
523.6771720069869
523.6771720069869
523.6771720069869
523.6771720069869
523.6771720069869
523.6771720069869
523.6771720069869
523.6771720069869
523.6771720069869
523.6771720069869
523.6771720069869
523.6771720069869
523.6771720069869
523.6771720069869
523.6771720069869
523.6771720069869
523.6771720069869
523.6771720069869
523.6771720069869
523.6771720069869
523.6771720069869
523.6771720069869
523.6771720069869
523.6771720069869
523.6771720069869
523.6771720069869
523.6771720069869
523.6771720069869
523.6771720069869
523.6771720069869
523.6771720069869
523.6771720069869
523.6771720069869
523.6771720069869
523.6771720069869
523.6771720069869
523.6771720069869
523.6771720069869
523.6771720069869
523.6771720069869
523.6771720069869
523.6771720069869
523.6771720069869
523.6771720069869
523.6771720069869
523.6771720069869
523.6771720069869
523.6771720069869
523.6771720069869
523.6771720069869
523.6771720069869
523.6771720069869
523.6771720069869
523.6771720069869
523.6771720069869
523.6771720069869
523.6771720069869
523.6771720069869
523.6771720069869
523.6771720069869
523.6771720069869
523.6771720069869
523.6771720069869
523.6771720069869
523.6771720069869
523.6771720069869
523.6771720069869
523.6771720069869
523.6771720069869
523.6771720069869
523.6771720069869
523.6771720069869
523.6771720069869
523.6771720069869
523.6771720069869
523.6771720069869
523.6771720069869
523.6771720069869
523.6771720069869
523.6771720069869
523.6771720069869
523.6771720069869
523.6771720069869
523.6771720069869
523.6771720069869
523.6771720069869
523.6771720069869
523.6771720069869
523.6771720069869
523.6771720069869
523.6771720069869
523.6771720069869
523.6771720069869
523.6771720069869
523.6771720069869
523.6771720069869
523.6771720069869
523.6771720069869
523.6771720069869
523.6771720069869
523.6771720069869
523.6771720069869
523.6771720069869
523.6771720069869
523.6771720069869
523.6771720069869
523.6771720069869
523.6771720069869
523.6771720069869
523.6771720069869
523.6771720069869
523.6771720069869
523.6771720069869
523.6771720069869
523.6771720069869
523.6771720069869
523.6771720069869
523.6771720069869
523.6771720069869
523.6771720069869
523.6771720069869
523.6771720069869
523.6771720069869
523.6771720069869
523.6771720069869
523.6771720069869
523.6771720069869
523.6771720069869
523.6771720069869
523.6771720069869
523.6771720069869
523.6771720069869
523.6771720069869
523.6771720069869
523.6771720069869
523.6771720069869
523.6771720069869
523.6771720069869
523.6771720069869
523.6771720069869
523.6771720069869
523.6771720069869
523.6771720069869
523.6771720069869
523.6771720069869
523.6771720069869
523.6771720069869
523.6771720069869
523.6771720069869
523.6771720069869
523.6771720069869
523.6771720069869
523.6771720069869
523.6771720069869
523.6771720069869
523.6771720069869
523.6771720069869
523.6771720069869
523.6771720069869
523.6771720069869
523.6771720069869
523.6771720069869
523.6771720069869
523.6771720069869
523.6771720069869
523.6771720069869
523.6771720069869
523.6771720069869
523.6771720069869
523.6771720069869
523.6771720069869
523.6771720069869
523.6771720069869
523.6771720069869
523.6771720069869
523.6771720069869
523.6771720069869
523.6771720069869
523.6771720069869
523.6771720069869
523.6771720069869
523.6771720069869
523.6771720069869
523.6771720069869
523.6771720069869
523.6771720069869
523.6771720069869
523.6771720069869
523.6771720069869
523.6771720069869
523.6771720069869
523.6771720069869
523.6771720069869
523.6771720069869
523.6771720069869
523.6771720069869
523.6771720069869
523.6771720069869
523.6771720069869
523.6771720069869
523.6771720069869
523.6771720069869
523.6771720069869
523.6771720069869
523.6771720069869
523.6771720069869
523.6771720069869
523.6771720069869
523.6771720069869
523.6771720069869
523.6771720069869
523.6771720069869
523.6771720069869
523.6771720069869
523.6771720069869
523.6771720069869
523.6771720069869
523.6771720069869
523.6771720069869
523.6771720069869
523.6771720069869
523.6771720069869
523.6771720069869
523.6771720069869
523.6771720069869
523.6771720069869
523.6771720069869
523.6771720069869
523.6771720069869
523.6771720069869
523.6771720069869
523.6771720069869
523.6771720069869
523.6771720069869
523.6771720069869
523.6771720069869
523.6771720069869
523.6771720069869
523.6771720069869
523.6771720069869
523.6771720069869
523.6771720069869
523.6771720069869
523.6771720069869
523.6771720069869
523.6771720069869
523.6771720069869
523.6771720069869
523.6771720069869
523.6771720069869
523.6771720069869
523.6771720069869
523.6771720069869
523.6771720069869
523.6771720069869
523.6771720069869
523.6771720069869
523.6771720069869
523.6771720069869
523.6771720069869
523.6771720069869
523.6771720069869
523.6771720069869
523.6771720069869
523.6771720069869
523.6771720069869
523.6771720069869
523.6771720069869
523.6771720069869
523.6771720069869
523.6771720069869
523.6771720069869
523.6771720069869
523.6771720069869
523.6771720069869
523.6771720069869
523.6771720069869
523.6771720069869
523.6771720069869
523.6771720069869
523.6771720069869
523.6771720069869
523.6771720069869
523.6771720069869
523.6771720069869
523.6771720069869
523.6771720069869
523.6771720069869
523.6771720069869
523.6771720069869
523.6771720069869
523.6771720069869
523.6771720069869
523.6771720069869
523.6771720069869
523.6771720069869
523.6771720069869
523.6771720069869
523.6771720069869
523.6771720069869
523.6771720069869
523.6771720069869
523.6771720069869
523.6771720069869
523.6771720069869
523.6771720069869
523.6771720069869
523.6771720069869
523.6771720069869
523.6771720069869
523.6771720069869
523.6771720069869
523.6771720069869
523.6771720069869
523.6771720069869
523.6771720069869
523.6771720069869
523.6771720069869
523.6771720069869
523.6771720069869
523.6771720069869
523.6771720069869
523.6771720069869
523.6771720069869
523.6771720069869
523.6771720069869
523.6771720069869
523.6771720069869
523.6771720069869
523.6771720069869
523.6771720069869
523.6771720069869
523.6771720069869
523.6771720069869
523.6771720069869
523.6771720069869
523.6771720069869
523.6771720069869
523.6771720069869
523.6771720069869
523.6771720069869
523.6771720069869
523.6771720069869
523.6771720069869
523.6771720069869
523.6771720069869
523.6771720069869
523.6771720069869
523.6771720069869
523.6771720069869
523.6771720069869
523.6771720069869
523.6771720069869
523.6771720069869
523.6771720069869
523.6771720069869
523.6771720069869
523.6771720069869
523.6771720069869
523.6771720069869
523.6771720069869
523.6771720069869
523.6771720069869
523.6771720069869
523.6771720069869
523.6771720069869
523.6771720069869
523.6771720069869
523.6771720069869
523.6771720069869
523.6771720069869
523.6771720069869
523.6771720069869
523.6771720069869
523.6771720069869
523.6771720069869
523.6771720069869
523.6771720069869
523.6771720069869
523.6771720069869
523.6771720069869
523.6771720069869
523.6771720069869
523.6771720069869
523.6771720069869
523.6771720069869
523.6771720069869
523.6771720069869
523.6771720069869
523.6771720069869
523.6771720069869
523.6771720069869
523.6771720069869
523.6771720069869
523.6771720069869
523.6771720069869
523.6771720069869
523.6771720069869
523.6771720069869
523.6771720069869
523.6771720069869
523.6771720069869
523.6771720069869
523.6771720069869
523.6771720069869
523.6771720069869
523.6771720069869
523.6771720069869
523.6771720069869
523.6771720069869
523.6771720069869
523.6771720069869
523.6771720069869
523.6771720069869
523.6771720069869
523.6771720069869
523.6771720069869
523.6771720069869
523.6771720069869
523.6771720069869
523.6771720069869
523.6771720069869
523.6771720069869
523.6771720069869
523.6771720069869
523.6771720069869
523.6771720069869
523.6771720069869
523.6771720069869
523.6771720069869
523.6771720069869
523.6771720069869
523.6771720069869
523.6771720069869
523.6771720069869
523.6771720069869
523.6771720069869
523.6771720069869
523.6771720069869
523.6771720069869
523.6771720069869
523.6771720069869
523.6771720069869
523.6771720069869
523.6771720069869
523.6771720069869
523.6771720069869
523.6771720069869
523.6771720069869
523.6771720069869
523.6771720069869
523.6771720069869
523.6771720069869
523.6771720069869
523.6771720069869
523.6771720069869
523.6771720069869
523.6771720069869
523.6771720069869
523.6771720069869
523.6771720069869
523.6771720069869
523.6771720069869
523.6771720069869
523.6771720069869
523.6771720069869
523.6771720069869
523.6771720069869
523.6771720069869
523.6771720069869
523.6771720069869
523.6771720069869
523.6771720069869
523.6771720069869
523.6771720069869
523.6771720069869
523.6771720069869
523.6771720069869
523.6771720069869
523.6771720069869
523.6771720069869
523.6771720069869
523.6771720069869
523.6771720069869
523.6771720069869
523.6771720069869
523.6771720069869
523.6771720069869
523.6771720069869
523.6771720069869
523.6771720069869
523.6771720069869
523.6771720069869
523.6771720069869
523.6771720069869
523.6771720069869
523.6771720069869
523.6771720069869
523.6771720069869
523.6771720069869
523.6771720069869
523.6771720069869
523.6771720069869
523.6771720069869
523.6771720069869
523.6771720069869
523.6771720069869
523.6771720069869
523.6771720069869
523.6771720069869
523.6771720069869
523.6771720069869
523.6771720069869
523.6771720069869
523.6771720069869
523.6771720069869
523.6771720069869
523.6771720069869
523.6771720069869
523.6771720069869
523.6771720069869
523.6771720069869
523.6771720069869
523.6771720069869
523.6771720069869
523.6771720069869
523.6771720069869
523.6771720069869
523.6771720069869
523.6771720069869
523.6771720069869
523.6771720069869
523.6771720069869
523.6771720069869
523.6771720069869
523.6771720069869
523.6771720069869
523.6771720069869
523.6771720069869
523.6771720069869
523.6771720069869
523.6771720069869
523.6771720069869
523.6771720069869
523.6771720069869
523.6771720069869
523.6771720069869
523.6771720069869
523.6771720069869
523.6771720069869
523.6771720069869
523.6771720069869
523.6771720069869
523.6771720069869
523.6771720069869
523.6771720069869
523.6771720069869
523.6771720069869
523.6771720069869
523.6771720069869
523.6771720069869
523.6771720069869
523.6771720069869
523.6771720069869
523.6771720069869
523.6771720069869
523.6771720069869
523.6771720069869
523.6771720069869
523.6771720069869
523.6771720069869
523.6771720069869
523.6771720069869
523.6771720069869
523.6771720069869
523.6771720069869
523.6771720069869
523.6771720069869
523.6771720069869
523.6771720069869
523.6771720069869
523.6771720069869
523.6771720069869
523.6771720069869
523.6771720069869
523.6771720069869
523.6771720069869
523.6771720069869
523.6771720069869
523.6771720069869
523.6771720069869
523.6771720069869
523.6771720069869
523.6771720069869
523.6771720069869
523.6771720069869
523.6771720069869
523.6771720069869
523.6771720069869
523.6771720069869
523.6771720069869
523.6771720069869
523.6771720069869
523.6771720069869
523.6771720069869
523.6771720069869
523.6771720069869
523.6771720069869
523.6771720069869
523.6771720069869
523.6771720069869
523.6771720069869
523.6771720069869
523.6771720069869
523.6771720069869
523.6771720069869
523.6771720069869
523.6771720069869
523.6771720069869
523.6771720069869
523.6771720069869
523.6771720069869
523.6771720069869
523.6771720069869
523.6771720069869
523.6771720069869
523.6771720069869
523.6771720069869
523.6771720069869
523.6771720069869
523.6771720069869
523.6771720069869
523.6771720069869
523.6771720069869
523.6771720069869
523.6771720069869
523.6771720069869
523.6771720069869
523.6771720069869
523.6771720069869
523.6771720069869
523.6771720069869
523.6771720069869
523.6771720069869
523.6771720069869
523.6771720069869
523.6771720069869
523.6771720069869
523.6771720069869
523.6771720069869
523.6771720069869
523.6771720069869
523.6771720069869
523.6771720069869
523.6771720069869
523.6771720069869
523.6771720069869
523.6771720069869
523.6771720069869
523.6771720069869
523.6771720069869
523.6771720069869
523.6771720069869
523.6771720069869
523.6771720069869
523.6771720069869
523.6771720069869
523.6771720069869
523.6771720069869
523.6771720069869
523.6771720069869
523.6771720069869
523.6771720069869
523.6771720069869
523.6771720069869
523.6771720069869
523.6771720069869
523.6771720069869
523.6771720069869
523.6771720069869
523.6771720069869
523.6771720069869
523.6771720069869
523.6771720069869
523.6771720069869
523.6771720069869
523.6771720069869
523.6771720069869
523.6771720069869
523.6771720069869
523.6771720069869
523.6771720069869
523.6771720069869
523.6771720069869
523.6771720069869
523.6771720069869
523.6771720069869
523.6771720069869
523.6771720069869
523.6771720069869
523.6771720069869
523.6771720069869
523.6771720069869
523.6771720069869
523.6771720069869
523.6771720069869
523.6771720069869
523.6771720069869
523.6771720069869
523.6771720069869
523.6771720069869
523.6771720069869
523.6771720069869
523.6771720069869
523.6771720069869
523.6771720069869
523.6771720069869
523.6771720069869
523.6771720069869
523.6771720069869
523.6771720069869
523.6771720069869
523.6771720069869
523.6771720069869
523.6771720069869
523.6771720069869
523.6771720069869
523.6771720069869
523.6771720069869
523.6771720069869
523.6771720069869
523.6771720069869
523.6771720069869
523.6771720069869
523.6771720069869
523.6771720069869
523.6771720069869
523.6771720069869
523.6771720069869
523.6771720069869
523.6771720069869
523.6771720069869
523.6771720069869
523.6771720069869
523.6771720069869
523.6771720069869
523.6771720069869
523.6771720069869
523.6771720069869
523.6771720069869
523.6771720069869
523.6771720069869
523.6771720069869
523.6771720069869
523.6771720069869
523.6771720069869
523.6771720069869
523.6771720069869
523.6771720069869
523.6771720069869
523.6771720069869
523.6771720069869
523.6771720069869
523.6771720069869
523.6771720069869
523.6771720069869
523.6771720069869
523.6771720069869
523.6771720069869
523.6771720069869
523.6771720069869
523.6771720069869
523.6771720069869
523.6771720069869
523.6771720069869
523.6771720069869
523.6771720069869
523.6771720069869
523.6771720069869
523.6771720069869
523.6771720069869
523.6771720069869
523.6771720069869
523.6771720069869
523.6771720069869
523.6771720069869
523.6771720069869
523.6771720069869
523.6771720069869
523.6771720069869
523.6771720069869
523.6771720069869
523.6771720069869
523.6771720069869
523.6771720069869
523.6771720069869
523.6771720069869
523.6771720069869
523.6771720069869
523.6771720069869
523.6771720069869
523.6771720069869
523.6771720069869
523.6771720069869
523.6771720069869
523.6771720069869
523.6771720069869
523.6771720069869
523.6771720069869
523.6771720069869
523.6771720069869
523.6771720069869
523.6771720069869
523.6771720069869
523.6771720069869
523.6771720069869
523.6771720069869
523.6771720069869
523.6771720069869
523.6771720069869
523.6771720069869
523.6771720069869
523.6771720069869
523.6771720069869
523.6771720069869
523.6771720069869
523.6771720069869
523.6771720069869
523.6771720069869
523.6771720069869
523.6771720069869
523.6771720069869
523.6771720069869
523.6771720069869
523.6771720069869
523.6771720069869
523.6771720069869
523.6771720069869
523.6771720069869
523.6771720069869
523.6771720069869
523.6771720069869
523.6771720069869
523.6771720069869
523.6771720069869
523.6771720069869
523.6771720069869
523.6771720069869
523.6771720069869
523.6771720069869
523.6771720069869
523.6771720069869
523.6771720069869
523.6771720069869
523.6771720069869
523.6771720069869
523.6771720069869
523.6771720069869
523.6771720069869
523.6771720069869
523.6771720069869
523.6771720069869
523.6771720069869
523.6771720069869
523.6771720069869
523.6771720069869
523.6771720069869
523.6771720069869
523.6771720069869
523.6771720069869
523.6771720069869
523.6771720069869
523.6771720069869
523.6771720069869
523.6771720069869
523.6771720069869
523.6771720069869
523.6771720069869
523.6771720069869
523.6771720069869
523.6771720069869
523.6771720069869
523.6771720069869
523.6771720069869
523.6771720069869
523.6771720069869
523.6771720069869
523.6771720069869
523.6771720069869
523.6771720069869
523.6771720069869
523.6771720069869
523.6771720069869
523.6771720069869
523.6771720069869
523.6771720069869
523.6771720069869
523.6771720069869
523.6771720069869
523.6771720069869
523.6771720069869
523.6771720069869
523.6771720069869
523.6771720069869
523.6771720069869
523.6771720069869
523.6771720069869
523.6771720069869
523.6771720069869
523.6771720069869
523.6771720069869
523.6771720069869
523.6771720069869
523.6771720069869
523.6771720069869
523.6771720069869
523.6771720069869
523.6771720069869
523.6771720069869
523.6771720069869
523.6771720069869
523.6771720069869
523.6771720069869
523.6771720069869
523.6771720069869
523.6771720069869
523.6771720069869
523.6771720069869
523.6771720069869
523.6771720069869
523.6771720069869
523.6771720069869
523.6771720069869
523.6771720069869
523.6771720069869
523.6771720069869
523.6771720069869
523.6771720069869
523.6771720069869
523.6771720069869
523.6771720069869
523.6771720069869
523.6771720069869
523.6771720069869
523.6771720069869
523.6771720069869
523.6771720069869
523.6771720069869
523.6771720069869
523.6771720069869
523.6771720069869
523.6771720069869
523.6771720069869
523.6771720069869
523.6771720069869
523.6771720069869
523.6771720069869
523.6771720069869
523.6771720069869
523.6771720069869
523.6771720069869
523.6771720069869
523.6771720069869
523.6771720069869
523.6771720069869
523.6771720069869
523.6771720069869
523.6771720069869
523.6771720069869
523.6771720069869
523.6771720069869
523.6771720069869
523.6771720069869
523.6771720069869
523.6771720069869
523.6771720069869
523.6771720069869
523.6771720069869
523.6771720069869
523.6771720069869
523.6771720069869
523.6771720069869
523.6771720069869
523.6771720069869
523.6771720069869
523.6771720069869
523.6771720069869
523.6771720069869
523.6771720069869
523.6771720069869
523.6771720069869
523.6771720069869
523.6771720069869
523.6771720069869
523.6771720069869
523.6771720069869
523.6771720069869
523.6771720069869
523.6771720069869
523.6771720069869
523.6771720069869
523.6771720069869
523.6771720069869
523.6771720069869
523.6771720069869
523.6771720069869
523.6771720069869
523.6771720069869
523.6771720069869
523.6771720069869
523.6771720069869
523.6771720069869
523.6771720069869
523.6771720069869
523.6771720069869
523.6771720069869
523.6771720069869
523.6771720069869
523.6771720069869
523.6771720069869
523.6771720069869
523.6771720069869
523.6771720069869
523.6771720069869
523.6771720069869
523.6771720069869
523.6771720069869
523.6771720069869
523.6771720069869
523.6771720069869
523.6771720069869
523.6771720069869
523.6771720069869
523.6771720069869
523.6771720069869
523.6771720069869
523.6771720069869
523.6771720069869
523.6771720069869
523.6771720069869
523.6771720069869
523.6771720069869
523.6771720069869
523.6771720069869
523.6771720069869
523.6771720069869
523.6771720069869
523.6771720069869
523.6771720069869
523.6771720069869
523.6771720069869
523.6771720069869
523.6771720069869
523.6771720069869
523.6771720069869
523.6771720069869
523.6771720069869
523.6771720069869
523.6771720069869
523.6771720069869
523.6771720069869
523.6771720069869
523.6771720069869
523.6771720069869
523.6771720069869
523.6771720069869
523.6771720069869
523.6771720069869
622.1350598402339
523.6771720069869
523.6771720069869
523.6771720069869
523.6771720069869
523.6771720069869
523.6771720069869
523.6771720069869
523.6771720069869
523.6771720069869
523.6771720069869
523.6771720069869
523.6771720069869
523.6771720069869
523.6771720069869
523.6771720069869
523.6771720069869
523.6771720069869
523.6771720069869
523.6771720069869
523.6771720069869
523.6771720069869
523.6771720069869
523.6771720069869
523.6771720069869
523.6771720069869
523.6771720069869
523.6771720069869
523.6771720069869
523.6771720069869
523.6771720069869
523.6771720069869
523.6771720069869
523.6771720069869
523.6771720069869
523.6771720069869
523.6771720069869
523.6771720069869
523.6771720069869
523.6771720069869
523.6771720069869
523.6771720069869
523.6771720069869
523.6771720069869
523.6771720069869
523.6771720069869
523.6771720069869
523.6771720069869
523.6771720069869
523.6771720069869
523.6771720069869
523.6771720069869
523.6771720069869
523.6771720069869
523.6771720069869
523.6771720069869
523.6771720069869
523.6771720069869
523.6771720069869
523.6771720069869
523.6771720069869
523.6771720069869
523.6771720069869
523.6771720069869
523.6771720069869
523.6771720069869
523.6771720069869
523.6771720069869
523.6771720069869
523.6771720069869
523.6771720069869
523.6771720069869
523.6771720069869
523.6771720069869
523.6771720069869
523.6771720069869
523.6771720069869
523.6771720069869
523.6771720069869
523.6771720069869
523.6771720069869
523.6771720069869
523.6771720069869
523.6771720069869
523.6771720069869
523.6771720069869
523.6771720069869
523.6771720069869
523.6771720069869
523.6771720069869
523.6771720069869
523.6771720069869
523.6771720069869
523.6771720069869
523.6771720069869
523.6771720069869
523.6771720069869
523.6771720069869
523.6771720069869
523.6771720069869
523.6771720069869
523.6771720069869
523.6771720069869
523.6771720069869
523.6771720069869
523.6771720069869
523.6771720069869
523.6771720069869
523.6771720069869
523.6771720069869
523.6771720069869
523.6771720069869
523.6771720069869
523.6771720069869
523.6771720069869
523.6771720069869
523.6771720069869
523.6771720069869
523.6771720069869
523.6771720069869
523.6771720069869
523.6771720069869
523.6771720069869
523.6771720069869
523.6771720069869
523.6771720069869
523.6771720069869
523.6771720069869
523.6771720069869
523.6771720069869
523.6771720069869
523.6771720069869
523.6771720069869
523.6771720069869
523.6771720069869
523.6771720069869
523.6771720069869
523.6771720069869
523.6771720069869
523.6771720069869
523.6771720069869
523.6771720069869
523.6771720069869
523.6771720069869
523.6771720069869
523.6771720069869
523.6771720069869
523.6771720069869
523.6771720069869
523.6771720069869
523.6771720069869
523.6771720069869
523.6771720069869
523.6771720069869
523.6771720069869
523.6771720069869
523.6771720069869
523.6771720069869
523.6771720069869
523.6771720069869
523.6771720069869
523.6771720069869
523.6771720069869
523.6771720069869
523.6771720069869
523.6771720069869
523.6771720069869
523.6771720069869
523.6771720069869
523.6771720069869
523.6771720069869
523.6771720069869
523.6771720069869
523.6771720069869
523.6771720069869
523.6771720069869
523.6771720069869
523.6771720069869
523.6771720069869
523.6771720069869
523.6771720069869
523.6771720069869
523.6771720069869
523.6771720069869
523.6771720069869
523.6771720069869
523.6771720069869
523.6771720069869
523.6771720069869
523.6771720069869
523.6771720069869
523.6771720069869
523.6771720069869
523.6771720069869
523.6771720069869
523.6771720069869
523.6771720069869
523.6771720069869
523.6771720069869
523.6771720069869
523.6771720069869
523.6771720069869
523.6771720069869
523.6771720069869
523.6771720069869
523.6771720069869
523.6771720069869
523.6771720069869
523.6771720069869
523.6771720069869
523.6771720069869
523.6771720069869
523.6771720069869
523.6771720069869
523.6771720069869
523.6771720069869
523.6771720069869
523.6771720069869
523.6771720069869
523.6771720069869
523.6771720069869
523.6771720069869
523.6771720069869
523.6771720069869
523.6771720069869
523.6771720069869
523.6771720069869
523.6771720069869
523.6771720069869
523.6771720069869
523.6771720069869
523.6771720069869
523.6771720069869
523.6771720069869
589.9998150766897
523.6771720069869
523.6771720069869
523.6771720069869
523.6771720069869
523.6771720069869
523.6771720069869
523.6771720069869
523.6771720069869
523.6771720069869
523.6771720069869
523.6771720069869
523.6771720069869
523.6771720069869
523.6771720069869
523.6771720069869
523.6771720069869
523.6771720069869
523.6771720069869
523.6771720069869
523.6771720069869
523.6771720069869
523.6771720069869
523.6771720069869
523.6771720069869
523.6771720069869
523.6771720069869
523.6771720069869
523.6771720069869
523.6771720069869
523.6771720069869
523.6771720069869
523.6771720069869
523.6771720069869
523.6771720069869
523.6771720069869
523.6771720069869
523.6771720069869
523.6771720069869
523.6771720069869
523.6771720069869
523.6771720069869
523.6771720069869
523.6771720069869
523.6771720069869
523.6771720069869
523.6771720069869
523.6771720069869
523.6771720069869
523.6771720069869
523.6771720069869
523.6771720069869
523.6771720069869
523.6771720069869
523.6771720069869
523.6771720069869
523.6771720069869
523.6771720069869
523.6771720069869
523.6771720069869
523.6771720069869
523.6771720069869
523.6771720069869
523.6771720069869
523.6771720069869
523.6771720069869
523.6771720069869
523.6771720069869
523.6771720069869
523.6771720069869
523.6771720069869
523.6771720069869
523.6771720069869
523.6771720069869
523.6771720069869
523.6771720069869
523.6771720069869
523.6771720069869
523.6771720069869
523.6771720069869
523.6771720069869
523.6771720069869
523.6771720069869
523.6771720069869
523.6771720069869
523.6771720069869
523.6771720069869
523.6771720069869
523.6771720069869
523.6771720069869
523.6771720069869
523.6771720069869
523.6771720069869
523.6771720069869
523.6771720069869
523.6771720069869
523.6771720069869
523.6771720069869
523.6771720069869
523.6771720069869
523.6771720069869
523.6771720069869
523.6771720069869
523.6771720069869
523.6771720069869
