73.80
51
1438.107279716352
1601.897732956035
1690.8696597387445
1593.2938883703016
1658.1209858902066
1626.6710780838862
1673.1544503465527
1648.427344135661
1686.3562857863524
1681.282790058999
1802.6875818341105
1727.095542145938
1653.5601712119358
1475.4411713398374
1610.5038970330465
1582.569418868683
1691.5035433780567
1654.1913578184872
1583.4862135687035
1722.1795157688803
1670.987769035142
1603.683387258392
1678.4269640627858
1639.649240134349
1707.647375784956
1355.3309280856447
1802.9766902510505
1892.544477245401
1610.0398941313683
1679.9590706650422
1590.5235515376944
1605.6251966013112
1531.0068730299063
1729.5318341768518
1595.4253765452186
1575.271103819201
1794.1816513167007
1675.1558935421801
1577.3311537724435
1672.9121009358198
1475.538520866325
1686.4134339603931
1688.359628242534
1657.7653792576157
1568.1032884302049
1576.4879094636476
1832.7859530618198
1642.7661019096822
1698.8743522345208
1599.4963530122682
1521.1273962856274
1260.5806083042748
1338.6691749090733
1475.2759668616181
1554.055868340505
1463.3922455594136
1541.9293899562447
1505.8329891298113
1502.6914014556967
1497.3474899040573
1346.8292352419319
1560.338814931551
1667.3530558578132
1585.865222374173
1521.4568760034888
1372.0809375678457
1464.8902091004409
1433.3315476204136
1523.0528190847908
1355.3309280856447
1485.158328015857
1544.0092628861644
1527.4379317096643
1489.4629993479016
1554.20136686114
1355.3309280856447
1558.2299368164543
1260.5806083042748
1649.03627007255
1727.9139658839379
1497.366877957123
1552.1050194798684
1462.177185093868
1464.2267574214227
1396.0028770678657
1228.9763923370676
1458.8012951358085
1534.8933017461504
1648.3445905079864
1478.4527422793344
1450.6860541848491
1232.6484763386377
1345.847589655073
1558.7842423759769
1490.162644765302
1539.9730580662385
1445.6901150288518
1440.4047783152396
1696.4119752411732
1514.208922070985
1581.2309683140222
1464.366499712563
1228.9381831608655
1153.4203336342762
1254.6003008510393
1356.7184845952017
1192.8068075006963
1365.4330684292568
1439.4106129421398
1385.86023254959
1386.0329686295925
1379.372376681688
1252.078915460562
1206.2592177983558
1541.7825090836454
1451.0100552613058
1427.9758778112146
1276.2350414618065
1364.0794180218065
1210.90383091698
1389.588519867789
1260.5806083042748
1393.9288742357335
1374.0262009896742
1393.3648500520703
1407.0597192731789
1433.0867894306928
1260.5806083042748
1448.136351591984
1181.6025658034016
1206.2592177983558
1571.6249279579563
1392.3250325431231
1462.3214977217306
1351.64783878951
1327.0757328890438
1284.4110066599271
1175.6284240961968
1356.3083377401297
1405.2114843666504
1212.799459056013
1376.7733371000077
1354.1586857403026
1141.639574190213
1243.0895667098687
1441.7292789588566
1206.2592177983558
1434.9589941754941
1209.031757774967
1340.755552953336
1546.9030287973872
1407.5883318947217
1477.2903698994119
1364.6402460773047
1153.4203336342762
1088.3204959889329
1192.523445242958
1137.7022733347605
1189.1847378109305
1128.4104288910519
1141.6395741902127
1279.145050678873
1308.3707580841192
1267.926133617511
1194.6790178363024
1147.394826070012
1141.6395741902127
1330.8432059689092
1141.6395741902127
1134.2738492993433
1141.6395741902127
1208.064369137876
1141.6395741902127
1141.6395741902127
1320.0211841578248
1289.3565827359653
1306.239950987058
1328.8717540916846
1319.8349739567343
1179.930042880585
1137.7022733347605
1119.1588732562884
1147.394826070012
1448.73079252535
1316.8236799300998
1399.2231315846896
1246.6815699660758
1240.7582076028104
1205.0557170826728
1114.8349512114264
1274.447455562649
1313.4009569001703
1153.3221228146872
1284.0175079418414
1283.448561115079
1088.3204959889329
1158.2915689012698
1059.9462943241178
1088.3204959889326
1324.7753528688015
1150.167366046623
1255.0855291424416
1398.5060960700098
1297.4716491303125
1386.4987543721677
1274.3944246108279
1075.2399022114696
1002.2735272808145
1128.7215227084707
1084.3831951334805
1059.9462943241178
1059.9462943241178
1088.3204959889326
1135.3321283432617
1059.9462943241178
1186.8328811285924
1059.9462943241178
1093.7851956127024
1088.3204959889326
1257.155444829569
1088.3204959889326
1085.8407072741668
1059.9462943241178
1154.4547386805664
1088.3204959889326
1087.8874450554056
1254.7402943282946
1214.0246095791613
1059.9462943241178
1256.7335503951024
1227.8436948813637
1179.930042880585
1059.9462943241178
1061.7589756320288
1093.7851956127024
1059.9462943241178
1249.5889985281856
1339.0068762712222
1059.9462943241178
1059.9462943241178
1059.9462943241178
1065.9293732884826
1199.5789244633079
1232.5404220048147
1059.9462943241178
1059.9462943241178
1056.2610731997347
1039.8873539637564
1090.571711472047
1002.2735272808145
1002.2735272808146
1002.2735272808146
1092.7164484158357
1002.2735272808146
1254.722792658898
1002.2735272808146
1002.2735272808146
1002.2735272808146
1002.2735272808146
968.4024583871569
1072.6897877704655
1035.9500531083038
1006.4870709764182
1011.5131522989412
1002.2735272808146
1001.1873470273449
1011.5131522989412
1109.3519202935815
1000.1742402262344
1041.348132775673
1002.2735272808146
1188.8271743431035
1039.8873539637561
1002.2735272808146
996.2248792703531
1093.5539373870333
1002.2735272808146
1039.4543030302289
1193.1441799146346
1002.2735272808146
1011.5131522989412
1187.1756229458513
1157.3700205535529
1117.486350333472
1006.4870709764182
1019.0009377376052
1041.348132775673
992.3719327068586
1198.3349243242496
1282.2112799106794
992.3719327068586
1059.9462943241178
1059.9462943241178
1025.253288510283
1139.8080345586804
1002.2735272808146
1011.5131522989412
1011.5131522989412
1007.8279311745582
991.0770548168944
1002.2735272808146
968.4024583871569
1002.2735272808146
968.402458387157
968.402458387157
968.402458387157
968.402458387157
968.402458387157
968.402458387157
968.402458387157
966.3031713325765
896.0766264148765
932.0491833634693
987.8408584861469
936.2605260587181
917.4205894087523
968.402458387157
917.4205894087523
977.6420834052836
1050.3136037189022
917.4205894087523
997.8974133425471
916.9712611788942
1128.0021695460805
1001.4117003243774
916.9712611788942
936.2367903695471
960.8077521637744
916.9712611788942
1000.9786493908501
960.4383599608869
968.402458387157
916.9712611788942
966.3031713325768
1097.3228373194918
966.3031713325768
936.2605260587181
973.919434866573
945.937964962647
936.9955844484978
966.3031713325768
1228.4647943904288
917.4205894087523
945.5911408328517
919.7581983405609
986.0988244687493
966.3031713325768
917.4205894087523
977.6420834052836
977.6420834052836
939.9132585949435
935.3911657506692
916.9712611788942
884.3283535579088
916.9712611788942
884.3283535579088
916.9712611788942
935.7595507661714
935.7595507661714
884.3283535579088
916.9712611788942
884.3283535579088
896.0766264148765
829.9076568617882
891.4906787628605
953.9697895924892
870.8919359350012
872.202912141728
884.3283535579088
917.4205894087523
884.3283535579088
999.0837580020673
884.3283535579088
960.7163905145495
916.9712611788942
1073.1485888198613
964.5605022235287
884.3283535579088
874.7424968112326
898.7275271580072
884.3283535579088
964.1274512900014
884.3283535579088
889.5457342136991
884.3283535579088
896.0766264148767
903.1041923668851
884.3283535579088
903.6176184377327
876.9156155295691
901.3555809686831
883.6249990349355
896.0766264148767
952.3857476181292
870.8919359350012
911.7200719391939
870.8919359350012
951.0287837723632
884.3283535579088
873.9642379355048
884.3283535579088
944.9991757842982
884.3283535579088
926.7987426120108
884.3283535579088
829.9076568617882
829.9076568617882
852.8156503116701
875.5163264335151
829.9076568617882
904.2468475199327
829.9076568617882
884.3283535579088
829.9076568617882
863.4337187938911
798.3775611973034
829.9076568617882
829.9076568617882
829.8902644435424
830.5869248066979
852.8156503116701
829.9076568617882
852.8156503116701
959.5200741500137
829.9076568617882
829.9076568617882
829.9076568617882
829.9076568617882
829.9076568617882
852.8156503116701
829.9076568617882
829.9076568617882
852.8156503116701
930.2563823963438
829.9076568617882
829.9076568617882
829.9076568617882
829.9076568617882
847.7139092707047
829.9076568617882
878.0160586182762
829.9076568617882
865.8489485681395
850.9820914139501
829.9076568617882
829.9076568617882
829.8902644435424
829.9076568617882
830.5311788555478
886.8973925057098
852.8156503116701
829.9076568617882
829.9076568617882
913.4864725380595
829.9076568617882
895.286039365772
829.9076568617882
798.3775611973034
798.3775611973034
828.7831579770613
829.9076568617882
798.3775611973034
876.1373197928458
798.3949536155494
865.1531581071196
798.3775611973034
798.3775611973034
797.027654248124
797.1219637409486
798.3775611973034
798.3775611973034
799.0742215604591
828.7831579770613
798.3775611973034
798.3775611973034
903.9388123324821
798.3775611973034
798.3775611973034
798.3949536155494
798.3949536155494
798.3775611973034
828.7831579770613
797.027654248124
798.3949536155494
798.3775611973034
798.3775611973034
797.027654248124
798.3775611973034
797.027654248124
798.3949536155494
815.3226199913896
797.027654248124
798.3775611973034
798.3775611973034
811.6565991135437
798.3775611973034
797.027654248124
798.3775611973034
798.3775611973034
797.027654248124
784.6778665077661
798.3775611973034
798.3775611973034
815.5792235473308
797.027654248124
885.4993479037893
797.1219637409486
798.3775611973034
797.027654248124
797.027654248124
797.027654248124
794.3837566475806
798.3949536155494
797.027654248124
797.027654248124
773.4087915521973
797.027654248124
774.6643890085521
797.027654248124
773.4087915521973
773.4087915521973
773.4087915521973
773.314482059373
773.4087915521973
805.06998578831
774.6643890085521
773.4087915521973
884.9884940639147
773.314482059373
773.4087915521973
773.4087915521973
773.4087915521973
774.6643890085521
773.4087915521973
773.4087915521973
773.4087915521973
798.3775611973034
773.4087915521973
773.314482059373
773.314482059373
773.4087915521973
773.4087915521973
773.4087915521973
797.027654248124
773.314482059373
773.314482059373
773.4087915521973
773.4087915521973
773.4087915521973
773.4087915521973
773.314482059373
773.314482059373
784.6778665077661
773.314482059373
773.4087915521973
773.4087915521973
773.314482059373
861.4822347948497
773.4087915521973
773.314482059373
773.314482059373
773.4087915521973
773.4087915521973
773.4087915521973
773.4087915521973
773.3144820593727
773.4087915521973
773.4087915521973
773.314482059373
774.6643890085521
773.4087915521973
809.1415696790839
754.9892319548369
767.3338584005728
754.8949224620123
767.3338584005728
805.06998578831
756.2448294111917
754.9892319548367
773.4087915521973
773.3144820593727
767.3338584005728
767.3338584005728
767.3338584005728
756.2448294111917
767.3338584005728
767.3338584005728
767.3338584005728
773.3144820593727
767.3338584005728
773.3144820593727
754.8949224620123
767.3338584005728
754.9892319548369
767.3338584005728
773.3144820593727
754.8949224620123
773.3144820593727
754.9892319548367
754.9892319548367
754.9892319548367
767.3338584005728
754.8949224620123
773.3144820593727
751.643810575393
773.314482059373
754.9892319548367
754.9892319548367
773.3144820593727
747.2699289561585
754.9892319548367
773.314482059373
773.3144820593727
767.3338584005728
767.3338584005728
754.9892319548367
767.3338584005728
773.3144820593727
754.9892319548367
773.4087915521973
754.8949224620123
774.6643890085521
754.9892319548367
747.2699289561585
737.0185356947429
747.2699289561587
736.9440003679995
747.2699289561587
747.2699289561587
747.2699289561587
747.2699289561587
754.9892319548367
747.2699289561587
747.2699289561587
760.4573429337321
748.619835905338
747.2699289561587
747.2699289561587
748.619835905338
747.2699289561587
747.2699289561587
748.619835905338
747.2699289561587
747.2699289561587
747.2699289561587
747.2699289561587
747.2699289561587
747.2699289561587
754.8949224620123
747.2699289561587
730.2834582719272
737.0185356947429
747.2699289561587
748.619835905338
736.9440003679995
747.2699289561587
747.2699289561587
773.3144820593727
730.2834582719272
747.2699289561587
754.8949224620123
747.2699289561585
747.2699289561587
747.2699289561587
754.8949224620123
748.619835905338
747.2699289561587
754.9892319548367
767.3338584005728
747.2699289561587
730.2834582719272
766.0155519074765
747.2699289561587
756.2448294111917
747.2699289561587
707.6221225146545
719.06761360073
728.8503693587983
707.6221225146545
729.292138825767
729.292138825767
725.5730446086676
729.292138825767
725.5730446086676
729.292138825767
729.292138825767
730.2834582719273
725.5730446086676
729.292138825767
728.8503693587983
748.619835905338
729.292138825767
729.292138825767
729.292138825767
725.5730446086676
725.5730446086676
729.292138825767
729.292138825767
725.5730446086676
729.292138825767
729.292138825767
725.5730446086676
707.6221225146545
707.6221225146545
728.8503693587983
707.6221225146545
697.0463342411607
707.6221225146545
707.6221225146545
754.8949224620123
707.2861142963415
707.6221225146545
736.9440003679993
707.6221225146545
728.8503693587983
707.6221225146545
754.8949224620123
748.619835905338
707.6221225146545
737.0185356947429
707.6221225146545
729.3338639718166
712.3325361779142
707.2861142963415
728.8503693587983
707.6221225146545
707.6221225146545
739.7633088705995
708.8278335455493
697.0463342411607
697.0463342411607
697.0463342411607
697.0463342411607
697.0463342411607
697.0463342411607
697.0463342411607
697.0463342411607
697.0463342411607
697.0463342411607
697.0463342411607
711.3412167317539
697.0463342411607
697.0463342411607
697.0463342411607
729.292138825767
697.0463342411607
697.0463342411607
697.0463342411607
697.0463342411607
697.0463342411607
697.0463342411607
697.0463342411607
723.9530029767978
697.0463342411607
697.0463342411607
697.0463342411607
697.0463342411607
697.0463342411607
697.0463342411607
697.3823424594738
697.3823424594738
739.7633088705994
707.2861142963415
707.6221225146545
726.7042203128185
707.6221225146545
728.8503693587983
707.6221225146544
739.7633088705994
727.8054030450483
707.6221225146544
737.0185356947429
707.6221225146545
707.6221225146545
712.3325361779142
707.2861142963415
728.8503693587983
697.3823424594738
707.6221225146545
677.7844722676939
689.3005518162897
677.7844722676939
677.6285406410775
677.6285406410775
677.6285406410775
677.6285406410775
677.6285406410775
677.6285406410775
677.6285406410775
677.6285406410775
677.6285406410775
677.6285406410775
677.6285406410775
678.3408360762452
677.6285406410775
677.6285406410775
677.6285406410775
677.6285406410775
677.6285406410775
677.6285406410775
677.6285406410775
677.6285406410775
677.6285406410775
677.6285406410775
697.0463342411607
677.6285406410775
677.6285406410775
677.6285406410775
677.6285406410775
677.6285406410775
677.6285406410775
678.6768442945582
677.6285406410775
678.3408360762452
677.6285406410775
677.6285406410775
711.733546938819
677.6285406410775
677.6285406410775
677.6285406410775
678.3408360762452
677.6285406410775
677.6285406410775
677.6285406410775
697.3823424594738
677.6285406410775
677.6285406410775
677.6285406410775
677.6285406410775
697.3823424594738
677.6285406410775
673.569569843973
681.2013572571929
673.569569843973
673.569569843973
634.8430190271247
668.9545561173638
634.8430190271247
634.8430190271247
668.9545561173638
626.169034503411
626.169034503411
634.8430190271247
634.8430190271247
626.169034503411
662.0236224616365
634.8430190271247
634.8430190271247
634.8430190271247
634.8430190271247
664.8955853202594
626.169034503411
626.169034503411
634.8430190271247
626.169034503411
668.9545561173638
662.0236224616365
634.8430190271247
634.8430190271247
677.6285406410775
634.8430190271247
626.169034503411
664.8955853202594
662.0236224616365
634.8430190271247
662.0236224616365
634.8430190271247
626.169034503411
634.8430190271247
634.8430190271247
668.9545561173638
626.169034503411
662.0236224616365
668.9545561173638
634.8430190271247
626.169034503411
662.0236224616365
634.8430190271247
626.169034503411
634.8430190271247
626.169034503411
634.8430190271247
626.169034503411
616.5470971229895
625.8496791006507
625.8496791006507
625.2210816467032
625.2210816467032
625.8496791006507
625.2210816467032
625.2210816467032
625.8496791006507
616.5470971229895
616.5470971229895
625.2210816467032
616.5470971229895
616.5470971229895
616.5470971229895
616.5470971229895
616.5470971229895
616.5470971229895
616.5470971229895
616.5470971229895
616.5470971229895
616.5470971229895
616.5470971229895
616.5470971229895
616.5470971229895
662.0236224616365
616.5470971229895
616.5470971229895
616.5470971229895
616.5470971229895
616.5470971229895
616.5470971229895
616.5470971229895
616.5470971229895
647.4449804637752
616.5470971229895
616.5470971229895
616.5470971229895
616.5470971229895
660.5415892622867
616.5470971229895
616.5470971229895
616.5470971229895
616.5470971229895
616.5470971229895
616.5470971229895
616.5470971229895
616.5470971229895
625.2210816467032
616.5470971229895
616.5470971229895
616.5470971229895
616.5470971229895
616.5470971229895
616.5470971229895
616.5470971229895
616.5470971229895
622.2291694487064
616.5470971229895
616.5470971229895
616.5470971229895
616.5470971229895
616.5470971229895
616.5470971229895
612.6626451300383
616.5470971229895
616.5470971229895
616.5470971229895
616.5470971229895
616.5470971229895
616.5470971229895
616.5470971229895
612.6626451300383
616.5470971229895
616.5470971229895
612.6626451300383
612.6626451300383
616.5470971229895
612.6626451300383
616.5470971229895
616.5470971229895
612.6626451300383
616.5470971229895
616.5470971229895
616.5470971229895
612.6626451300383
616.5470971229895
612.6626451300383
616.5470971229895
612.6626451300383
612.6626451300383
616.5470971229895
616.5470971229895
616.5470971229895
612.6626451300383
612.6626451300383
616.5470971229895
612.6626451300383
616.5470971229895
616.5470971229895
616.5470971229895
616.5470971229895
616.5470971229895
616.5470971229895
672.187569367871
612.6626451300383
612.6626451300383
612.6626451300383
612.6626451300383
612.6626451300383
612.6626451300383
612.6626451300383
612.6626451300383
612.6626451300383
612.6626451300383
612.6626451300383
612.6626451300383
612.6626451300383
616.5470971229895
612.6626451300383
612.6626451300383
616.5470971229895
612.6626451300383
616.5470971229895
612.6626451300383
616.5470971229895
616.5470971229895
612.6626451300383
607.6523842184786
616.5470971229895
612.6626451300383
616.5470971229895
616.5470971229895
612.6626451300383
612.6626451300383
616.5470971229895
616.5470971229895
612.6626451300383
612.6626451300383
612.6626451300383
616.5470971229895
612.6626451300383
612.6626451300383
612.6626451300383
616.5470971229895
616.5470971229895
607.6523842184786
607.6523842184786
616.5470971229895
612.6626451300383
616.5470971229895
616.5470971229895
612.6626451300383
612.6626451300383
616.5470971229895
612.6626451300383
607.6523842184786
607.6523842184788
602.8693580459162
612.6626451300383
607.6523842184788
602.8693580459162
607.6523842184788
607.6523842184788
607.6523842184788
607.6523842184788
607.6523842184788
607.6523842184786
612.6626451300383
607.6523842184788
616.5470971229895
612.6626451300383
607.6523842184788
607.6523842184788
607.6523842184788
607.6523842184788
607.6523842184788
607.6523842184788
607.6523842184788
607.6523842184788
607.6523842184786
607.6523842184788
607.6523842184786
616.5470971229895
607.6523842184788
607.6523842184786
607.6523842184788
607.6523842184788
607.6523842184788
612.6626451300383
607.6523842184786
607.6523842184786
607.6523842184788
607.6523842184786
607.6523842184788
607.6523842184788
612.6626451300383
607.6523842184788
607.6523842184786
607.6523842184786
607.6523842184788
607.6523842184788
607.6523842184788
616.5470971229895
607.6523842184786
607.6523842184788
607.6523842184788
607.6523842184788
602.8693580459162
602.3454342470202
602.8693580459162
602.8693580459163
602.3454342470202
602.8693580459162
602.3454342470202
602.3454342470202
598.7249245950759
598.7249245950759
607.6523842184788
598.7249245950759
602.3454342470202
602.3454342470202
602.8693580459163
602.3454342470202
598.7249245950759
597.8590971343567
602.3454342470202
604.0318745665345
602.3454342470202
598.7249245950759
602.3454342470202
602.3454342470202
598.7249245950759
597.8590971343567
602.3454342470202
602.3454342470202
597.8590971343567
602.3454342470202
607.6523842184788
602.3454342470202
602.3454342470202
602.3454342470202
602.3454342470202
602.3454342470202
602.3454342470202
602.3454342470202
602.3454342470202
598.7249245950759
602.3454342470202
602.3454342470202
602.3454342470202
602.3454342470202
602.3454342470202
597.8590971343567
602.3454342470202
602.8693580459163
602.3454342470202
598.7249245950759
597.8590971343567
602.3454342470202
597.8590971343567
597.8590971343568
597.8590971343567
597.8590971343568
597.8590971343568
597.8590971343568
598.7249245950759
597.8590971343568
597.8590971343568
597.8590971343568
597.8590971343568
597.8590971343568
597.8590971343568
597.8590971343568
602.8693580459163
597.8590971343568
594.5214924639608
597.8590971343567
597.8590971343568
597.8590971343568
597.8590971343568
598.7249245950759
598.7249245950759
597.8590971343568
594.5214924639608
597.8590971343567
597.8590971343568
597.8590971343568
594.2385874824124
602.3454342470202
597.8590971343567
598.7249245950759
597.8590971343568
597.8590971343568
597.8590971343568
602.3454342470202
597.8590971343568
597.8590971343568
597.8590971343568
597.8590971343568
597.8590971343568
597.8590971343568
597.8590971343568
597.8590971343568
597.8590971343568
597.8590971343567
597.8590971343568
597.8590971343568
597.8590971343568
594.5214924639608
597.8590971343567
602.3454342470202
594.2385874824124
594.2385874824125
594.2385874824125
594.2385874824125
594.2385874824125
594.2385874824125
594.2385874824125
594.2385874824125
594.2385874824125
594.2385874824125
594.2385874824125
594.2385874824125
594.2385874824125
594.2385874824125
594.2385874824125
594.2385874824125
594.2385874824125
594.2385874824125
594.2385874824125
594.2385874824125
597.8590971343568
594.2385874824125
594.2385874824125
594.2385874824125
594.2385874824125
594.2385874824124
594.2385874824125
594.2385874824125
594.2385874824124
597.8590971343568
594.2385874824125
594.2385874824125
594.2385874824125
597.8590971343568
594.2385874824125
594.2385874824125
594.2385874824125
594.2385874824125
594.2385874824125
594.2385874824125
594.2385874824125
594.2385874824125
594.2385874824125
594.2385874824125
594.2385874824125
597.8590971343567
594.2385874824125
594.2385874824125
594.2385874824125
590.9278109768015
594.2385874824125
594.2385874824125
590.9278109768014
590.9278109768014
590.0351553512975
590.0351553512975
590.0351553512975
590.9278109768014
590.9278109768014
590.9278109768014
590.9278109768014
590.9278109768014
590.0351553512975
590.9278109768014
590.9278109768014
590.0351553512975
590.0351553512975
590.9278109768014
590.9278109768014
590.9278109768014
590.9278109768014
590.0351553512975
590.9278109768014
590.9278109768014
590.0351553512975
594.2385874824125
590.9278109768014
590.0351553512974
590.9278109768014
590.9278109768014
590.9278109768014
594.2385874824125
590.0351553512975
590.9278109768014
590.9278109768014
590.9278109768014
590.9278109768014
590.0351553512975
590.9278109768014
590.9278109768014
590.9278109768014
590.0351553512975
590.9278109768014
590.9278109768014
590.9278109768014
590.9278109768014
590.0351553512975
590.9278109768014
590.9278109768014
590.9278109768014
590.9278109768014
590.9278109768014
590.9278109768014
590.9278109768014
586.4414738641381
590.0351553512975
590.0351553512975
590.0351553512975
590.0351553512975
590.0351553512975
587.5187976586736
590.0351553512975
590.0351553512975
590.0351553512975
590.0351553512975
590.0351553512975
587.5187976586736
590.0351553512975
590.0351553512975
590.0351553512975
590.9278109768014
590.0351553512975
590.0351553512975
590.0351553512975
587.5187976586736
587.5187976586736
586.4414738641382
590.0351553512975
590.0351553512975
586.4414738641381
590.9278109768014
586.4414738641382
586.4414738641382
586.4414738641382
586.4414738641382
586.4414738641382
586.4414738641382
586.4414738641382
586.4414738641382
586.4414738641382
586.4414738641382
586.4414738641382
586.4414738641382
586.4414738641382
586.4414738641382
590.9278109768014
586.4414738641382
586.4414738641382
586.4414738641382
590.9278109768014
586.4414738641382
586.4414738641382
586.4414738641382
586.4414738641382
586.4414738641382
586.4414738641382
586.4414738641381
586.4414738641382
586.4414738641382
586.4414738641382
590.0351553512975
586.4414738641382
586.4414738641382
586.4414738641382
586.4414738641382
586.4414738641382
586.4414738641382
586.4414738641382
582.1395507369277
586.4414738641382
586.4414738641382
586.4414738641382
586.4414738641382
586.4414738641382
586.4414738641382
586.4414738641382
586.4414738641382
586.4414738641382
586.4414738641382
586.4414738641382
586.4414738641382
586.4414738641381
586.4414738641382
586.4414738641382
586.4414738641381
583.0324605460104
583.0324605460104
586.4414738641381
586.4414738641382
586.4414738641382
586.4414738641381
586.4414738641382
586.4414738641382
586.4414738641381
586.4414738641381
583.0324605460104
586.4414738641382
586.4414738641382
586.4414738641382
586.4414738641381
586.4414738641382
590.9278109768014
583.0324605460104
583.0324605460104
586.4414738641382
586.4414738641382
583.0324605460104
586.4414738641382
582.1395507369277
582.1395507369278
582.1395507369278
582.1395507369278
582.1395507369278
582.1395507369278
582.1395507369278
582.1395507369278
582.1395507369278
582.1395507369278
586.4414738641382
582.1395507369278
582.1395507369277
582.1395507369278
582.1395507369278
582.1395507369278
583.0324605460104
583.0324605460104
582.1395507369278
582.1395507369278
582.1395507369278
582.1395507369278
582.1395507369278
582.1395507369278
582.1395507369278
582.1395507369278
582.1395507369278
582.1395507369278
582.1395507369278
582.1395507369278
582.1395507369278
582.1395507369278
582.1395507369278
583.0324605460104
586.4414738641381
582.1395507369278
582.1395507369278
582.1395507369278
582.1395507369278
582.1395507369278
582.1395507369278
582.1395507369278
582.1395507369278
582.1395507369278
582.1395507369278
582.1395507369278
582.1395507369278
583.0324605460104
582.1395507369278
582.1395507369278
582.1395507369278
582.1395507369278
582.1395507369277
582.1395507369278
582.1395507369278
579.7115445505909
582.1395507369278
579.7115445505909
579.7115445505909
582.1395507369278
579.7115445505909
579.7115445505909
582.1395507369278
582.1395507369278
582.1395507369277
579.7115445505909
579.7115445505909
582.1395507369278
577.6532136242644
582.1395507369278
582.1395507369278
582.1395507369278
579.7115445505909
582.1395507369278
582.1395507369278
582.1395507369278
582.1395507369278
582.1395507369278
582.1395507369278
582.1395507369278
582.1395507369278
582.1395507369278
582.1395507369278
582.1395507369278
579.7115445505909
582.1395507369278
582.1395507369278
582.1395507369278
582.1395507369278
582.1395507369278
579.7115445505909
582.1395507369278
582.1395507369278
582.1395507369278
582.1395507369278
582.1395507369278
582.1395507369278
582.1395507369278
579.7115445505909
582.1395507369278
579.7115445505909
582.1395507369278
579.7115445505909
582.1395507369278
575.2252074379275
577.6532136242644
577.6532136242644
577.6532136242644
577.6532136242644
577.6532136242644
577.6532136242644
577.6532136242644
577.6532136242644
577.6532136242644
577.6532136242644
577.6532136242644
577.6532136242644
577.6532136242644
576.1462456110379
577.6532136242644
575.2252074379275
575.2252074379275
575.2252074379275
575.2252074379275
575.2252074379275
575.2252074379275
575.2252074379275
575.2252074379275
575.2252074379275
575.2252074379275
575.2252074379275
575.2252074379275
575.2252074379275
575.2252074379275
575.2252074379275
575.2252074379275
575.2252074379275
575.2252074379275
575.2252074379275
575.2252074379275
575.2252074379275
579.7115445505909
575.2252074379275
575.2252074379275
575.2252074379275
575.2252074379275
575.2252074379275
575.2252074379275
575.2252074379275
575.2252074379275
575.2252074379275
575.2252074379275
575.2252074379275
575.2252074379275
575.2252074379275
575.2252074379275
575.2252074379275
575.2252074379275
575.2252074379275
575.2252074379275
575.2252074379275
575.2252074379275
575.2252074379275
575.2252074379275
575.2252074379275
575.2252074379275
575.2252074379275
575.2252074379275
575.2252074379275
575.2252074379275
575.2252074379275
575.2252074379275
575.2252074379275
575.2252074379275
575.2252074379275
575.2252074379275
575.2252074379275
575.2252074379275
575.2252074379275
575.2252074379275
571.6599084983743
575.2252074379275
575.2252074379275
575.2252074379275
575.2252074379275
575.2252074379275
575.2252074379275
575.2252074379275
575.2252074379275
575.2252074379273
575.2252074379273
575.2252074379275
575.2252074379275
575.2252074379275
575.2252074379275
575.2252074379273
575.2252074379275
575.2252074379275
575.2252074379275
575.2252074379275
571.6599084983743
575.2252074379275
571.6599084983743
571.6599084983743
571.6599084983743
575.2252074379275
575.2252074379273
575.2252074379275
571.6599084983743
571.6599084983743
571.6599084983743
571.6599084983743
571.6599084983743
575.2252074379275
571.6599084983743
571.6599084983743
571.6599084983743
571.6599084983743
575.2252074379273
571.6599084983743
571.6599084983743
571.6599084983743
571.6599084983743
571.6599084983743
571.6599084983743
571.6599084983743
571.6599084983743
575.2252074379275
571.6599084983743
571.6599084983743
571.6599084983743
571.6599084983743
571.6599084983743
571.6599084983743
571.6599084983743
571.6599084983743
571.6599084983743
571.6599084983743
571.6599084983743
571.6599084983743
571.6599084983743
571.6599084983743
571.6599084983743
571.6599084983743
571.6599084983743
571.6599084983743
571.6599084983743
571.6599084983743
571.6599084983743
571.6599084983743
571.6599084983743
571.6599084983743
571.6599084983743
575.2252074379275
571.6599084983743
571.6599084983743
563.1292451334584
571.6599084983743
571.6599084983743
571.6599084983743
563.1292451334584
563.1292451334585
563.1292451334585
563.1292451334585
563.1292451334585
575.2252074379275
563.1292451334585
563.1292451334585
563.1292451334585
563.1292451334585
563.1292451334585
563.1292451334585
563.1292451334585
563.1292451334585
563.1292451334585
563.1292451334585
563.1292451334585
563.1292451334585
563.1292451334585
563.1292451334585
563.1292451334585
563.1292451334585
563.1292451334585
563.1292451334584
563.1292451334585
571.6599084983743
563.1292451334585
563.1292451334585
563.1292451334585
563.1292451334585
563.1292451334585
571.6599084983743
563.1292451334585
563.1292451334585
563.1292451334585
563.1292451334585
563.1292451334585
563.1292451334585
563.1292451334585
563.1292451334585
563.1292451334585
563.1292451334585
563.1292451334585
563.1292451334585
563.1292451334584
563.1292451334585
563.1292451334585
563.1292451334585
563.1292451334584
563.1292451334585
563.1292451334585
563.1292451334585
563.1292451334584
563.1292451334585
555.4813265955107
563.1292451334585
563.1292451334585
563.1292451334585
563.1292451334585
563.1292451334584
563.1292451334585
555.4813265955107
563.1292451334585
563.1292451334585
555.4813265955107
563.1292451334585
563.1292451334585
563.1292451334584
563.1292451334585
563.1292451334585
563.1292451334584
563.1292451334585
563.1292451334585
563.1292451334585
555.4813265955107
563.1292451334584
563.1292451334585
563.1292451334585
563.1292451334584
563.1292451334585
563.1292451334584
555.4813265955107
555.4813265955107
563.1292451334585
563.1292451334585
563.1292451334584
555.4813265955107
563.1292451334584
563.1292451334584
555.4813265955107
555.4813265955107
563.1292451334585
563.1292451334584
563.1292451334585
563.1292451334584
555.4813265955107
563.1292451334584
563.1292451334584
563.1292451334585
563.1292451334585
563.1292451334584
563.1292451334585
555.4813265955107
563.1292451334584
555.4813265955107
555.4813265955107
555.4813265955107
555.4813265955107
555.4813265955107
555.4813265955107
555.4813265955107
555.4813265955107
555.4813265955107
555.4813265955107
555.4813265955107
555.4813265955107
555.4813265955107
555.4813265955107
555.4813265955107
555.4813265955107
555.4813265955107
555.4813265955107
555.4813265955107
555.4813265955107
555.4813265955107
555.4813265955107
553.8723879690771
555.4813265955107
563.1292451334585
555.4813265955107
555.4813265955107
563.1292451334585
563.1292451334584
555.4813265955107
555.4813265955107
555.4813265955107
555.4813265955107
555.4813265955107
555.4813265955107
555.4813265955107
555.4813265955107
555.4813265955107
553.8723879690771
555.4813265955107
555.4813265955107
555.4813265955107
555.4813265955107
555.4813265955107
555.4813265955107
555.4813265955107
555.4813265955107
555.4813265955107
555.4813265955107
563.1292451334585
555.4813265955107
555.4813265955107
547.115992980672
555.4813265955107
553.8723879690771
553.8723879690771
553.8723879690771
553.8723879690771
553.8723879690771
553.8723879690771
553.8723879690771
553.8723879690771
553.8723879690771
553.8723879690771
553.8723879690771
553.8723879690771
553.8723879690771
553.8723879690771
553.8723879690771
553.8723879690771
553.8723879690771
553.8723879690771
553.8723879690771
553.8723879690771
547.115992980672
547.115992980672
547.115992980672
547.115992980672
547.115992980672
547.115992980672
555.4813265955107
547.115992980672
547.115992980672
547.115992980672
547.115992980672
547.115992980672
547.115992980672
547.115992980672
547.115992980672
547.115992980672
547.115992980672
547.115992980672
547.115992980672
547.115992980672
551.9786869016173
547.115992980672
547.115992980672
547.115992980672
547.115992980672
547.115992980672
555.4813265955107
547.115992980672
555.4813265955107
547.115992980672
547.115992980672
555.4813265955107
547.115992980672
547.115992980672
547.115992980672
547.115992980672
547.115992980672
547.115992980672
547.115992980672
547.115992980672
547.115992980672
547.115992980672
547.115992980672
547.115992980672
553.8723879690771
547.115992980672
547.115992980672
547.115992980672
547.115992980672
547.115992980672
547.115992980672
547.115992980672
547.115992980672
547.115992980672
547.115992980672
547.1159929806719
547.115992980672
547.115992980672
547.115992980672
545.5436598708677
547.115992980672
547.115992980672
547.115992980672
547.1159929806719
547.115992980672
547.115992980672
547.1159929806719
547.1159929806719
547.1159929806719
547.1159929806719
547.1159929806719
545.5436598708677
547.115992980672
547.1159929806719
545.5436598708677
547.115992980672
547.1159929806719
547.115992980672
547.115992980672
547.115992980672
547.115992980672
547.115992980672
545.5436598708677
545.5436598708677
545.5436598708677
545.5436598708677
545.5436598708677
545.5436598708677
545.5436598708677
545.5436598708677
545.5436598708677
545.5436598708677
545.5436598708677
547.115992980672
545.5436598708677
545.5436598708677
545.5436598708677
545.5436598708677
545.5436598708677
545.5436598708677
545.5436598708677
545.5436598708677
545.5436598708677
545.5436598708677
545.5436598708677
545.5436598708677
545.5436598708677
545.5436598708677
545.5436598708677
545.5436598708677
545.5436598708677
545.5436598708677
545.5436598708677
545.5436598708677
545.5436598708677
545.5436598708677
545.5436598708677
545.5436598708677
545.5436598708677
545.5436598708677
545.5436598708677
545.5436598708677
545.5436598708677
545.5436598708677
545.5436598708677
545.5436598708677
545.5436598708677
545.5436598708677
545.5436598708677
545.5436598708677
545.5436598708677
545.5436598708677
545.5436598708677
545.5436598708677
688.6714616372849
545.5436598708677
545.5436598708677
545.5436598708677
545.5436598708677
545.5436598708677
544.2233359494655
545.5436598708677
545.5436598708677
545.5436598708677
545.5436598708677
545.5436598708677
545.5436598708677
545.5436598708677
545.5436598708677
545.5436598708677
545.5436598708677
545.5436598708677
545.5436598708677
545.5436598708677
545.5436598708677
545.5436598708677
545.5436598708677
545.5436598708677
545.5436598708677
544.2233359494655
545.5436598708677
545.5436598708677
545.5436598708677
545.5436598708677
545.5436598708677
545.5436598708677
545.5436598708677
544.2233359494655
545.5436598708677
545.5436598708677
545.5436598708677
545.5436598708677
545.5436598708677
545.5436598708677
545.5436598708677
545.5436598708677
545.5436598708677
544.2233359494655
545.5436598708677
545.5436598708677
544.2233359494655
545.5436598708677
545.5436598708677
545.5436598708677
545.5436598708677
545.5436598708677
544.2233359494654
544.2233359494654
544.2233359494654
544.2233359494654
544.2233359494654
544.2233359494654
544.2233359494654
544.2233359494655
544.2233359494655
544.2233359494655
544.2233359494655
544.2233359494655
544.2233359494655
544.2233359494655
544.2233359494655
544.2233359494655
544.2233359494655
544.2233359494655
544.2233359494655
544.2233359494655
544.2233359494655
544.2233359494655
544.2233359494655
544.2233359494655
544.2233359494655
544.2233359494654
545.5436598708677
544.2233359494655
544.2233359494655
544.2233359494655
544.2233359494655
544.2233359494655
544.2233359494655
544.2233359494655
544.2233359494655
545.5436598708677
544.2233359494655
544.2233359494655
544.2233359494655
544.2233359494655
544.2233359494655
544.2233359494655
544.2233359494655
544.2233359494655
544.2233359494655
544.2233359494655
544.2233359494654
544.2233359494655
544.2233359494655
544.2233359494655
544.2233359494655
544.2233359494655
544.2233359494654
543.9534028012753
544.2233359494654
544.2233359494654
544.2233359494654
543.9534028012753
544.2233359494654
544.2233359494655
543.9534028012752
543.9534028012752
543.9534028012752
544.2233359494655
544.2233359494655
544.2233359494655
544.2233359494655
544.2233359494655
544.2233359494655
544.2233359494655
544.2233359494655
544.2233359494655
544.2233359494655
544.2233359494655
544.2233359494655
544.2233359494655
544.2233359494655
544.2233359494654
544.2233359494655
544.2233359494655
543.9534028012752
543.9534028012752
544.2233359494655
544.2233359494655
544.2233359494655
544.2233359494654
544.2233359494655
544.2233359494655
544.2233359494655
544.2233359494655
543.9534028012752
544.2233359494655
544.2233359494655
544.2233359494655
544.2233359494655
544.2233359494655
544.2233359494655
544.2233359494655
544.2233359494654
544.2233359494655
544.2233359494655
544.2233359494655
543.9534028012752
544.2233359494654
543.9534028012752
543.9534028012752
543.9534028012753
543.9534028012753
543.9534028012753
543.9534028012753
543.9534028012753
543.9534028012753
543.9534028012752
543.9534028012752
543.9534028012752
543.9534028012753
543.9534028012753
543.9534028012753
543.9534028012753
543.9534028012753
543.9534028012753
543.9534028012753
543.9534028012753
543.9534028012753
543.9534028012753
543.9534028012752
543.9534028012753
543.9534028012752
543.9534028012753
543.9534028012753
543.9534028012753
543.9534028012753
543.9534028012752
543.9534028012752
543.9534028012753
543.9534028012753
543.9534028012753
543.9534028012753
543.9534028012753
543.9534028012753
543.9534028012753
543.9534028012753
543.9534028012752
543.9534028012753
543.9534028012753
543.9534028012753
543.9534028012753
543.9534028012753
543.9534028012753
543.9534028012753
544.2233359494654
544.2233359494655
543.9534028012753
543.9534028012753
543.9534028012752
543.9534028012753
601.3488300521445
539.09070888033
543.9534028012753
543.9534028012753
543.9534028012753
543.9534028012753
539.09070888033
543.9534028012753
543.9534028012752
543.9534028012752
543.9534028012752
543.9534028012753
543.9534028012753
543.9534028012753
543.9534028012753
543.9534028012753
543.9534028012753
539.09070888033
543.9534028012753
543.9534028012753
543.9534028012753
543.9534028012752
543.9534028012753
543.9534028012752
543.9534028012753
543.9534028012753
543.9534028012753
539.0907088803299
543.9534028012752
543.9534028012752
543.9534028012753
543.9534028012753
543.9534028012753
543.9534028012753
543.9534028012753
543.9534028012753
543.9534028012753
539.09070888033
543.9534028012752
543.9534028012753
543.9534028012753
543.9534028012753
539.09070888033
543.9534028012753
543.9534028012753
543.9534028012753
544.2233359494654
544.2233359494655
543.9534028012753
543.9534028012753
543.9534028012752
543.9534028012753
538.7464363137932
538.7464363137932
543.9534028012753
539.0907088803299
539.0907088803299
539.0907088803299
539.0907088803299
539.0907088803299
539.0907088803299
539.0907088803299
539.0907088803299
543.9534028012753
539.0907088803299
539.0907088803299
539.0907088803299
539.0907088803299
539.0907088803299
538.7464363137932
539.0907088803299
539.0907088803299
539.09070888033
539.0907088803299
539.0907088803299
539.0907088803299
539.0907088803299
539.0907088803299
543.9534028012753
538.7464363137932
538.7464363137932
538.7464363137932
538.7464363137932
538.7464363137932
543.9534028012753
538.7464363137932
538.7464363137932
538.7464363137932
538.7464363137932
538.7464363137932
538.7464363137932
538.7464363137932
538.7464363137932
538.7464363137932
538.7464363137932
538.7464363137932
538.7464363137932
538.7464363137932
538.7464363137932
538.7464363137932
538.7464363137932
538.7464363137932
538.7464363137932
538.7464363137932
535.4557377449195
538.7464363137932
543.9534028012753
538.7464363137932
538.7464363137932
538.7464363137932
538.7464363137932
538.7464363137932
538.7464363137932
538.7464363137932
539.0907088803299
543.9534028012753
538.7464363137932
538.7464363137932
538.7464363137932
538.7464363137932
538.7464363137932
538.7464363137932
538.7464363137932
538.7464363137932
538.7464363137932
538.7464363137932
538.7464363137932
538.7464363137932
538.7464363137932
538.7464363137932
538.7464363137932
535.4557377449195
535.4557377449196
535.4557377449196
535.4557377449196
535.4557377449196
543.9534028012753
535.4557377449196
535.4557377449196
535.4557377449196
535.4557377449196
538.7464363137932
535.4557377449196
535.4557377449196
535.4557377449196
535.4557377449195
535.4557377449196
535.4557377449196
535.4557377449196
535.4557377449196
535.4557377449196
535.4557377449196
535.4557377449196
535.4557377449196
535.4557377449195
535.4557377449196
535.4557377449195
535.4557377449196
535.4557377449196
535.4557377449196
535.4557377449196
535.4557377449196
535.4557377449196
535.4557377449196
535.4557377449196
535.4557377449196
535.4557377449196
538.7464363137932
535.4557377449196
535.4557377449196
535.4557377449196
535.4557377449196
535.4557377449195
535.4557377449196
535.4557377449196
535.4557377449196
535.4557377449196
535.4557377449196
535.4557377449195
535.4557377449196
538.7464363137932
538.7464363137932
535.4557377449196
535.4557377449195
535.4557377449196
535.1930572305369
535.4557377449196
535.4557377449196
535.4557377449196
535.4557377449196
535.4557377449196
535.4557377449196
535.4557377449196
535.4557377449196
535.4557377449196
535.4557377449196
535.4557377449196
535.4557377449195
535.4557377449196
535.4557377449196
535.4557377449196
535.4557377449196
535.4557377449196
535.4557377449196
535.1930572305369
535.4557377449196
535.4557377449195
535.4557377449196
535.1930572305369
535.1930572305369
535.1930572305369
535.1930572305369
535.1930572305369
535.1930572305369
535.1930572305369
535.1930572305369
535.1930572305369
535.1930572305369
535.1930572305369
535.1930572305369
535.4557377449196
535.1930572305369
535.1930572305369
535.1930572305369
535.1930572305369
535.1930572305369
535.1930572305369
535.1930572305369
535.4557377449196
535.1930572305369
535.1930572305369
535.1930572305369
535.1930572305369
535.1930572305369
535.1930572305369
535.1930572305369
535.1930572305369
535.1930572305369
535.4557377449196
535.1930572305369
535.1930572305369
535.1930572305369
535.1930572305369
535.1930572305369
535.1930572305369
535.1930572305369
535.1930572305369
535.1930572305369
535.1930572305369
535.1930572305369
535.1930572305369
535.1930572305369
535.1930572305369
535.1930572305369
535.1930572305369
535.1930572305369
535.1930572305369
535.1930572305369
535.1930572305369
535.1930572305369
535.1930572305369
535.1930572305369
535.1930572305369
535.1930572305369
535.1930572305369
535.1930572305369
535.1930572305369
535.1930572305369
535.1930572305369
535.1930572305369
535.1930572305369
535.1930572305369
535.1930572305369
535.1930572305369
535.1930572305369
535.1930572305369
535.1930572305369
535.1930572305369
535.1930572305369
535.1930572305369
535.1930572305369
535.1930572305369
535.1930572305369
534.3485488537946
535.1930572305369
535.1930572305369
534.3485488537946
535.1930572305369
535.1930572305369
535.1930572305369
535.1930572305369
535.1930572305369
535.1930572305369
535.1930572305369
535.1930572305369
534.3485488537946
535.1930572305369
535.1930572305369
535.1930572305369
535.1930572305369
535.1930572305369
535.1930572305369
535.1930572305369
535.1930572305369
535.1930572305369
535.1930572305369
535.1930572305369
535.1930572305369
535.1930572305369
534.3485488537946
535.1930572305369
535.1930572305369
534.3485488537946
534.3485488537946
534.3485488537946
534.3485488537946
534.3485488537946
534.3485488537946
534.3485488537946
534.3485488537946
534.3485488537946
534.3485488537946
534.3485488537946
534.3485488537946
534.3485488537946
534.3485488537946
534.3485488537946
534.3485488537946
534.3485488537946
534.3485488537946
534.3485488537946
534.3485488537946
534.3485488537946
534.3485488537946
534.3485488537946
534.3485488537946
534.3485488537946
534.3485488537946
534.3485488537946
534.3485488537946
534.3485488537946
535.1930572305369
534.3485488537946
534.3485488537946
534.3485488537946
534.3485488537946
534.3485488537946
534.3485488537946
534.3485488537946
534.3485488537946
534.3485488537946
535.1930572305369
534.3485488537946
534.3485488537946
534.3485488537946
535.1930572305369
534.3485488537946
534.3485488537946
534.3485488537946
534.3485488537946
535.1930572305369
534.3485488537946
535.1930572305369
534.3485488537946
534.3485488537946
534.3485488537945
534.3485488537946
529.2810966524986
534.3485488537946
534.3485488537945
534.3485488537946
534.3485488537946
534.3485488537946
534.3485488537946
534.3485488537946
529.2810966524987
534.3485488537946
534.3485488537946
534.3485488537945
534.3485488537945
534.3485488537946
534.3485488537946
534.3485488537946
529.2810966524986
534.3485488537945
534.3485488537946
534.3485488537946
534.3485488537946
534.3485488537946
534.3485488537946
534.3485488537946
534.3485488537945
534.3485488537946
534.3485488537946
534.3485488537946
534.3485488537946
534.3485488537946
534.3485488537946
529.2810966524986
529.2810966524987
534.3485488537945
534.3485488537946
534.3485488537945
534.3485488537946
534.3485488537946
534.3485488537945
534.3485488537945
534.3485488537946
534.3485488537945
534.3485488537946
534.3485488537945
534.3485488537946
534.3485488537946
534.3485488537946
534.3485488537946
534.3485488537945
529.2810966524986
529.2810966524986
529.2810966524986
529.2810966524986
529.2810966524986
529.2810966524986
529.2810966524986
529.2810966524986
529.2810966524986
529.2810966524986
529.2810966524986
529.2810966524986
529.2810966524986
529.2810966524986
529.2810966524986
529.2810966524986
529.2810966524986
529.2810966524986
529.2810966524986
529.2810966524986
529.2810966524986
529.2810966524986
529.2810966524986
529.2810966524986
529.2810966524986
529.2810966524986
529.2810966524986
529.2810966524986
529.2810966524986
529.2810966524986
529.2810966524986
529.2810966524986
529.2810966524986
529.2810966524986
529.2810966524986
529.2810966524986
529.2810966524986
529.2810966524986
529.2810966524986
529.2810966524986
529.2810966524986
529.2810966524986
529.2810966524986
529.2810966524986
529.2810966524986
529.2810966524986
529.2810966524986
529.2810966524986
529.2810966524986
529.2810966524986
529.2810966524986
529.2810966524986
529.2810966524986
529.2810966524985
529.2810966524985
529.2810966524986
529.2810966524986
529.2810966524986
529.2810966524985
529.2810966524985
529.2810966524986
529.2810966524986
528.775215534898
529.2810966524986
529.2810966524986
528.775215534898
529.2810966524986
529.2810966524986
529.2810966524986
529.2810966524986
529.2810966524986
529.2810966524986
529.2810966524986
529.2810966524985
529.2810966524986
528.775215534898
529.2810966524986
529.2810966524986
529.2810966524986
529.2810966524985
529.2810966524986
529.2810966524985
529.2810966524986
529.2810966524986
529.2810966524986
529.2810966524986
529.2810966524986
529.2810966524986
529.2810966524986
529.2810966524985
529.2810966524986
529.2810966524986
529.2810966524985
529.2810966524986
529.2810966524985
529.2810966524986
529.2810966524986
529.2810966524985
529.2810966524986
529.2810966524985
529.2810966524986
529.2810966524985
529.2810966524985
529.2810966524985
528.775215534898
528.775215534898
528.775215534898
528.775215534898
528.775215534898
528.775215534898
528.775215534898
528.775215534898
528.775215534898
528.775215534898
528.775215534898
528.775215534898
528.775215534898
528.775215534898
528.775215534898
528.775215534898
528.775215534898
528.775215534898
528.775215534898
528.775215534898
528.775215534898
528.775215534898
529.2810966524986
528.775215534898
528.775215534898
528.775215534898
528.775215534898
528.775215534898
528.775215534898
528.775215534898
528.775215534898
528.775215534898
528.775215534898
528.775215534898
528.775215534898
528.775215534898
528.775215534898
528.775215534898
528.775215534898
528.775215534898
528.775215534898
528.775215534898
528.775215534898
528.775215534898
528.775215534898
528.775215534898
528.775215534898
528.775215534898
528.775215534898
529.2810966524985
528.775215534898
528.775215534898
528.775215534898
528.775215534898
528.775215534898
528.775215534898
528.775215534898
528.775215534898
528.775215534898
528.775215534898
528.775215534898
528.775215534898
528.775215534898
528.775215534898
528.775215534898
528.775215534898
528.775215534898
528.775215534898
528.775215534898
528.775215534898
528.775215534898
528.775215534898
528.775215534898
528.775215534898
528.775215534898
528.775215534898
528.775215534898
528.775215534898
528.775215534898
528.775215534898
528.775215534898
528.775215534898
528.775215534898
528.775215534898
528.775215534898
528.775215534898
528.775215534898
528.775215534898
528.775215534898
528.775215534898
528.775215534898
528.775215534898
528.775215534898
528.775215534898
528.775215534898
528.775215534898
528.775215534898
528.775215534898
528.775215534898
528.775215534898
528.775215534898
528.775215534898
528.775215534898
528.775215534898
528.775215534898
528.775215534898
528.775215534898
528.775215534898
528.775215534898
528.775215534898
528.775215534898
528.775215534898
528.775215534898
528.775215534898
528.775215534898
528.775215534898
528.775215534898
528.775215534898
528.775215534898
528.775215534898
528.775215534898
528.775215534898
528.775215534898
528.775215534898
528.775215534898
528.775215534898
528.775215534898
528.775215534898
528.775215534898
528.775215534898
528.775215534898
528.775215534898
528.775215534898
528.775215534898
528.775215534898
528.775215534898
528.775215534898
528.775215534898
528.775215534898
528.775215534898
528.775215534898
528.775215534898
528.775215534898
528.775215534898
528.775215534898
528.775215534898
528.775215534898
528.775215534898
528.775215534898
528.775215534898
528.775215534898
528.775215534898
528.775215534898
528.775215534898
528.775215534898
528.775215534898
528.775215534898
528.775215534898
528.775215534898
528.775215534898
528.775215534898
528.775215534898
528.775215534898
528.775215534898
528.775215534898
528.775215534898
528.775215534898
528.775215534898
528.775215534898
528.775215534898
528.775215534898
528.775215534898
528.775215534898
528.775215534898
528.775215534898
528.775215534898
528.775215534898
528.775215534898
528.775215534898
528.775215534898
528.775215534898
528.775215534898
528.775215534898
528.775215534898
528.775215534898
528.775215534898
528.775215534898
528.775215534898
528.775215534898
528.775215534898
528.775215534898
528.775215534898
528.775215534898
528.775215534898
528.775215534898
528.775215534898
528.775215534898
528.775215534898
528.775215534898
528.775215534898
528.775215534898
528.775215534898
528.775215534898
528.775215534898
528.775215534898
528.775215534898
528.775215534898
528.775215534898
529.2810966524985
528.775215534898
528.775215534898
528.775215534898
528.775215534898
528.775215534898
528.775215534898
528.775215534898
528.775215534898
528.775215534898
528.775215534898
528.775215534898
528.775215534898
528.775215534898
528.775215534898
528.775215534898
528.775215534898
528.775215534898
528.775215534898
528.775215534898
528.775215534898
528.775215534898
528.775215534898
528.775215534898
528.775215534898
528.775215534898
528.775215534898
528.775215534898
528.775215534898
528.775215534898
528.775215534898
528.775215534898
528.775215534898
528.775215534898
528.775215534898
528.775215534898
528.775215534898
528.775215534898
528.775215534898
528.775215534898
528.775215534898
528.775215534898
528.775215534898
528.775215534898
528.775215534898
528.775215534898
528.775215534898
528.775215534898
528.775215534898
528.775215534898
528.775215534898
528.775215534898
528.775215534898
528.775215534898
528.775215534898
528.775215534898
528.775215534898
528.775215534898
528.775215534898
528.775215534898
528.775215534898
528.775215534898
528.775215534898
528.775215534898
528.775215534898
528.775215534898
528.775215534898
528.775215534898
528.775215534898
528.775215534898
528.775215534898
528.775215534898
528.775215534898
528.775215534898
528.775215534898
528.775215534898
528.775215534898
528.775215534898
528.775215534898
528.775215534898
528.775215534898
528.775215534898
528.775215534898
528.775215534898
528.775215534898
528.775215534898
528.775215534898
528.775215534898
528.775215534898
528.775215534898
528.775215534898
528.775215534898
528.775215534898
528.775215534898
528.775215534898
528.775215534898
528.775215534898
528.775215534898
528.775215534898
528.775215534898
528.775215534898
528.775215534898
528.775215534898
528.775215534898
528.775215534898
528.775215534898
528.775215534898
528.775215534898
528.775215534898
528.775215534898
528.775215534898
528.775215534898
528.775215534898
528.775215534898
528.775215534898
528.775215534898
528.775215534898
528.775215534898
528.775215534898
528.775215534898
528.775215534898
528.775215534898
528.775215534898
528.775215534898
528.775215534898
528.775215534898
528.775215534898
528.775215534898
528.775215534898
528.775215534898
528.775215534898
528.775215534898
528.775215534898
528.775215534898
528.775215534898
528.775215534898
528.775215534898
528.775215534898
528.775215534898
528.775215534898
528.775215534898
528.775215534898
528.775215534898
528.775215534898
528.775215534898
528.775215534898
528.775215534898
528.775215534898
528.775215534898
528.775215534898
528.775215534898
528.775215534898
528.775215534898
528.775215534898
528.775215534898
528.775215534898
528.775215534898
528.775215534898
528.775215534898
528.775215534898
528.775215534898
528.775215534898
528.775215534898
528.775215534898
528.775215534898
528.775215534898
528.775215534898
528.775215534898
528.775215534898
528.775215534898
528.775215534898
528.775215534898
528.775215534898
528.775215534898
528.775215534898
528.775215534898
528.775215534898
528.775215534898
528.775215534898
528.775215534898
528.775215534898
528.775215534898
528.775215534898
528.775215534898
528.775215534898
528.775215534898
528.775215534898
528.775215534898
528.775215534898
528.775215534898
528.775215534898
528.775215534898
528.775215534898
528.775215534898
528.775215534898
528.775215534898
528.775215534898
528.775215534898
528.775215534898
528.775215534898
528.775215534898
528.775215534898
528.775215534898
528.775215534898
528.775215534898
528.775215534898
528.775215534898
528.775215534898
528.775215534898
528.775215534898
528.775215534898
528.775215534898
528.775215534898
528.775215534898
528.775215534898
528.775215534898
528.775215534898
528.775215534898
528.775215534898
528.775215534898
528.775215534898
528.775215534898
528.775215534898
528.775215534898
528.775215534898
528.775215534898
528.775215534898
528.775215534898
528.775215534898
528.775215534898
528.775215534898
528.775215534898
528.775215534898
528.775215534898
528.775215534898
528.775215534898
528.775215534898
528.775215534898
528.775215534898
528.775215534898
528.775215534898
528.775215534898
528.775215534898
528.775215534898
528.775215534898
528.775215534898
528.775215534898
528.775215534898
528.775215534898
528.775215534898
528.775215534898
528.775215534898
528.775215534898
528.775215534898
528.775215534898
528.775215534898
528.775215534898
528.775215534898
528.775215534898
528.775215534898
609.4447918827034
528.775215534898
528.775215534898
528.775215534898
528.775215534898
528.775215534898
528.775215534898
528.775215534898
528.775215534898
528.775215534898
528.775215534898
528.775215534898
528.775215534898
528.775215534898
528.775215534898
528.775215534898
528.775215534898
528.775215534898
528.775215534898
528.775215534898
528.775215534898
528.775215534898
528.775215534898
528.775215534898
528.775215534898
528.775215534898
528.775215534898
528.775215534898
528.775215534898
528.775215534898
528.775215534898
528.775215534898
528.775215534898
528.775215534898
528.775215534898
528.775215534898
528.775215534898
528.775215534898
528.775215534898
528.775215534898
528.775215534898
528.775215534898
528.775215534898
528.775215534898
528.775215534898
528.775215534898
528.775215534898
528.775215534898
528.775215534898
528.775215534898
528.775215534898
528.775215534898
528.775215534898
528.775215534898
528.775215534898
528.775215534898
528.775215534898
528.775215534898
528.775215534898
528.775215534898
528.775215534898
528.775215534898
528.775215534898
528.775215534898
528.775215534898
528.775215534898
528.775215534898
528.775215534898
528.775215534898
528.775215534898
528.775215534898
528.775215534898
528.775215534898
528.775215534898
528.775215534898
528.775215534898
528.775215534898
528.775215534898
528.775215534898
528.775215534898
528.775215534898
528.775215534898
528.775215534898
528.775215534898
528.775215534898
528.775215534898
528.775215534898
528.775215534898
528.775215534898
528.775215534898
528.775215534898
528.775215534898
528.775215534898
528.775215534898
528.775215534898
528.775215534898
528.775215534898
528.775215534898
528.775215534898
528.775215534898
528.775215534898
528.775215534898
528.775215534898
528.775215534898
528.775215534898
528.775215534898
528.775215534898
528.775215534898
528.775215534898
528.775215534898
528.775215534898
528.775215534898
528.775215534898
528.775215534898
528.775215534898
528.775215534898
528.775215534898
528.775215534898
528.775215534898
528.775215534898
528.775215534898
528.775215534898
528.775215534898
528.775215534898
528.775215534898
528.775215534898
528.775215534898
528.775215534898
528.775215534898
528.775215534898
528.775215534898
528.775215534898
528.775215534898
528.775215534898
528.775215534898
528.775215534898
528.775215534898
528.775215534898
528.775215534898
528.775215534898
528.775215534898
528.775215534898
528.775215534898
528.775215534898
528.775215534898
528.775215534898
528.775215534898
528.775215534898
528.775215534898
528.775215534898
528.775215534898
528.775215534898
528.775215534898
528.775215534898
528.775215534898
528.775215534898
528.775215534898
528.775215534898
528.775215534898
528.775215534898
528.775215534898
528.775215534898
528.775215534898
528.775215534898
528.775215534898
528.775215534898
528.775215534898
528.775215534898
528.775215534898
528.775215534898
528.775215534898
528.775215534898
528.775215534898
528.775215534898
528.775215534898
528.775215534898
528.775215534898
528.775215534898
528.775215534898
528.775215534898
528.775215534898
528.775215534898
528.775215534898
528.775215534898
528.775215534898
528.775215534898
528.775215534898
528.775215534898
528.775215534898
528.775215534898
528.775215534898
528.775215534898
528.775215534898
528.775215534898
528.775215534898
528.775215534898
528.775215534898
528.775215534898
528.775215534898
528.775215534898
528.775215534898
528.775215534898
528.775215534898
528.775215534898
528.775215534898
528.775215534898
528.775215534898
528.775215534898
528.775215534898
528.775215534898
528.775215534898
528.775215534898
528.775215534898
528.775215534898
528.775215534898
528.775215534898
528.775215534898
528.775215534898
528.775215534898
528.775215534898
528.775215534898
528.775215534898
528.775215534898
528.775215534898
528.775215534898
528.775215534898
528.775215534898
528.775215534898
528.775215534898
528.775215534898
528.775215534898
528.775215534898
528.775215534898
528.775215534898
528.775215534898
528.775215534898
528.775215534898
528.775215534898
528.775215534898
528.775215534898
528.775215534898
528.775215534898
528.775215534898
528.775215534898
528.775215534898
528.775215534898
528.775215534898
528.775215534898
528.775215534898
528.775215534898
528.775215534898
528.775215534898
528.775215534898
528.775215534898
528.775215534898
528.775215534898
528.775215534898
528.775215534898
528.775215534898
528.775215534898
528.775215534898
528.775215534898
528.775215534898
528.775215534898
528.775215534898
528.775215534898
528.775215534898
528.775215534898
528.775215534898
528.775215534898
528.775215534898
528.775215534898
528.775215534898
528.775215534898
528.775215534898
528.775215534898
528.775215534898
528.775215534898
528.775215534898
528.775215534898
528.775215534898
528.775215534898
528.775215534898
528.775215534898
528.775215534898
528.775215534898
528.775215534898
528.775215534898
528.775215534898
528.775215534898
528.775215534898
528.775215534898
528.775215534898
528.775215534898
528.775215534898
528.775215534898
528.775215534898
528.775215534898
528.775215534898
528.775215534898
528.775215534898
528.775215534898
528.775215534898
528.775215534898
528.775215534898
528.775215534898
528.775215534898
528.775215534898
528.775215534898
528.775215534898
528.775215534898
528.775215534898
528.775215534898
528.775215534898
528.775215534898
528.775215534898
528.775215534898
528.775215534898
528.775215534898
528.775215534898
528.775215534898
528.775215534898
528.775215534898
528.775215534898
528.775215534898
528.775215534898
528.775215534898
528.775215534898
528.775215534898
528.775215534898
528.775215534898
528.775215534898
528.775215534898
528.775215534898
528.775215534898
528.775215534898
528.775215534898
528.775215534898
528.775215534898
528.775215534898
528.775215534898
528.775215534898
528.775215534898
528.775215534898
528.775215534898
528.775215534898
528.775215534898
528.775215534898
528.775215534898
528.775215534898
528.775215534898
528.775215534898
528.775215534898
528.775215534898
528.775215534898
528.775215534898
528.775215534898
528.775215534898
528.775215534898
528.775215534898
528.775215534898
528.775215534898
528.775215534898
528.775215534898
528.775215534898
528.775215534898
528.775215534898
528.775215534898
528.775215534898
528.775215534898
528.775215534898
528.775215534898
528.775215534898
528.775215534898
528.775215534898
528.775215534898
528.775215534898
528.775215534898
528.775215534898
528.775215534898
528.775215534898
528.775215534898
528.775215534898
528.775215534898
528.775215534898
528.775215534898
528.775215534898
528.775215534898
528.775215534898
528.775215534898
528.775215534898
528.775215534898
528.775215534898
528.775215534898
528.775215534898
528.775215534898
528.775215534898
528.775215534898
528.775215534898
528.775215534898
528.775215534898
528.775215534898
528.775215534898
528.775215534898
528.775215534898
528.775215534898
528.775215534898
528.775215534898
528.775215534898
528.775215534898
528.775215534898
528.775215534898
528.775215534898
528.775215534898
528.775215534898
528.775215534898
528.775215534898
528.775215534898
528.775215534898
528.775215534898
528.775215534898
528.775215534898
528.775215534898
528.775215534898
528.775215534898
528.775215534898
528.775215534898
528.775215534898
528.775215534898
528.775215534898
528.775215534898
528.775215534898
528.775215534898
528.775215534898
528.775215534898
528.775215534898
528.775215534898
528.775215534898
528.775215534898
528.775215534898
528.775215534898
528.775215534898
528.775215534898
528.775215534898
528.775215534898
528.775215534898
528.775215534898
528.775215534898
528.775215534898
528.775215534898
528.775215534898
528.775215534898
528.775215534898
528.775215534898
528.775215534898
528.775215534898
528.775215534898
528.775215534898
528.775215534898
528.775215534898
528.775215534898
528.775215534898
528.775215534898
528.775215534898
528.775215534898
528.775215534898
528.775215534898
528.775215534898
528.775215534898
528.775215534898
528.775215534898
528.775215534898
528.775215534898
528.775215534898
528.775215534898
528.775215534898
528.775215534898
528.775215534898
528.775215534898
528.775215534898
528.775215534898
528.775215534898
528.775215534898
528.775215534898
528.775215534898
528.775215534898
528.775215534898
528.775215534898
528.775215534898
528.775215534898
528.775215534898
528.775215534898
528.775215534898
528.775215534898
528.775215534898
528.775215534898
528.775215534898
528.775215534898
528.775215534898
528.775215534898
528.775215534898
528.775215534898
528.775215534898
528.775215534898
528.775215534898
528.775215534898
528.775215534898
528.775215534898
528.775215534898
528.775215534898
528.775215534898
528.775215534898
528.775215534898
528.775215534898
528.775215534898
528.775215534898
528.775215534898
528.775215534898
528.775215534898
528.775215534898
528.775215534898
528.775215534898
528.775215534898
528.775215534898
528.775215534898
528.775215534898
528.775215534898
528.775215534898
528.775215534898
528.775215534898
528.775215534898
528.775215534898
528.775215534898
528.775215534898
528.775215534898
528.775215534898
528.775215534898
528.775215534898
528.775215534898
528.775215534898
528.775215534898
528.775215534898
528.775215534898
528.775215534898
528.775215534898
528.775215534898
528.775215534898
528.775215534898
528.775215534898
528.775215534898
528.775215534898
528.775215534898
528.775215534898
528.775215534898
528.775215534898
528.775215534898
528.775215534898
528.775215534898
528.775215534898
528.775215534898
528.775215534898
528.775215534898
528.775215534898
528.775215534898
528.775215534898
528.775215534898
528.775215534898
528.775215534898
528.775215534898
528.775215534898
528.775215534898
528.775215534898
528.775215534898
528.775215534898
528.775215534898
528.775215534898
528.775215534898
528.775215534898
528.775215534898
528.775215534898
528.775215534898
528.775215534898
528.775215534898
528.775215534898
528.775215534898
528.775215534898
528.775215534898
528.775215534898
528.775215534898
528.775215534898
528.775215534898
528.775215534898
528.775215534898
528.775215534898
528.775215534898
528.775215534898
528.775215534898
528.775215534898
528.775215534898
528.775215534898
528.775215534898
528.775215534898
528.775215534898
528.775215534898
528.775215534898
528.775215534898
528.775215534898
528.775215534898
528.775215534898
528.775215534898
528.775215534898
528.775215534898
528.775215534898
528.775215534898
528.775215534898
528.775215534898
528.775215534898
528.775215534898
528.775215534898
528.775215534898
528.775215534898
528.775215534898
528.775215534898
528.775215534898
528.775215534898
528.775215534898
528.775215534898
528.775215534898
528.775215534898
528.775215534898
528.775215534898
528.775215534898
528.775215534898
528.775215534898
528.775215534898
528.775215534898
528.775215534898
528.775215534898
528.775215534898
528.775215534898
528.775215534898
528.775215534898
528.775215534898
528.775215534898
528.775215534898
528.775215534898
528.775215534898
528.775215534898
528.775215534898
528.775215534898
528.775215534898
528.775215534898
528.775215534898
528.775215534898
528.775215534898
528.775215534898
528.775215534898
528.775215534898
528.775215534898
528.775215534898
528.775215534898
528.775215534898
528.775215534898
528.775215534898
528.775215534898
528.775215534898
528.775215534898
528.775215534898
528.775215534898
528.775215534898
528.775215534898
528.775215534898
528.775215534898
528.775215534898
528.775215534898
528.775215534898
528.775215534898
528.775215534898
528.775215534898
528.775215534898
528.775215534898
528.775215534898
528.775215534898
528.775215534898
528.775215534898
528.775215534898
528.775215534898
528.775215534898
528.775215534898
528.775215534898
528.775215534898
528.775215534898
528.775215534898
528.775215534898
528.775215534898
528.775215534898
528.775215534898
528.775215534898
528.775215534898
528.775215534898
528.775215534898
528.775215534898
528.775215534898
528.775215534898
528.775215534898
528.775215534898
528.775215534898
528.775215534898
528.775215534898
528.775215534898
528.775215534898
528.775215534898
528.775215534898
528.775215534898
528.775215534898
528.775215534898
528.775215534898
528.775215534898
528.775215534898
528.775215534898
528.775215534898
528.775215534898
528.775215534898
528.775215534898
528.775215534898
528.775215534898
528.775215534898
528.775215534898
528.775215534898
528.775215534898
528.775215534898
528.775215534898
528.775215534898
528.775215534898
528.775215534898
528.775215534898
528.775215534898
528.775215534898
528.775215534898
528.775215534898
528.775215534898
528.775215534898
528.775215534898
528.775215534898
528.775215534898
528.775215534898
528.775215534898
528.775215534898
528.775215534898
528.775215534898
528.775215534898
528.775215534898
528.775215534898
528.775215534898
528.775215534898
528.775215534898
528.775215534898
528.775215534898
528.775215534898
528.775215534898
528.775215534898
528.775215534898
528.775215534898
528.775215534898
528.775215534898
528.775215534898
528.775215534898
528.775215534898
528.775215534898
528.775215534898
528.775215534898
528.775215534898
528.775215534898
528.775215534898
528.775215534898
528.775215534898
528.775215534898
528.775215534898
528.775215534898
528.775215534898
528.775215534898
528.775215534898
528.775215534898
528.775215534898
528.775215534898
528.775215534898
528.775215534898
528.775215534898
528.775215534898
528.775215534898
528.775215534898
528.775215534898
528.775215534898
528.775215534898
528.775215534898
528.775215534898
528.775215534898
528.775215534898
528.775215534898
528.775215534898
528.775215534898
528.775215534898
528.775215534898
528.775215534898
528.775215534898
528.775215534898
528.775215534898
528.775215534898
528.775215534898
528.775215534898
528.775215534898
528.775215534898
528.775215534898
528.775215534898
528.775215534898
528.775215534898
528.775215534898
528.775215534898
528.775215534898
528.775215534898
528.775215534898
528.775215534898
528.775215534898
528.775215534898
528.775215534898
528.775215534898
528.775215534898
528.775215534898
528.775215534898
528.775215534898
528.775215534898
528.775215534898
528.775215534898
528.775215534898
528.775215534898
528.775215534898
528.775215534898
528.775215534898
528.775215534898
528.775215534898
528.775215534898
528.775215534898
528.775215534898
528.775215534898
528.775215534898
528.775215534898
528.775215534898
528.775215534898
528.775215534898
528.775215534898
528.775215534898
528.775215534898
528.775215534898
528.775215534898
528.775215534898
528.775215534898
528.775215534898
528.775215534898
528.775215534898
528.775215534898
528.775215534898
528.775215534898
528.775215534898
528.775215534898
528.775215534898
528.775215534898
528.775215534898
528.775215534898
528.775215534898
528.775215534898
528.775215534898
528.775215534898
528.775215534898
528.775215534898
528.775215534898
528.775215534898
528.775215534898
528.775215534898
528.775215534898
528.775215534898
528.775215534898
528.775215534898
528.775215534898
528.775215534898
528.775215534898
528.775215534898
528.775215534898
528.775215534898
528.775215534898
528.775215534898
528.775215534898
528.775215534898
528.775215534898
528.775215534898
528.775215534898
528.775215534898
528.775215534898
528.775215534898
528.775215534898
528.775215534898
528.775215534898
528.775215534898
528.775215534898
528.775215534898
528.775215534898
528.775215534898
528.775215534898
528.775215534898
528.775215534898
528.775215534898
528.775215534898
528.775215534898
528.775215534898
528.775215534898
528.775215534898
528.775215534898
528.775215534898
528.775215534898
528.775215534898
528.775215534898
528.775215534898
528.775215534898
528.775215534898
528.775215534898
528.775215534898
528.775215534898
528.775215534898
528.775215534898
528.775215534898
528.775215534898
528.775215534898
528.775215534898
528.775215534898
528.775215534898
528.775215534898
528.775215534898
528.775215534898
528.775215534898
528.775215534898
528.775215534898
528.775215534898
528.775215534898
528.775215534898
528.775215534898
528.775215534898
528.775215534898
528.775215534898
528.775215534898
528.775215534898
528.775215534898
528.775215534898
528.775215534898
528.775215534898
528.775215534898
528.775215534898
528.775215534898
528.775215534898
528.775215534898
528.775215534898
528.775215534898
528.775215534898
528.775215534898
528.775215534898
528.775215534898
528.775215534898
528.775215534898
528.775215534898
528.775215534898
528.775215534898
528.775215534898
528.775215534898
528.775215534898
528.775215534898
528.775215534898
528.775215534898
528.775215534898
528.775215534898
528.775215534898
528.775215534898
528.775215534898
528.775215534898
528.775215534898
528.775215534898
528.775215534898
528.775215534898
528.775215534898
528.775215534898
528.775215534898
528.775215534898
528.775215534898
528.775215534898
528.775215534898
528.775215534898
528.775215534898
528.775215534898
528.775215534898
528.775215534898
528.775215534898
528.775215534898
528.775215534898
528.775215534898
528.775215534898
528.775215534898
528.775215534898
528.775215534898
528.775215534898
528.775215534898
528.775215534898
528.775215534898
528.775215534898
528.775215534898
528.775215534898
528.775215534898
528.775215534898
528.775215534898
528.775215534898
528.775215534898
528.775215534898
528.775215534898
528.775215534898
528.775215534898
528.775215534898
528.775215534898
528.775215534898
528.775215534898
528.775215534898
528.775215534898
528.775215534898
528.775215534898
528.775215534898
528.775215534898
528.775215534898
528.775215534898
528.775215534898
528.775215534898
528.775215534898
528.775215534898
528.775215534898
528.775215534898
528.775215534898
528.775215534898
528.775215534898
528.775215534898
528.775215534898
528.775215534898
528.775215534898
528.775215534898
528.775215534898
528.775215534898
528.775215534898
528.775215534898
528.775215534898
528.775215534898
528.775215534898
528.775215534898
528.775215534898
528.775215534898
528.775215534898
528.775215534898
528.775215534898
528.775215534898
528.775215534898
528.775215534898
528.775215534898
528.775215534898
528.775215534898
528.775215534898
528.775215534898
528.775215534898
528.775215534898
528.775215534898
528.775215534898
528.775215534898
528.775215534898
528.775215534898
528.775215534898
528.775215534898
528.775215534898
528.775215534898
528.775215534898
528.775215534898
528.775215534898
528.775215534898
528.775215534898
528.775215534898
528.775215534898
528.775215534898
528.775215534898
528.775215534898
528.775215534898
528.775215534898
528.775215534898
528.775215534898
528.775215534898
528.775215534898
528.775215534898
528.775215534898
528.775215534898
528.775215534898
528.775215534898
528.775215534898
528.775215534898
528.775215534898
528.775215534898
528.775215534898
528.775215534898
528.775215534898
528.775215534898
528.775215534898
528.775215534898
528.775215534898
528.775215534898
528.775215534898
528.775215534898
528.775215534898
528.775215534898
528.775215534898
528.775215534898
528.775215534898
528.775215534898
528.775215534898
528.775215534898
528.775215534898
528.775215534898
528.775215534898
528.775215534898
528.775215534898
528.775215534898
528.775215534898
528.775215534898
528.775215534898
528.775215534898
528.775215534898
528.775215534898
528.775215534898
528.775215534898
528.775215534898
528.775215534898
528.775215534898
528.775215534898
528.775215534898
528.775215534898
528.775215534898
528.775215534898
528.775215534898
528.775215534898
528.775215534898
528.775215534898
528.775215534898
528.775215534898
528.775215534898
528.775215534898
528.775215534898
528.775215534898
528.775215534898
528.775215534898
528.775215534898
528.775215534898
528.775215534898
528.775215534898
528.775215534898
528.775215534898
528.775215534898
528.775215534898
528.775215534898
528.775215534898
528.775215534898
528.775215534898
528.775215534898
528.775215534898
528.775215534898
528.775215534898
528.775215534898
528.775215534898
528.775215534898
528.775215534898
528.775215534898
528.775215534898
528.775215534898
528.775215534898
528.775215534898
528.775215534898
528.775215534898
528.775215534898
528.775215534898
528.775215534898
528.775215534898
528.775215534898
528.775215534898
528.775215534898
528.775215534898
528.775215534898
528.775215534898
528.775215534898
528.775215534898
528.775215534898
528.775215534898
528.775215534898
528.775215534898
528.775215534898
528.775215534898
528.775215534898
528.775215534898
528.775215534898
528.775215534898
528.775215534898
528.775215534898
528.775215534898
528.775215534898
528.775215534898
528.775215534898
528.775215534898
528.775215534898
528.775215534898
528.775215534898
528.775215534898
528.775215534898
528.775215534898
528.775215534898
528.775215534898
528.775215534898
528.775215534898
528.775215534898
528.775215534898
528.775215534898
528.775215534898
528.775215534898
528.775215534898
528.775215534898
528.775215534898
528.775215534898
528.775215534898
528.775215534898
528.775215534898
528.775215534898
528.775215534898
528.775215534898
528.775215534898
528.775215534898
528.775215534898
528.775215534898
528.775215534898
528.775215534898
528.775215534898
528.775215534898
528.775215534898
528.775215534898
528.775215534898
528.775215534898
528.775215534898
528.775215534898
528.775215534898
528.775215534898
528.775215534898
528.775215534898
528.775215534898
528.775215534898
528.775215534898
528.775215534898
528.775215534898
528.775215534898
528.775215534898
528.775215534898
528.775215534898
528.775215534898
528.775215534898
528.775215534898
528.775215534898
528.775215534898
528.775215534898
528.775215534898
528.775215534898
528.775215534898
528.775215534898
528.775215534898
528.775215534898
528.775215534898
528.775215534898
528.775215534898
528.775215534898
528.775215534898
528.775215534898
528.775215534898
528.775215534898
528.775215534898
528.775215534898
528.775215534898
528.775215534898
528.775215534898
528.775215534898
528.775215534898
528.775215534898
528.775215534898
528.775215534898
528.775215534898
528.775215534898
528.775215534898
528.775215534898
528.775215534898
528.775215534898
528.775215534898
528.775215534898
528.775215534898
528.775215534898
528.775215534898
528.775215534898
528.775215534898
528.775215534898
528.775215534898
528.775215534898
528.775215534898
528.775215534898
528.775215534898
528.775215534898
528.775215534898
528.775215534898
528.775215534898
528.775215534898
528.775215534898
528.775215534898
528.775215534898
528.775215534898
528.775215534898
528.775215534898
528.775215534898
528.775215534898
528.775215534898
528.775215534898
528.775215534898
528.775215534898
528.775215534898
528.775215534898
528.775215534898
528.775215534898
528.775215534898
528.775215534898
528.775215534898
528.775215534898
528.775215534898
528.775215534898
528.775215534898
528.775215534898
528.775215534898
528.775215534898
528.775215534898
528.775215534898
528.775215534898
528.775215534898
528.775215534898
528.775215534898
528.775215534898
528.775215534898
528.775215534898
528.775215534898
528.775215534898
528.775215534898
528.775215534898
528.775215534898
528.775215534898
528.775215534898
528.775215534898
528.775215534898
528.775215534898
528.775215534898
528.775215534898
528.775215534898
528.775215534898
528.775215534898
528.775215534898
528.775215534898
528.775215534898
528.775215534898
528.775215534898
528.775215534898
528.775215534898
528.775215534898
528.775215534898
528.775215534898
528.775215534898
528.775215534898
528.775215534898
528.775215534898
528.775215534898
528.775215534898
528.775215534898
528.775215534898
528.775215534898
528.775215534898
528.775215534898
528.775215534898
528.775215534898
528.775215534898
528.775215534898
528.775215534898
528.775215534898
528.775215534898
528.775215534898
528.775215534898
528.775215534898
528.775215534898
528.775215534898
528.775215534898
528.775215534898
528.775215534898
528.775215534898
528.775215534898
528.775215534898
528.775215534898
528.775215534898
528.775215534898
528.775215534898
528.775215534898
528.775215534898
528.775215534898
528.775215534898
528.775215534898
528.775215534898
528.775215534898
528.775215534898
528.775215534898
528.775215534898
528.775215534898
528.775215534898
528.775215534898
528.775215534898
528.775215534898
528.775215534898
528.775215534898
528.775215534898
528.775215534898
528.775215534898
528.775215534898
528.775215534898
528.775215534898
528.775215534898
528.775215534898
528.775215534898
528.775215534898
528.775215534898
528.775215534898
528.775215534898
528.775215534898
528.775215534898
528.775215534898
528.775215534898
528.775215534898
528.775215534898
528.775215534898
528.775215534898
528.775215534898
528.775215534898
528.775215534898
528.775215534898
528.775215534898
528.775215534898
528.775215534898
528.775215534898
528.775215534898
528.775215534898
528.775215534898
528.775215534898
528.775215534898
528.775215534898
528.775215534898
528.775215534898
528.775215534898
528.775215534898
528.775215534898
528.775215534898
528.775215534898
528.775215534898
528.775215534898
528.775215534898
528.775215534898
528.775215534898
528.775215534898
528.775215534898
528.775215534898
528.775215534898
528.775215534898
528.775215534898
528.775215534898
528.775215534898
528.775215534898
528.775215534898
528.775215534898
528.775215534898
528.775215534898
528.775215534898
528.775215534898
528.775215534898
528.775215534898
528.775215534898
528.775215534898
528.775215534898
528.775215534898
528.775215534898
528.775215534898
528.775215534898
528.775215534898
528.775215534898
528.775215534898
528.775215534898
528.775215534898
528.775215534898
528.775215534898
528.775215534898
528.775215534898
528.775215534898
528.775215534898
528.775215534898
528.775215534898
528.775215534898
528.775215534898
528.775215534898
528.775215534898
528.775215534898
528.775215534898
528.775215534898
528.775215534898
528.775215534898
528.775215534898
528.775215534898
528.775215534898
528.775215534898
528.775215534898
528.775215534898
528.775215534898
528.775215534898
528.775215534898
528.775215534898
528.775215534898
528.775215534898
528.775215534898
528.775215534898
528.775215534898
528.775215534898
528.775215534898
528.775215534898
528.775215534898
528.775215534898
528.775215534898
528.775215534898
528.775215534898
528.775215534898
528.775215534898
528.775215534898
528.775215534898
528.775215534898
528.775215534898
528.775215534898
528.775215534898
528.775215534898
528.775215534898
528.775215534898
528.775215534898
528.775215534898
528.775215534898
528.775215534898
528.775215534898
528.775215534898
528.775215534898
528.775215534898
528.775215534898
528.775215534898
528.775215534898
528.775215534898
528.775215534898
528.775215534898
528.775215534898
528.775215534898
528.775215534898
528.775215534898
528.775215534898
528.775215534898
528.775215534898
528.775215534898
528.775215534898
528.775215534898
528.775215534898
528.775215534898
528.775215534898
528.775215534898
528.775215534898
528.775215534898
528.775215534898
528.775215534898
528.775215534898
528.775215534898
528.775215534898
528.775215534898
528.775215534898
528.775215534898
528.775215534898
528.775215534898
528.775215534898
528.775215534898
528.775215534898
528.775215534898
528.775215534898
528.775215534898
528.775215534898
528.775215534898
528.775215534898
528.775215534898
528.775215534898
528.775215534898
528.775215534898
528.775215534898
528.775215534898
528.775215534898
528.775215534898
528.775215534898
528.775215534898
528.775215534898
528.775215534898
528.775215534898
528.775215534898
528.775215534898
528.775215534898
528.775215534898
528.775215534898
528.775215534898
528.775215534898
528.775215534898
528.775215534898
528.775215534898
528.775215534898
528.775215534898
528.775215534898
528.775215534898
528.775215534898
528.775215534898
528.775215534898
528.775215534898
528.775215534898
528.775215534898
528.775215534898
528.775215534898
528.775215534898
528.775215534898
528.775215534898
528.775215534898
528.775215534898
528.775215534898
528.775215534898
528.775215534898
528.775215534898
528.775215534898
528.775215534898
528.775215534898
528.775215534898
528.775215534898
528.775215534898
528.775215534898
528.775215534898
528.775215534898
528.775215534898
528.775215534898
528.775215534898
528.775215534898
528.775215534898
528.775215534898
528.775215534898
528.775215534898
528.775215534898
528.775215534898
528.775215534898
528.775215534898
528.775215534898
528.775215534898
528.775215534898
528.775215534898
528.775215534898
528.775215534898
528.775215534898
528.775215534898
528.775215534898
528.775215534898
528.775215534898
528.775215534898
528.775215534898
528.775215534898
528.775215534898
528.775215534898
528.775215534898
528.775215534898
528.775215534898
528.775215534898
528.775215534898
528.775215534898
528.775215534898
528.775215534898
528.775215534898
528.775215534898
528.775215534898
528.775215534898
528.775215534898
528.775215534898
528.775215534898
528.775215534898
528.775215534898
528.775215534898
528.775215534898
528.775215534898
528.775215534898
528.775215534898
528.775215534898
528.775215534898
528.775215534898
528.775215534898
528.775215534898
528.775215534898
528.775215534898
528.775215534898
528.775215534898
528.775215534898
528.775215534898
528.775215534898
528.775215534898
528.775215534898
528.775215534898
528.775215534898
528.775215534898
528.775215534898
528.775215534898
528.775215534898
528.775215534898
528.775215534898
528.775215534898
528.775215534898
528.775215534898
528.775215534898
528.775215534898
528.775215534898
528.775215534898
528.775215534898
528.775215534898
528.775215534898
528.775215534898
528.775215534898
528.775215534898
528.775215534898
528.775215534898
528.775215534898
528.775215534898
528.775215534898
528.775215534898
528.775215534898
528.775215534898
528.775215534898
528.775215534898
528.775215534898
528.775215534898
528.775215534898
528.775215534898
528.775215534898
528.775215534898
528.775215534898
528.775215534898
528.775215534898
528.775215534898
528.775215534898
528.775215534898
528.775215534898
528.775215534898
528.775215534898
528.775215534898
528.775215534898
528.775215534898
528.775215534898
528.775215534898
528.775215534898
528.775215534898
528.775215534898
528.775215534898
528.775215534898
528.775215534898
528.775215534898
528.775215534898
528.775215534898
528.775215534898
528.775215534898
528.775215534898
528.775215534898
528.775215534898
528.775215534898
528.775215534898
528.775215534898
528.775215534898
528.775215534898
528.775215534898
528.775215534898
528.775215534898
528.775215534898
528.775215534898
528.775215534898
528.775215534898
528.775215534898
528.775215534898
528.775215534898
528.775215534898
528.775215534898
528.775215534898
528.775215534898
528.775215534898
528.775215534898
528.775215534898
528.775215534898
528.775215534898
528.775215534898
528.775215534898
528.775215534898
528.775215534898
528.775215534898
528.775215534898
528.775215534898
528.775215534898
528.775215534898
528.775215534898
528.775215534898
528.775215534898
528.775215534898
528.775215534898
528.775215534898
528.775215534898
528.775215534898
528.775215534898
528.775215534898
528.775215534898
528.775215534898
528.775215534898
528.775215534898
528.775215534898
528.775215534898
528.775215534898
528.775215534898
528.775215534898
528.775215534898
528.775215534898
528.775215534898
528.775215534898
528.775215534898
528.775215534898
528.775215534898
528.775215534898
528.775215534898
528.775215534898
528.775215534898
528.775215534898
528.775215534898
528.775215534898
528.775215534898
528.775215534898
528.775215534898
528.775215534898
528.775215534898
528.775215534898
528.775215534898
528.775215534898
528.775215534898
528.775215534898
528.775215534898
528.775215534898
528.775215534898
528.775215534898
528.775215534898
528.775215534898
528.775215534898
528.775215534898
528.775215534898
528.775215534898
528.775215534898
528.775215534898
528.775215534898
528.775215534898
528.775215534898
528.775215534898
528.775215534898
528.775215534898
528.775215534898
528.775215534898
528.775215534898
528.775215534898
528.775215534898
528.775215534898
528.775215534898
528.775215534898
528.775215534898
528.775215534898
528.775215534898
528.775215534898
528.775215534898
528.775215534898
528.775215534898
528.775215534898
528.775215534898
528.775215534898
528.775215534898
528.775215534898
528.775215534898
528.775215534898
528.775215534898
528.775215534898
528.775215534898
528.775215534898
528.775215534898
528.775215534898
528.775215534898
528.775215534898
528.775215534898
528.775215534898
528.775215534898
528.775215534898
528.775215534898
528.775215534898
528.775215534898
528.775215534898
528.775215534898
528.775215534898
528.775215534898
528.775215534898
528.775215534898
528.775215534898
528.775215534898
528.775215534898
528.775215534898
528.775215534898
528.775215534898
528.775215534898
528.775215534898
528.775215534898
528.775215534898
528.775215534898
528.775215534898
528.775215534898
528.775215534898
528.775215534898
528.775215534898
528.775215534898
528.775215534898
528.775215534898
528.775215534898
528.775215534898
528.775215534898
528.775215534898
528.775215534898
528.775215534898
528.775215534898
528.775215534898
528.775215534898
528.775215534898
528.775215534898
528.775215534898
528.775215534898
528.775215534898
528.775215534898
528.775215534898
528.775215534898
528.775215534898
528.775215534898
528.775215534898
528.775215534898
528.775215534898
528.775215534898
528.775215534898
528.775215534898
528.775215534898
528.775215534898
528.775215534898
528.775215534898
528.775215534898
528.775215534898
528.775215534898
528.775215534898
528.775215534898
528.775215534898
528.775215534898
528.775215534898
528.775215534898
528.775215534898
528.775215534898
528.775215534898
528.775215534898
528.775215534898
528.775215534898
528.775215534898
528.775215534898
528.775215534898
528.775215534898
528.775215534898
528.775215534898
528.775215534898
528.775215534898
528.775215534898
528.775215534898
528.775215534898
528.775215534898
528.775215534898
528.775215534898
528.775215534898
528.775215534898
528.775215534898
528.775215534898
528.775215534898
528.775215534898
528.775215534898
528.775215534898
528.775215534898
528.775215534898
528.775215534898
528.775215534898
528.775215534898
528.775215534898
528.775215534898
528.775215534898
528.775215534898
528.775215534898
528.775215534898
528.775215534898
528.775215534898
528.775215534898
528.775215534898
528.775215534898
528.775215534898
528.775215534898
528.775215534898
528.775215534898
528.775215534898
