52.98
38
1597.661644658537
1671.7242907634056
1574.216299650787
1687.1645130065035
1783.685576435754
1790.949449691863
1491.9598405589893
1515.1262158724548
1673.724281249027
1705.4815251349082
1542.162054555402
1560.7289799069076
1565.1033290406135
1629.0654422688879
1655.9273510434746
1658.6448683058845
1693.9257824304184
1566.7691123548623
1768.694618510247
1745.0123404899996
1588.991044076212
1630.3189862652096
1892.2253714323358
1772.2585096110868
1659.002162769705
1696.3460215357795
1612.165597944819
1685.570604380095
1636.092609051534
1647.6568885928464
1652.0070645239834
1581.7612265559496
1536.9405859441529
1746.8006633432535
1677.6627611962385
1687.3913544253774
1717.499439484575
1633.9297527411666
1371.3931282360934
1437.7632690263054
1518.3514007340789
1457.1542279445669
1440.3831453551234
1479.4754218165656
1649.3361029087393
1371.3931282360934
1400.066424710305
1547.8386613888076
1581.6154033866587
1423.25570604105
1307.5765857927713
1491.0262294066915
1336.805014484273
1495.3679903488608
1506.0412652187388
1334.8452833161468
1451.3906728887368
1319.1398867815062
1586.2704331147916
1442.1891944281415
1487.1912504771474
1735.632869964624
1650.5692720832353
1523.429306541801
1569.2205537333057
1465.6576193439396
1550.120455944316
1277.1320285252687
1323.74455992591
1499.5365137043627
1416.9300682139838
1442.9270560611558
1352.3351999356632
1262.9995878288262
1539.5155611598084
1571.4031632430124
1539.248150164384
1206.1188958949122
1317.19655670341
1189.5699427123973
1197.8537134364099
1239.74383234721
1358.90870949367
1533.9279082481478
1246.9774878730534
1308.5696248418824
1231.6520566465256
1483.91064605029
1306.287844539975
1181.6861625143438
1353.0805294218417
1221.1149687157097
1378.8448889082888
1364.1057454541885
1219.1552375475835
1288.0459311877191
1226.972917362379
1435.8767344127214
1354.7472729035585
1360.829252280511
1592.6770210090028
1544.4046285593317
1409.412768423842
1220.4015029232564
1350.5874163072715
1427.8876507615087
1202.7421370440866
1199.3289195628697
1229.6190656130493
1295.6169998565651
1391.6823945664726
1236.6451541671
1206.1188958949122
1442.514473603071
1443.854464613829
1176.198661769825
1096.650362982144
1172.9546254261195
1179.0249764379842
1118.3054146487286
1176.198661769825
1176.198661769825
1176.198661769825
1188.9115443639162
1176.198661769825
1152.1037578588441
1387.3542819960767
1243.8451514294245
1165.0872861423138
1250.6097025387992
1140.1091485118104
1176.198661769825
1176.198661769825
1206.550106725185
1222.7478731965678
1115.6500078104584
1167.506750031977
1279.3939955427297
1176.198661769825
1451.2426421007297
1504.4057380574552
1333.0140196935367
1140.8532041355752
1282.4542700104266
1334.5604150980373
1140.7702379862967
1141.699461542263
1150.070766825368
1203.6932824410273
1309.4621506298165
1151.6511517206284
1126.570597107231
1308.5397817445962
1335.1937072349315
1096.650362982144
1031.6114372089264
1055.516005272494
1094.3715932288683
1037.616438179663
1085.5848037091241
1087.6252529503263
1096.6503629821439
1156.303846395409
1076.3312641215568
1096.6503629821439
1304.9668404329068
1096.6503629821439
1096.6503629821439
1177.571293255918
1072.243254045619
1076.3312641215568
1076.3312641215568
1096.6503629821439
1121.69353638988
1060.3799680584314
1087.9584512442957
1096.6503629821439
1096.6503629821439
1096.6503629821439
1405.324553480272
1333.0140196935367
1084.4398406043933
1096.6503629821439
1219.3398477534254
1085.6308473758033
1096.6503629821439
1096.6503629821439
1132.4196782075019
1096.6503629821439
1096.3811119686013
1061.5316713340135
1096.6503629821439
1090.5657940587907
1031.6114372089264
976.3413974568994
995.9710148239033
1029.3326674556508
982.3463984276361
1061.9956067806197
1030.7621583086566
1031.6114372089264
1095.6886895676887
1021.0612243695297
1021.7041292358889
1226.877334032283
1031.6114372089264
1021.7041292358889
1020.1034259674116
1015.1664925202346
968.1676095010451
1021.0612243695297
1025.9652385359202
1060.9606770882453
1031.6114372089264
1022.919525471078
1031.6114372089264
1025.9652385359202
1023.7252859118294
1031.6114372089264
1031.6114372089264
1007.5391717920062
1021.7041292358889
1031.6114372089264
1047.413591496523
1025.9652385359202
1021.7041292358889
1031.6114372089264
1031.6114372089264
1015.185350361593
1006.2616315819864
1025.9652385359202
1025.526868285573
976.3413974568994
919.3214724193455
940.7009750718761
952.4319986432635
938.3767613367676
952.7069353309575
947.132964016864
940.7231348908757
968.167609501045
1021.0612243695297
966.4340894838618
1153.478196967116
976.3413974568992
966.4340894838618
964.8333862153845
966.5139335064315
919.3214724193455
943.8559327480643
990.6428885314346
919.3214724193455
919.3214724193455
911.1377096534392
919.3214724193455
942.3360442441274
919.3214724193455
976.3413974568992
919.3214724193455
1007.5391717920062
996.6430654972431
1031.6114372089264
1011.8254090237261
919.3214724193455
919.3214724193455
919.3214724193455
919.3214724193455
959.915310609566
955.4116995348348
919.3214724193455
915.2420184778814
927.4952603751997
851.9485953787948
884.428753007952
860.2271470300697
899.2491104937843
903.8607982492581
889.1227248934389
851.938769180321
895.4462302934536
853.0625735581892
895.4462302934536
1099.4840320740525
895.4462302934536
853.0625735581892
908.6552203415392
888.2394972759834
853.0625735581892
902.2814964143646
933.6507213773049
886.5977333173063
886.5977333173063
851.9485953787948
886.5977333173063
851.9485953787948
851.9485953787948
851.9485953787948
851.9485953787948
851.9485953787948
851.9485953787948
919.3214724193455
851.9485953787948
851.9485953787948
886.5977333173063
886.5977333173063
851.9485953787948
909.2829624832842
902.5874692762147
851.9485953787948
849.2707216824442
894.7715212731606
825.07028888438
841.8800823588618
814.6895290321564
849.2707216824442
840.7718919517699
848.8177623881004
819.2150300782818
849.2707216824442
853.0625735581891
866.3022422168528
849.2707216824442
849.2707216824442
823.9185854815884
908.6552203415392
844.9895429916726
846.6094629934743
873.1375083377638
884.8045842956052
846.6094629934743
857.4537452407054
822.8046073021942
878.7117002134236
827.3091260405001
822.804607302194
822.804607302194
827.3091260405001
849.2707216824442
849.2707216824442
846.6094629934743
851.9485953787948
849.2707216824442
846.6094629934743
846.6094629934743
822.804607302194
827.554353636043
849.2707216824442
822.804607302194
825.07028888438
865.6275331965599
779.7904151599738
801.3614981517333
779.7904151599738
768.7021374492147
777.6841898108974
777.6841898108974
776.6789236787632
768.7021374492147
777.6841898108974
777.6841898108974
803.6012513213973
768.7021374492147
806.83796880631
826.0141955392633
816.952175453268
777.6841898108974
777.6841898108974
855.6605962190043
777.6841898108974
776.6789236787632
762.703486814561
839.4986692890216
777.6841898108974
777.6841898108974
762.703486814561
798.5070564931872
768.7021374492147
820.1267336058434
777.6841898108974
849.2707216824442
820.1267336058434
808.7916481728929
846.6094629934743
762.703486814561
765.447299591413
768.7021374492147
762.703486814561
768.7021374492147
839.683044126362
747.1052996852898
766.4623842795507
761.875742484292
738.5109832751691
761.7785469509756
761.875742484292
761.875742484292
738.5109832751691
748.5402017342965
747.7812246696743
738.5109832751691
714.5272156130532
761.875742484292
761.875742484292
816.952175453268
747.7812246696743
761.875742484292
761.875742484292
761.875742484292
746.7759585375401
747.1052996852898
746.7886898397202
748.5402017342965
746.7886898397202
747.1052996852899
798.5070564931872
738.9904850948635
747.1052996852899
747.1052996852899
747.1052996852899
820.1267336058434
747.1052996852899
746.7886898397202
746.7886898397202
746.7886898397202
747.1052996852899
724.2962028047989
739.5581493726138
747.1052996852899
714.5272156130532
714.5272156130533
714.5272156130533
709.3669951985682
708.668965607863
761.875742484292
714.5272156130533
714.5272156130533
714.5272156130533
714.5272156130533
714.5272156130533
714.5272156130532
714.5272156130533
714.5272156130533
714.5272156130533
701.2532543687533
711.6068379975336
714.5272156130533
714.5272156130533
727.6240447956162
696.7297888459779
711.6068379975336
730.7983939520897
711.6068379975336
696.7297888459779
770.0307044185902
714.5272156130533
711.6068379975336
717.961311608689
696.7297888459779
711.6068379975336
696.7297888459779
696.7297888459779
696.7297888459779
711.6068379975336
711.6068379975336
684.8851880158348
714.5272156130533
711.6068379975336
682.0629026289444
701.2229690730566
679.3631814283847
684.885188015835
681.4361072285296
679.3631814283847
679.3631814283847
679.3631814283847
680.4317342955387
680.4317342955387
679.3631814283847
679.3631814283847
679.3631814283847
679.3631814283847
679.3631814283847
681.6146718695275
702.901234476666
679.3631814283847
679.3631814283847
694.1825226002968
675.6940569242261
684.885188015835
684.885188015835
684.885188015835
682.9021284423994
684.885188015835
679.3631814283847
702.901234476666
705.2111706454754
682.9021284423994
684.885188015835
675.6940569242261
675.6940569242261
673.9594368869012
682.2208608374292
682.2208608374292
682.0629026289444
672.091099746364
673.2914101264851
663.4869284148032
672.091099746364
670.7590100968239
672.091099746364
672.091099746364
670.7590100968239
670.7590100968239
670.7590100968239
680.4317342955387
671.8275629639779
679.3631814283847
672.091099746364
670.6214698134711
672.091099746364
670.7590100968239
663.8728640873206
672.091099746364
672.091099746364
679.3631814283847
672.091099746364
672.091099746364
672.7764242412737
672.7764242412737
672.091099746364
672.091099746364
672.091099746364
670.7590100968239
672.091099746364
672.091099746364
672.091099746364
672.7764242412737
666.8319642007153
667.320787619608
648.815800986284
673.6166895058684
673.6166895058684
672.091099746364
663.4869284148032
663.4869284148032
620.4067965627399
663.4869284148032
642.3706242721225
642.3706242721225
663.4869284148032
642.3706242721225
651.442619884458
651.442619884458
642.3706242721225
652.5111727516121
642.3706242721225
663.4869284148032
642.3706242721225
642.3706242721225
642.3706242721225
651.6761073617143
663.4869284148032
642.3706242721225
642.3706242721225
663.4869284148032
642.3706242721225
642.3706242721225
642.3706242721225
642.3706242721225
663.4869284148032
642.3706242721225
651.442619884458
642.3706242721225
642.3706242721225
642.3706242721225
642.3706242721225
647.5155739883495
667.320787619608
620.4067965627399
620.40679656274
668.4683135901108
620.40679656274
620.40679656274
620.40679656274
608.9824987986373
620.40679656274
620.40679656274
620.40679656274
656.9886772145885
642.3706242721225
620.40679656274
620.40679656274
620.40679656274
644.8293322933387
620.40679656274
620.40679656274
620.40679656274
620.40679656274
620.40679656274
620.40679656274
620.40679656274
620.40679656274
620.40679656274
620.40679656274
620.40679656274
620.40679656274
622.3348891531965
620.40679656274
620.40679656274
620.40679656274
620.40679656274
620.40679656274
620.40679656274
620.40679656274
620.40679656274
620.40679656274
620.40679656274
608.9824987986373
608.9824987986373
608.9824987986373
608.9824987986373
608.9824987986373
608.9824987986373
602.8704976227592
608.9824987986373
608.9824987986373
608.9824987986373
620.40679656274
608.9824987986373
608.9824987986373
608.9824987986373
608.9824987986373
608.9824987986373
608.9824987986373
608.9824987986373
608.9824987986373
608.9824987986373
608.9824987986373
608.9824987986373
608.9824987986373
608.9824987986373
608.9824987986373
608.9824987986373
608.9824987986373
620.40679656274
608.9824987986373
608.9824987986373
608.9824987986373
608.9824987986373
608.9824987986373
608.9824987986373
608.9824987986373
608.9824987986373
608.9824987986373
608.9824987986373
608.9824987986373
602.8704976227592
602.8704976227592
602.8704976227592
602.8704976227592
602.8704976227592
602.8704976227592
596.9346930622
602.8704976227592
608.9824987986373
602.8704976227592
602.8704976227592
602.8704976227592
602.8704976227592
602.8704976227592
602.8704976227592
602.8704976227592
602.8704976227592
602.8704976227592
602.8704976227592
602.8704976227592
602.8704976227592
602.8704976227592
602.8704976227592
602.8704976227592
602.8704976227592
602.8704976227592
602.8704976227592
602.8704976227592
602.8704976227592
602.8704976227592
602.8704976227592
602.8704976227592
602.8704976227592
602.8704976227592
602.8704976227592
602.8704976227592
602.8704976227592
602.8704976227592
602.8704976227592
596.9346930622
596.9346930622
596.9346930622
596.9346930622
596.9346930622
596.9346930622
591.5606726887002
596.9346930622
608.9824987986373
596.9346930622
596.9346930622
596.9346930622
596.9346930622
596.9346930622
596.9346930622
596.9346930622
596.9346930622
596.9346930622
596.9346930622
596.9346930622
596.9346930622
596.9346930622
596.9346930622
596.9346930622
596.9346930622
596.9346930622
596.9346930622
596.9346930622
596.9346930622
596.9346930622
596.9346930622
596.9346930622
596.9346930622
596.9346930622
596.9346930622
596.9346930622
596.9346930622
596.9346930622
596.9346930622
591.5606726887002
591.5606726887002
591.5606726887002
591.5606726887002
591.5606726887002
591.5606726887002
591.5606726887002
591.5606726887002
591.5606726887002
591.5606726887002
591.5606726887002
591.5606726887002
591.5606726887002
591.5606726887002
591.5606726887002
591.5606726887002
591.5606726887002
591.5606726887002
591.5606726887002
591.5606726887002
591.5606726887002
591.5606726887002
591.5606726887002
591.5606726887002
591.5606726887002
591.5606726887002
591.5606726887002
591.5606726887002
591.5606726887002
596.9346930622
591.5606726887002
591.5606726887002
591.5606726887002
591.5606726887002
591.5606726887002
591.5606726887002
591.5606726887002
591.5606726887002
591.5606726887002
591.5606726887002
586.2910179798151
591.5606726887
591.5606726887002
586.2910179798151
591.5606726887002
586.2910179798151
586.2910179798151
591.5606726887002
591.5606726887002
586.2910179798151
586.2910179798151
586.2910179798151
586.2910179798151
586.2910179798151
586.2910179798151
586.2910179798151
586.2910179798151
586.2910179798151
586.2910179798151
586.2910179798151
586.2910179798151
586.2910179798151
586.2910179798151
586.2910179798151
591.5606726887002
586.2910179798151
586.2910179798151
586.2910179798151
586.2910179798151
586.2910179798151
591.5606726887002
586.2910179798151
586.2910179798151
586.2910179798151
586.2910179798151
591.5606726887002
586.2910179798151
591.5606726887002
586.2910179798151
586.2910179798151
586.2910179798151
586.2910179798151
586.2910179798151
586.2910179798151
586.2910179798151
586.2910179798151
586.2910179798151
586.2910179798151
586.2910179798151
586.2910179798151
586.2910179798151
586.2910179798151
586.2910179798151
586.2910179798151
586.2910179798151
586.2910179798151
586.2910179798151
586.2910179798151
586.2910179798151
586.2910179798151
581.2794866982016
586.2910179798151
581.2794866982016
586.2910179798151
581.2794866982016
586.2910179798151
586.2910179798151
586.2910179798151
586.2910179798151
586.2910179798151
581.2794866982016
586.2910179798151
586.2910179798151
581.2794866982016
586.2910179798151
581.2794866982016
586.2910179798151
581.2794866982016
586.2910179798151
586.2910179798151
586.2910179798151
586.2910179798151
586.2910179798151
581.2794866982016
581.2794866982016
581.2794866982016
581.2794866982016
586.2910179798151
581.2794866982016
581.2794866982016
581.2794866982016
581.2794866982016
581.2794866982016
581.2794866982017
581.2794866982016
581.2794866982016
581.2794866982016
581.2794866982016
581.2794866982016
581.2794866982016
581.2794866982016
581.2794866982016
581.2794866982016
575.5067079851739
586.2910179798151
581.2794866982016
581.2794866982016
581.2794866982016
581.2794866982016
575.5067079851739
581.2794866982016
581.2794866982016
581.2794866982016
581.2794866982016
581.2794866982016
586.2910179798151
575.5067079851739
581.2794866982016
581.2794866982016
581.2794866982017
581.2794866982016
581.2794866982016
575.5067079851738
575.5067079851738
575.5067079851738
575.5067079851738
581.2794866982016
575.5067079851738
575.5067079851738
575.5067079851738
575.5067079851738
575.5067079851738
575.5067079851738
575.5067079851738
575.5067079851738
575.5067079851738
575.5067079851738
575.5067079851738
575.5067079851738
575.5067079851738
575.5067079851738
575.5067079851738
575.5067079851738
575.5067079851739
575.5067079851739
575.5067079851738
575.5067079851739
575.5067079851739
575.5067079851739
575.5067079851738
575.5067079851739
575.5067079851739
581.2794866982016
575.5067079851739
575.5067079851739
571.1436090831384
575.5067079851738
581.2794866982016
575.5067079851739
575.5067079851739
575.5067079851738
571.1436090831382
571.1436090831382
571.1436090831382
571.1436090831382
571.1436090831382
571.1436090831382
571.1436090831382
575.5067079851738
571.1436090831382
571.1436090831382
571.1436090831382
571.1436090831382
571.1436090831382
571.1436090831382
571.1436090831382
571.1436090831382
571.1436090831382
571.1436090831382
571.1436090831382
571.1436090831382
571.1436090831382
571.1436090831382
571.1436090831382
571.1436090831382
571.1436090831382
571.1436090831382
571.1436090831382
571.1436090831382
571.1436090831382
571.1436090831382
571.1436090831382
571.1436090831382
571.1436090831382
571.1436090831382
571.1436090831384
571.1436090831384
571.1436090831384
571.1436090831384
571.1436090831382
571.1436090831382
571.1436090831382
571.1436090831382
539.5577290666278
571.1436090831382
571.1436090831382
539.5577290666278
571.1436090831382
571.1436090831382
539.5577290666278
571.1436090831382
539.5577290666278
571.1436090831382
571.1436090831382
539.5577290666278
571.1436090831382
571.1436090831382
539.5577290666278
539.5577290666278
571.1436090831382
571.1436090831382
571.1436090831382
571.1436090831382
571.1436090831382
539.5577290666278
571.1436090831382
571.1436090831382
571.1436090831382
571.1436090831382
571.1436090831382
571.1436090831382
571.1436090831382
571.1436090831382
571.1436090831382
539.5577290666278
571.1436090831384
571.1436090831384
571.1436090831384
571.1436090831382
535.0989602244267
539.5577290666278
571.1436090831382
535.0989602244267
535.0989602244267
535.0989602244267
535.0989602244267
535.0989602244267
535.0989602244267
535.0989602244267
535.0989602244267
539.5577290666278
535.0989602244267
535.0989602244267
535.0989602244267
535.0989602244267
535.0989602244267
539.5577290666278
535.0989602244267
535.0989602244267
535.0989602244267
535.0989602244267
535.0989602244267
535.0989602244267
535.0989602244267
535.0989602244267
535.0989602244267
535.0989602244267
535.0989602244267
535.0989602244267
535.0989602244267
535.0989602244267
535.0989602244267
539.5577290666278
535.0989602244267
535.0989602244267
535.0989602244267
571.1436090831384
535.0989602244267
535.0989602244267
535.0989602244267
535.0989602244267
535.0989602244267
535.0989602244267
535.0989602244267
535.0989602244267
535.0989602244267
535.0989602244267
535.0989602244267
535.0989602244267
535.0989602244267
535.0989602244267
535.0989602244267
535.0989602244267
535.0989602244267
532.0008792856164
535.0989602244267
535.0989602244267
535.0989602244267
532.0008792856164
535.0989602244267
535.0989602244267
535.0989602244267
535.0989602244267
535.0989602244267
532.0008792856164
535.0989602244267
535.0989602244267
535.0989602244267
532.0008792856164
535.0989602244267
532.0008792856164
535.0989602244267
535.0989602244267
535.0989602244267
535.0989602244267
535.0989602244267
535.0989602244267
532.0008792856164
532.0008792856164
532.0008792856164
535.0989602244267
532.0008792856164
532.0008792856164
532.0008792856164
532.0008792856164
532.0008792856164
532.0008792856164
532.0008792856164
532.0008792856164
532.0008792856164
532.0008792856164
532.0008792856164
532.0008792856164
532.0008792856164
532.0008792856164
532.0008792856164
532.0008792856164
532.0008792856164
532.0008792856164
532.0008792856164
532.0008792856164
532.0008792856164
532.0008792856164
532.0008792856164
532.0008792856164
535.0989602244267
532.0008792856164
524.6397708410767
532.0008792856164
532.0008792856164
532.0008792856164
532.0008792856164
532.0008792856164
532.0008792856164
532.0008792856164
532.0008792856164
522.7059618455004
524.6397708410766
524.6397708410766
535.0989602244267
524.6397708410766
524.6397708410766
524.6397708410766
532.0008792856164
524.6397708410766
524.6397708410766
524.6397708410766
524.6397708410766
524.6397708410766
524.6397708410766
524.6397708410766
524.6397708410766
524.6397708410766
524.6397708410766
524.6397708410766
524.6397708410766
524.6397708410766
524.6397708410766
524.6397708410766
524.6397708410766
524.6397708410766
524.6397708410766
524.6397708410766
524.6397708410766
524.6397708410766
524.6397708410766
522.7059618455004
532.0008792856164
522.7059618455004
522.7059618455004
522.7059618455004
522.7059618455004
522.7059618455004
522.7059618455004
522.7059618455004
522.7059618455004
522.7059618455004
524.6397708410766
522.7059618455004
522.7059618455004
522.7059618455004
522.7059618455004
522.7059618455004
522.7059618455004
522.7059618455004
522.7059618455004
522.7059618455004
522.7059618455004
522.7059618455004
522.7059618455004
522.7059618455004
522.7059618455004
522.7059618455004
522.7059618455004
522.7059618455004
522.7059618455004
522.7059618455004
522.7059618455004
522.7059618455004
524.6397708410766
522.7059618455004
522.7059618455004
522.7059618455004
524.6397708410766
522.7059618455004
522.7059618455004
522.7059618455004
520.1971487815783
520.1971487815783
522.7059618455004
522.7059618455004
522.7059618455004
522.7059618455004
520.1971487815783
519.5733446005906
519.5733446005906
524.6397708410766
519.5733446005906
519.5733446005906
519.5733446005906
519.5733446005906
516.1883307636668
519.5733446005906
516.1883307636668
519.5733446005906
516.1883307636668
519.5733446005906
519.5733446005906
519.5733446005906
522.7059618455004
519.5733446005906
519.5733446005906
516.1883307636668
519.5733446005906
519.5733446005906
519.5733446005906
516.1883307636668
519.5733446005906
516.1883307636668
519.5733446005906
516.1883307636668
519.5733446005906
519.5733446005906
516.1883307636668
522.7059618455004
522.7059618455004
519.5733446005906
513.679517699745
517.5439072870248
517.5439072870248
517.5439072870248
517.5439072870248
513.679517699745
513.679517699745
513.679517699745
513.679517699745
513.679517699745
513.679517699745
513.679517699745
519.5733446005906
516.1883307636668
513.679517699745
513.679517699745
513.679517699745
513.6795176997449
513.679517699745
513.679517699745
513.679517699745
513.679517699745
513.679517699745
513.679517699745
513.679517699745
513.679517699745
513.679517699745
513.679517699745
513.679517699745
513.679517699745
513.679517699745
513.679517699745
513.679517699745
513.679517699745
513.679517699745
513.679517699745
522.7059618455004
513.679517699745
513.679517699745
513.679517699745
512.5215394479615
512.5215394479615
513.679517699745
512.5215394479615
513.679517699745
512.5215394479615
513.679517699745
509.5947605513063
509.59476055130625
512.5215394479616
512.5215394479616
519.5733446005906
512.5215394479616
512.5215394479616
512.5215394479616
512.5215394479616
512.5215394479616
509.5947605513063
512.5215394479616
509.5947605513063
512.5215394479616
512.5215394479616
512.5215394479616
512.5215394479616
512.5215394479616
512.5215394479616
512.5215394479616
509.5947605513063
512.5215394479616
512.5215394479616
512.5215394479616
512.5215394479616
512.5215394479616
512.5215394479616
512.5215394479616
512.5215394479616
512.5215394479616
512.5215394479616
512.5215394479616
512.5215394479615
512.5215394479615
512.5215394479616
512.5215394479615
513.679517699745
509.59476055130625
509.5947605513063
509.5947605513063
509.59476055130625
509.5947605513063
509.5947605513063
519.5733446005906
509.5947605513063
509.5947605513063
507.39086197025506
507.39086197025506
509.5947605513063
509.5947605513063
509.5947605513063
509.5947605513063
509.5947605513063
507.39086197025506
509.5947605513063
509.5947605513063
509.5947605513063
509.5947605513063
512.5215394479616
508.83912452077703
509.5947605513063
509.5947605513063
509.5947605513063
509.5947605513063
509.5947605513063
509.5947605513063
509.5947605513063
509.5947605513063
507.39086197025506
509.5947605513063
507.39086197025506
509.5947605513063
507.39086197025506
509.5947605513063
509.5947605513063
509.59476055130625
506.63522593972584
507.3908619702551
507.3908619702551
507.3908619702551
507.3908619702551
506.5712642476086
507.3908619702551
507.3908619702551
509.5947605513063
506.63522593972584
506.63522593972584
506.63522593972584
506.63522593972584
506.63522593972584
506.63522593972584
506.63522593972584
506.63522593972584
506.63522593972584
506.5712642476086
506.63522593972584
508.83912452077703
506.63522593972584
506.63522593972584
506.5712642476086
506.63522593972584
506.63522593972584
506.63522593972584
506.63522593972584
506.63522593972584
506.63522593972584
506.63522593972584
506.63522593972584
506.5712642476086
506.63522593972584
506.63522593972584
506.63522593972584
506.63522593972584
506.63522593972584
506.63522593972584
505.81562821707934
506.57126424760855
503.3061048218164
506.57126424760855
506.57126424760855
505.81562821707934
505.81562821707934
505.81562821707934
505.81562821707934
505.81562821707934
505.81562821707934
505.81562821707934
505.81562821707934
505.81562821707934
505.81562821707934
505.81562821707934
502.55046879128713
505.81562821707934
506.5712642476086
505.81562821707934
508.83912452077703
505.81562821707934
505.81562821707934
505.81562821707934
505.81562821707934
505.81562821707934
505.81562821707934
505.81562821707934
505.81562821707934
505.81562821707934
506.63522593972584
505.81562821707934
505.81562821707934
502.55046879128713
505.81562821707934
505.81562821707934
505.81562821707934
506.63522593972584
502.55046879128713
502.55046879128713
502.55046879128713
503.3061048218164
502.55046879128713
502.55046879128713
502.55046879128713
502.55046879128713
502.55046879128713
502.55046879128713
502.55046879128713
502.55046879128713
502.55046879128713
505.81562821707934
502.55046879128713
502.55046879128713
502.55046879128713
502.55046879128713
502.55046879128713
502.55046879128713
502.55046879128713
502.55046879128713
502.55046879128713
502.55046879128713
502.55046879128713
502.55046879128713
502.55046879128713
502.55046879128713
502.55046879128713
502.55046879128713
502.55046879128713
506.63522593972584
502.55046879128713
502.55046879128713
502.55046879128713
502.55046879128713
502.55046879128713
502.55046879128713
502.55046879128713
502.55046879128713
502.55046879128713
502.55046879128713
502.55046879128713
502.55046879128713
498.51048938280115
502.55046879128713
498.51048938280115
502.55046879128713
502.55046879128713
502.55046879128713
502.55046879128713
502.55046879128713
505.81562821707934
502.55046879128713
502.55046879128713
502.55046879128713
502.55046879128713
502.55046879128713
502.55046879128713
502.55046879128713
502.55046879128713
502.55046879128713
502.55046879128713
502.55046879128713
502.55046879128713
502.55046879128713
502.55046879128713
502.55046879128713
502.55046879128713
502.55046879128713
502.55046879128713
502.55046879128713
502.55046879128713
502.55046879128713
502.55046879128713
502.55046879128713
502.55046879128713
502.55046879128713
502.55046879128713
495.4869930791034
498.51048938280115
498.51048938280115
498.51048938280115
495.4869930791034
502.55046879128713
495.48699307910346
495.48699307910346
495.48699307910346
495.48699307910346
495.48699307910346
495.48699307910346
495.48699307910346
495.48699307910346
502.55046879128713
495.48699307910346
495.48699307910346
495.48699307910346
495.48699307910346
495.48699307910346
495.48699307910346
495.48699307910346
502.55046879128713
495.48699307910346
495.48699307910346
495.48699307910346
495.48699307910346
495.48699307910346
495.48699307910346
495.48699307910346
495.48699307910346
495.48699307910346
495.48699307910346
495.48699307910346
498.51048938280115
495.48699307910346
495.48699307910346
495.48699307910346
495.48699307910346
495.4869930791034
495.48699307910346
495.48699307910346
495.48699307910346
495.4869930791034
495.48699307910346
495.48699307910346
495.4869930791034
495.48699307910346
495.48699307910346
495.48699307910346
495.48699307910346
493.1566783455357
493.1566783455357
495.48699307910346
495.48699307910346
495.4869930791034
495.4869930791034
495.48699307910346
495.48699307910346
495.48699307910346
495.48699307910346
495.48699307910346
495.4869930791034
495.48699307910346
495.48699307910346
495.48699307910346
495.48699307910346
495.4869930791034
495.48699307910346
493.1566783455357
495.48699307910346
495.48699307910346
495.48699307910346
495.48699307910346
495.48699307910346
495.4869930791034
495.4869930791034
493.1566783455357
493.1566783455357
493.15667834553574
493.15667834553574
493.15667834553574
493.15667834553574
493.15667834553574
493.15667834553574
493.15667834553574
493.15667834553574
493.15667834553574
493.15667834553574
493.15667834553574
493.1566783455357
493.1566783455357
493.15667834553574
493.15667834553574
493.15667834553574
493.15667834553574
493.15667834553574
493.15667834553574
493.15667834553574
493.15667834553574
493.15667834553574
493.15667834553574
493.1566783455357
493.15667834553574
493.15667834553574
493.15667834553574
493.15667834553574
493.15667834553574
492.2913055619772
493.15667834553574
493.15667834553574
493.15667834553574
493.15667834553574
493.1566783455357
493.15667834553574
493.15667834553574
493.1566783455357
492.2913055619772
492.2913055619772
492.2913055619772
492.2913055619772
493.15667834553574
492.2913055619772
493.15667834553574
492.2913055619772
492.2913055619772
492.2913055619772
492.2913055619772
492.2913055619772
492.2913055619772
492.2913055619772
492.2913055619772
492.2913055619772
492.2913055619772
492.2913055619772
492.2913055619772
492.2913055619772
492.2913055619772
492.2913055619772
492.2913055619772
492.2913055619772
492.2913055619772
492.2913055619772
492.2913055619772
492.2913055619772
492.2913055619772
492.2913055619772
492.2913055619772
493.15667834553574
492.2913055619772
492.2913055619772
492.2913055619772
492.2913055619772
492.2913055619772
492.2913055619772
492.2913055619772
492.2913055619772
492.2913055619772
492.2913055619772
492.2913055619772
493.15667834553574
492.2913055619772
492.2913055619772
492.2913055619772
492.2913055619772
492.2913055619772
492.2913055619772
492.2913055619772
492.2913055619772
492.2913055619772
492.2913055619772
492.2913055619772
492.2913055619772
492.2913055619772
492.2913055619772
492.2913055619772
492.2913055619772
492.2913055619772
492.2913055619772
492.2913055619772
492.2913055619772
492.2913055619772
492.2913055619772
492.2913055619772
492.2913055619772
492.2913055619772
492.2913055619772
492.2913055619772
492.2913055619772
492.2913055619772
492.2913055619772
492.2913055619772
492.2913055619772
492.2913055619772
492.2913055619772
492.2913055619772
492.2913055619772
492.2913055619772
492.2913055619772
492.2913055619772
492.2913055619772
492.2913055619772
492.2913055619772
492.2913055619772
492.2913055619772
492.2913055619772
492.2913055619772
492.2913055619772
492.2913055619772
492.2913055619772
492.2913055619772
492.2913055619772
492.2913055619772
492.2913055619772
492.2913055619772
492.2913055619772
492.2913055619772
492.2913055619772
492.2913055619772
492.2913055619772
492.2913055619772
492.2913055619772
492.2913055619772
492.2913055619772
492.2913055619772
492.2913055619772
492.2913055619772
492.2913055619772
492.2913055619772
492.2913055619772
492.2913055619772
492.2913055619772
492.2913055619772
492.2913055619772
492.2913055619772
492.2913055619772
492.2913055619772
492.2913055619772
492.2913055619772
492.2913055619772
492.2913055619772
492.2913055619772
492.2913055619772
492.2913055619772
492.2913055619772
492.2913055619772
492.2913055619772
492.2913055619772
492.2913055619772
492.2913055619772
492.2913055619772
492.2913055619772
492.2913055619772
492.2913055619772
492.2913055619772
492.2913055619772
492.2913055619772
492.2913055619772
492.2913055619772
492.2913055619772
492.2913055619772
492.2913055619772
492.2913055619772
492.2913055619772
492.2913055619772
492.2913055619772
492.2913055619772
492.2913055619772
492.2913055619772
492.2913055619772
492.2913055619772
492.2913055619772
492.2913055619772
492.2913055619772
492.2913055619772
492.2913055619772
492.2913055619772
492.2913055619772
492.2913055619772
492.2913055619772
492.2913055619772
492.2913055619772
492.2913055619772
492.2913055619772
492.2913055619772
492.2913055619772
492.2913055619772
492.2913055619772
492.2913055619772
492.2913055619772
492.2913055619772
492.2913055619772
492.2913055619772
492.2913055619772
492.2913055619772
492.2913055619772
492.2913055619772
492.2913055619772
492.2913055619772
492.2913055619772
492.2913055619772
492.2913055619772
492.2913055619772
492.2913055619772
492.2913055619772
492.2913055619772
492.2913055619772
492.2913055619772
492.2913055619772
492.2913055619772
492.2913055619772
492.2913055619772
492.2913055619772
492.2913055619772
492.2913055619772
492.2913055619772
492.2913055619772
492.2913055619772
492.2913055619772
492.2913055619772
492.2913055619772
492.2913055619772
492.2913055619772
492.2913055619772
492.2913055619772
492.2913055619772
492.2913055619772
492.2913055619772
492.2913055619772
492.2913055619772
492.2913055619772
492.2913055619772
492.2913055619772
492.2913055619772
492.2913055619772
492.2913055619772
492.2913055619772
492.2913055619772
492.2913055619772
492.2913055619772
492.2913055619772
492.2913055619772
492.2913055619772
492.2913055619772
492.2913055619772
492.2913055619772
492.2913055619772
492.2913055619772
492.2913055619772
492.2913055619772
492.2913055619772
492.2913055619772
492.2913055619772
492.2913055619772
492.2913055619772
492.2913055619772
492.2913055619772
492.2913055619772
492.2913055619772
492.2913055619772
492.2913055619772
492.2913055619772
492.2913055619772
492.2913055619772
492.2913055619772
492.2913055619772
492.2913055619772
492.2913055619772
492.2913055619772
492.2913055619772
492.2913055619772
492.2913055619772
492.2913055619772
492.2913055619772
492.2913055619772
492.2913055619772
492.2913055619772
492.2913055619772
492.2913055619772
492.2913055619772
492.2913055619772
492.2913055619772
492.2913055619772
492.2913055619772
492.2913055619772
492.2913055619772
492.2913055619772
492.2913055619772
492.2913055619772
492.2913055619772
492.2913055619772
492.2913055619772
492.2913055619772
492.2913055619772
492.2913055619772
492.2913055619772
492.2913055619772
492.2913055619772
492.2913055619772
492.2913055619772
492.2913055619772
492.2913055619772
492.2913055619772
492.2913055619772
492.2913055619772
492.2913055619772
492.2913055619772
492.2913055619772
492.2913055619772
492.2913055619772
492.2913055619772
492.2913055619772
492.2913055619772
492.2913055619772
492.2913055619772
492.2913055619772
492.2913055619772
492.2913055619772
492.2913055619772
492.2913055619772
492.2913055619772
492.2913055619772
492.2913055619772
492.2913055619772
492.2913055619772
492.2913055619772
492.2913055619772
492.2913055619772
492.2913055619772
492.2913055619772
492.2913055619772
492.2913055619772
492.2913055619772
492.2913055619772
492.2913055619772
492.2913055619772
492.2913055619772
492.2913055619772
492.2913055619772
492.2913055619772
492.2913055619772
492.2913055619772
492.2913055619772
492.2913055619772
492.2913055619772
492.2913055619772
492.2913055619772
492.2913055619772
492.2913055619772
492.2913055619772
492.2913055619772
492.2913055619772
492.2913055619772
492.2913055619772
492.2913055619772
492.2913055619772
492.2913055619772
492.2913055619772
492.2913055619772
492.2913055619772
492.2913055619772
492.2913055619772
492.2913055619772
492.2913055619772
492.2913055619772
492.2913055619772
492.2913055619772
492.2913055619772
492.2913055619772
492.2913055619772
492.2913055619772
492.2913055619772
492.2913055619772
492.2913055619772
492.2913055619772
492.2913055619772
492.2913055619772
492.2913055619772
492.2913055619772
492.2913055619772
492.2913055619772
492.2913055619772
492.2913055619772
492.2913055619772
492.2913055619772
492.2913055619772
492.2913055619772
492.2913055619772
492.2913055619772
492.2913055619772
492.2913055619772
492.2913055619772
492.2913055619772
492.2913055619772
492.2913055619772
492.2913055619772
492.2913055619772
492.2913055619772
492.2913055619772
492.2913055619772
492.2913055619772
492.2913055619772
492.2913055619772
492.2913055619772
492.2913055619772
492.2913055619772
492.2913055619772
492.2913055619772
492.2913055619772
492.2913055619772
492.2913055619772
492.2913055619772
492.2913055619772
492.2913055619772
492.2913055619772
492.2913055619772
492.2913055619772
492.2913055619772
492.2913055619772
492.2913055619772
492.2913055619772
492.2913055619772
492.2913055619772
492.2913055619772
492.2913055619772
492.2913055619772
492.2913055619772
492.2913055619772
492.2913055619772
492.2913055619772
492.2913055619772
492.2913055619772
492.2913055619772
492.2913055619772
492.2913055619772
492.2913055619772
492.2913055619772
492.2913055619772
492.2913055619772
492.2913055619772
492.2913055619772
492.2913055619772
492.2913055619772
492.2913055619772
492.2913055619772
492.2913055619772
492.2913055619772
492.2913055619772
492.2913055619772
492.2913055619772
492.2913055619772
492.2913055619772
492.2913055619772
492.2913055619772
492.2913055619772
492.2913055619772
492.2913055619772
492.2913055619772
492.2913055619772
492.2913055619772
492.2913055619772
492.2913055619772
492.2913055619772
492.2913055619772
492.2913055619772
492.2913055619772
492.2913055619772
492.2913055619772
492.2913055619772
492.2913055619772
492.2913055619772
492.2913055619772
492.2913055619772
492.2913055619772
492.2913055619772
492.2913055619772
492.2913055619772
492.2913055619772
492.2913055619772
492.2913055619772
492.2913055619772
492.2913055619772
492.2913055619772
492.2913055619772
492.2913055619772
492.2913055619772
492.2913055619772
492.2913055619772
492.2913055619772
492.2913055619772
492.2913055619772
492.2913055619772
492.2913055619772
492.2913055619772
492.2913055619772
492.2913055619772
492.2913055619772
492.2913055619772
492.2913055619772
492.2913055619772
492.2913055619772
492.2913055619772
492.2913055619772
492.2913055619772
492.2913055619772
492.2913055619772
492.2913055619772
492.2913055619772
492.2913055619772
492.2913055619772
492.2913055619772
492.2913055619772
492.2913055619772
492.2913055619772
492.2913055619772
492.2913055619772
492.2913055619772
492.2913055619772
492.2913055619772
492.2913055619772
492.2913055619772
492.2913055619772
492.2913055619772
492.2913055619772
492.2913055619772
492.2913055619772
492.2913055619772
492.2913055619772
492.2913055619772
492.2913055619772
492.2913055619772
492.2913055619772
492.2913055619772
492.2913055619772
492.2913055619772
492.2913055619772
492.2913055619772
492.2913055619772
492.2913055619772
492.2913055619772
492.2913055619772
492.2913055619772
492.2913055619772
492.2913055619772
492.2913055619772
492.2913055619772
492.2913055619772
492.2913055619772
492.2913055619772
492.2913055619772
492.2913055619772
492.2913055619772
492.2913055619772
492.2913055619772
492.2913055619772
492.2913055619772
492.2913055619772
492.2913055619772
492.2913055619772
492.2913055619772
492.2913055619772
492.2913055619772
492.2913055619772
492.2913055619772
492.2913055619772
492.2913055619772
492.2913055619772
492.2913055619772
492.2913055619772
492.2913055619772
492.2913055619772
492.2913055619772
492.2913055619772
492.2913055619772
492.2913055619772
492.2913055619772
492.2913055619772
492.2913055619772
492.2913055619772
492.2913055619772
492.2913055619772
492.2913055619772
492.2913055619772
492.2913055619772
492.2913055619772
492.2913055619772
492.2913055619772
492.2913055619772
492.2913055619772
492.2913055619772
492.2913055619772
492.2913055619772
492.2913055619772
492.2913055619772
492.2913055619772
492.2913055619772
492.2913055619772
492.2913055619772
492.2913055619772
492.2913055619772
492.2913055619772
492.2913055619772
492.2913055619772
492.2913055619772
492.2913055619772
492.2913055619772
492.2913055619772
492.2913055619772
492.2913055619772
492.2913055619772
492.2913055619772
492.2913055619772
492.2913055619772
492.2913055619772
492.2913055619772
492.2913055619772
492.2913055619772
492.2913055619772
492.2913055619772
492.2913055619772
492.2913055619772
492.2913055619772
492.2913055619772
492.2913055619772
492.2913055619772
492.2913055619772
492.2913055619772
492.2913055619772
492.2913055619772
492.2913055619772
492.2913055619772
492.2913055619772
492.2913055619772
492.2913055619772
492.2913055619772
492.2913055619772
492.2913055619772
492.2913055619772
492.2913055619772
492.2913055619772
492.2913055619772
492.2913055619772
492.2913055619772
492.2913055619772
492.2913055619772
492.2913055619772
492.2913055619772
492.2913055619772
492.2913055619772
492.2913055619772
492.2913055619772
492.2913055619772
492.2913055619772
492.2913055619772
492.2913055619772
492.2913055619772
492.2913055619772
492.2913055619772
492.2913055619772
492.2913055619772
492.2913055619772
492.2913055619772
492.2913055619772
492.2913055619772
492.2913055619772
492.2913055619772
492.2913055619772
492.2913055619772
492.2913055619772
492.2913055619772
492.2913055619772
492.2913055619772
492.2913055619772
492.2913055619772
492.2913055619772
492.2913055619772
492.2913055619772
492.2913055619772
492.2913055619772
492.2913055619772
492.2913055619772
492.2913055619772
492.2913055619772
492.2913055619772
492.2913055619772
492.2913055619772
492.2913055619772
492.2913055619772
492.2913055619772
492.2913055619772
492.2913055619772
492.2913055619772
492.2913055619772
492.2913055619772
492.2913055619772
492.2913055619772
492.2913055619772
492.2913055619772
492.2913055619772
492.2913055619772
492.2913055619772
492.2913055619772
492.2913055619772
492.2913055619772
492.2913055619772
492.2913055619772
492.2913055619772
492.2913055619772
492.2913055619772
492.2913055619772
492.2913055619772
492.2913055619772
492.2913055619772
492.2913055619772
492.2913055619772
492.2913055619772
492.2913055619772
492.2913055619772
492.2913055619772
492.2913055619772
492.2913055619772
492.2913055619772
492.2913055619772
492.2913055619772
492.2913055619772
492.2913055619772
492.2913055619772
492.2913055619772
492.2913055619772
492.2913055619772
492.2913055619772
492.2913055619772
492.2913055619772
492.2913055619772
492.2913055619772
492.2913055619772
492.2913055619772
492.2913055619772
492.2913055619772
492.2913055619772
492.2913055619772
492.2913055619772
492.2913055619772
492.2913055619772
492.2913055619772
492.2913055619772
492.2913055619772
492.2913055619772
492.2913055619772
492.2913055619772
492.2913055619772
492.2913055619772
492.2913055619772
492.2913055619772
492.2913055619772
492.2913055619772
492.2913055619772
492.2913055619772
492.2913055619772
492.2913055619772
492.2913055619772
492.2913055619772
492.2913055619772
492.2913055619772
492.2913055619772
492.2913055619772
492.2913055619772
492.2913055619772
492.2913055619772
492.2913055619772
492.2913055619772
492.2913055619772
492.2913055619772
492.2913055619772
492.2913055619772
492.2913055619772
492.2913055619772
492.2913055619772
492.2913055619772
492.2913055619772
492.2913055619772
492.2913055619772
492.2913055619772
492.2913055619772
492.2913055619772
492.2913055619772
492.2913055619772
492.2913055619772
492.2913055619772
492.2913055619772
492.2913055619772
492.2913055619772
492.2913055619772
492.2913055619772
492.2913055619772
492.2913055619772
492.2913055619772
492.2913055619772
492.2913055619772
492.2913055619772
492.2913055619772
492.2913055619772
492.2913055619772
492.2913055619772
492.2913055619772
492.2913055619772
492.2913055619772
492.2913055619772
492.2913055619772
492.2913055619772
492.2913055619772
492.2913055619772
492.2913055619772
492.2913055619772
492.2913055619772
492.2913055619772
492.2913055619772
492.2913055619772
492.2913055619772
492.2913055619772
492.2913055619772
492.2913055619772
492.2913055619772
492.2913055619772
492.2913055619772
492.2913055619772
492.2913055619772
492.2913055619772
492.2913055619772
492.2913055619772
492.2913055619772
492.2913055619772
492.2913055619772
492.2913055619772
492.2913055619772
492.2913055619772
492.2913055619772
492.2913055619772
492.2913055619772
492.2913055619772
492.2913055619772
492.2913055619772
492.2913055619772
492.2913055619772
492.2913055619772
492.2913055619772
492.2913055619772
492.2913055619772
492.2913055619772
492.2913055619772
492.2913055619772
492.2913055619772
492.2913055619772
492.2913055619772
492.2913055619772
492.2913055619772
492.2913055619772
492.2913055619772
492.2913055619772
492.2913055619772
492.2913055619772
492.2913055619772
492.2913055619772
492.2913055619772
492.2913055619772
492.2913055619772
492.2913055619772
492.2913055619772
492.2913055619772
492.2913055619772
492.2913055619772
492.2913055619772
492.2913055619772
492.2913055619772
492.2913055619772
492.2913055619772
492.2913055619772
492.2913055619772
492.2913055619772
492.2913055619772
492.2913055619772
492.2913055619772
492.2913055619772
492.2913055619772
492.2913055619772
492.2913055619772
492.2913055619772
492.2913055619772
492.2913055619772
492.2913055619772
492.2913055619772
492.2913055619772
492.2913055619772
492.2913055619772
492.2913055619772
492.2913055619772
492.2913055619772
492.2913055619772
492.2913055619772
492.2913055619772
492.2913055619772
492.2913055619772
492.2913055619772
492.2913055619772
492.2913055619772
492.2913055619772
492.2913055619772
492.2913055619772
492.2913055619772
492.2913055619772
492.2913055619772
492.2913055619772
492.2913055619772
492.2913055619772
492.2913055619772
492.2913055619772
492.2913055619772
492.2913055619772
492.2913055619772
492.2913055619772
492.2913055619772
492.2913055619772
492.2913055619772
492.2913055619772
492.2913055619772
492.2913055619772
492.2913055619772
492.2913055619772
492.2913055619772
492.2913055619772
492.2913055619772
492.2913055619772
492.2913055619772
492.2913055619772
492.2913055619772
492.2913055619772
492.2913055619772
492.2913055619772
492.2913055619772
492.2913055619772
492.2913055619772
492.2913055619772
492.2913055619772
492.2913055619772
492.2913055619772
492.2913055619772
492.2913055619772
492.2913055619772
492.2913055619772
492.2913055619772
492.2913055619772
492.2913055619772
492.2913055619772
589.5774120984245
492.2913055619772
492.2913055619772
492.2913055619772
492.2913055619772
492.2913055619772
492.2913055619772
492.2913055619772
492.2913055619772
492.2913055619772
492.2913055619772
492.2913055619772
492.2913055619772
492.2913055619772
492.2913055619772
492.2913055619772
492.2913055619772
492.2913055619772
492.2913055619772
492.2913055619772
492.2913055619772
492.2913055619772
492.2913055619772
492.2913055619772
492.2913055619772
492.2913055619772
492.2913055619772
492.2913055619772
492.2913055619772
492.2913055619772
492.2913055619772
492.2913055619772
492.2913055619772
492.2913055619772
492.2913055619772
492.2913055619772
492.2913055619772
492.2913055619772
492.2913055619772
492.2913055619772
492.2913055619772
492.2913055619772
492.2913055619772
492.2913055619772
492.2913055619772
492.2913055619772
492.2913055619772
492.2913055619772
492.2913055619772
492.2913055619772
492.2913055619772
492.2913055619772
492.2913055619772
492.2913055619772
492.2913055619772
492.2913055619772
492.2913055619772
492.2913055619772
492.2913055619772
492.2913055619772
492.2913055619772
492.2913055619772
492.2913055619772
492.2913055619772
492.2913055619772
492.2913055619772
492.2913055619772
492.2913055619772
492.2913055619772
492.2913055619772
492.2913055619772
492.2913055619772
492.2913055619772
492.2913055619772
492.2913055619772
492.2913055619772
492.2913055619772
492.2913055619772
492.2913055619772
492.2913055619772
492.2913055619772
492.2913055619772
492.2913055619772
492.2913055619772
492.2913055619772
492.2913055619772
492.2913055619772
492.2913055619772
492.2913055619772
492.2913055619772
492.2913055619772
492.2913055619772
492.2913055619772
492.2913055619772
492.2913055619772
492.2913055619772
492.2913055619772
492.2913055619772
492.2913055619772
492.2913055619772
492.2913055619772
492.2913055619772
492.2913055619772
492.2913055619772
492.2913055619772
492.2913055619772
492.2913055619772
492.2913055619772
492.2913055619772
492.2913055619772
492.2913055619772
492.2913055619772
492.2913055619772
492.2913055619772
492.2913055619772
492.2913055619772
492.2913055619772
492.2913055619772
492.2913055619772
492.2913055619772
492.2913055619772
492.2913055619772
492.2913055619772
492.2913055619772
492.2913055619772
492.2913055619772
492.2913055619772
492.2913055619772
492.2913055619772
492.2913055619772
492.2913055619772
492.2913055619772
492.2913055619772
492.2913055619772
492.2913055619772
492.2913055619772
492.2913055619772
492.2913055619772
492.2913055619772
492.2913055619772
492.2913055619772
492.2913055619772
492.2913055619772
492.2913055619772
492.2913055619772
492.2913055619772
492.2913055619772
492.2913055619772
492.2913055619772
492.2913055619772
492.2913055619772
492.2913055619772
492.2913055619772
492.2913055619772
492.2913055619772
492.2913055619772
573.2115734368535
492.2913055619772
492.2913055619772
492.2913055619772
492.2913055619772
492.2913055619772
492.2913055619772
492.2913055619772
492.2913055619772
492.2913055619772
492.2913055619772
492.2913055619772
492.2913055619772
492.2913055619772
492.2913055619772
492.2913055619772
492.2913055619772
492.2913055619772
492.2913055619772
492.2913055619772
492.2913055619772
492.2913055619772
492.2913055619772
492.2913055619772
492.2913055619772
492.2913055619772
492.2913055619772
492.2913055619772
492.2913055619772
492.2913055619772
492.2913055619772
492.2913055619772
492.2913055619772
492.2913055619772
492.2913055619772
492.2913055619772
492.2913055619772
492.2913055619772
492.2913055619772
492.2913055619772
492.2913055619772
492.2913055619772
492.2913055619772
492.2913055619772
492.2913055619772
492.2913055619772
492.2913055619772
492.2913055619772
492.2913055619772
492.2913055619772
492.2913055619772
492.2913055619772
492.2913055619772
492.2913055619772
492.2913055619772
492.2913055619772
492.2913055619772
492.2913055619772
492.2913055619772
492.2913055619772
492.2913055619772
492.2913055619772
492.2913055619772
492.2913055619772
492.2913055619772
492.2913055619772
492.2913055619772
492.2913055619772
492.2913055619772
492.2913055619772
492.2913055619772
492.2913055619772
492.2913055619772
492.2913055619772
492.2913055619772
492.2913055619772
492.2913055619772
492.2913055619772
492.2913055619772
492.2913055619772
492.2913055619772
492.2913055619772
492.2913055619772
492.2913055619772
492.2913055619772
492.2913055619772
492.2913055619772
492.2913055619772
492.2913055619772
492.2913055619772
492.2913055619772
492.2913055619772
492.2913055619772
492.2913055619772
492.2913055619772
492.2913055619772
492.2913055619772
492.2913055619772
492.2913055619772
492.2913055619772
492.2913055619772
492.2913055619772
492.2913055619772
492.2913055619772
492.2913055619772
492.2913055619772
492.2913055619772
492.2913055619772
492.2913055619772
492.2913055619772
492.2913055619772
492.2913055619772
492.2913055619772
492.2913055619772
492.2913055619772
492.2913055619772
492.2913055619772
492.2913055619772
492.2913055619772
492.2913055619772
492.2913055619772
492.2913055619772
492.2913055619772
492.2913055619772
492.2913055619772
492.2913055619772
492.2913055619772
492.2913055619772
492.2913055619772
492.2913055619772
492.2913055619772
492.2913055619772
492.2913055619772
492.2913055619772
492.2913055619772
492.2913055619772
492.2913055619772
492.2913055619772
492.2913055619772
492.2913055619772
492.2913055619772
492.2913055619772
492.2913055619772
492.2913055619772
492.2913055619772
492.2913055619772
492.2913055619772
492.2913055619772
492.2913055619772
492.2913055619772
492.2913055619772
492.2913055619772
492.2913055619772
492.2913055619772
492.2913055619772
492.2913055619772
492.2913055619772
492.2913055619772
492.2913055619772
492.2913055619772
492.2913055619772
492.2913055619772
492.2913055619772
492.2913055619772
492.2913055619772
492.2913055619772
492.2913055619772
492.2913055619772
492.2913055619772
492.2913055619772
492.2913055619772
492.2913055619772
492.2913055619772
492.2913055619772
492.2913055619772
492.2913055619772
492.2913055619772
492.2913055619772
492.2913055619772
492.2913055619772
492.2913055619772
492.2913055619772
492.2913055619772
492.2913055619772
492.2913055619772
492.2913055619772
492.2913055619772
492.2913055619772
492.2913055619772
492.2913055619772
492.2913055619772
492.2913055619772
492.2913055619772
492.2913055619772
492.2913055619772
492.2913055619772
492.2913055619772
492.2913055619772
492.2913055619772
492.2913055619772
492.2913055619772
492.2913055619772
492.2913055619772
492.2913055619772
492.2913055619772
492.2913055619772
492.2913055619772
492.2913055619772
492.2913055619772
492.2913055619772
492.2913055619772
492.2913055619772
492.2913055619772
492.2913055619772
492.2913055619772
492.2913055619772
492.2913055619772
492.2913055619772
492.2913055619772
492.2913055619772
492.2913055619772
492.2913055619772
492.2913055619772
492.2913055619772
492.2913055619772
492.2913055619772
492.2913055619772
492.2913055619772
492.2913055619772
492.2913055619772
492.2913055619772
492.2913055619772
492.2913055619772
492.2913055619772
492.2913055619772
492.2913055619772
492.2913055619772
492.2913055619772
492.2913055619772
492.2913055619772
492.2913055619772
492.2913055619772
492.2913055619772
492.2913055619772
492.2913055619772
492.2913055619772
492.2913055619772
492.2913055619772
492.2913055619772
492.2913055619772
492.2913055619772
492.2913055619772
492.2913055619772
492.2913055619772
492.2913055619772
492.2913055619772
492.2913055619772
492.2913055619772
492.2913055619772
492.2913055619772
492.2913055619772
492.2913055619772
492.2913055619772
492.2913055619772
492.2913055619772
492.2913055619772
492.2913055619772
492.2913055619772
492.2913055619772
492.2913055619772
492.2913055619772
492.2913055619772
492.2913055619772
492.2913055619772
492.2913055619772
492.2913055619772
492.2913055619772
492.2913055619772
492.2913055619772
492.2913055619772
492.2913055619772
492.2913055619772
492.2913055619772
492.2913055619772
492.2913055619772
492.2913055619772
492.2913055619772
492.2913055619772
492.2913055619772
492.2913055619772
492.2913055619772
492.2913055619772
492.2913055619772
492.2913055619772
492.2913055619772
492.2913055619772
492.2913055619772
492.2913055619772
492.2913055619772
492.2913055619772
492.2913055619772
492.2913055619772
492.2913055619772
492.2913055619772
492.2913055619772
492.2913055619772
492.2913055619772
492.2913055619772
492.2913055619772
492.2913055619772
492.2913055619772
492.2913055619772
492.2913055619772
492.2913055619772
492.2913055619772
492.2913055619772
492.2913055619772
492.2913055619772
492.2913055619772
492.2913055619772
492.2913055619772
492.2913055619772
492.2913055619772
492.2913055619772
492.2913055619772
492.2913055619772
492.2913055619772
492.2913055619772
492.2913055619772
492.2913055619772
492.2913055619772
492.2913055619772
492.2913055619772
492.2913055619772
492.2913055619772
492.2913055619772
492.2913055619772
492.2913055619772
492.2913055619772
492.2913055619772
492.2913055619772
492.2913055619772
492.2913055619772
492.2913055619772
492.2913055619772
492.2913055619772
492.2913055619772
492.2913055619772
492.2913055619772
492.2913055619772
492.2913055619772
492.2913055619772
492.2913055619772
492.2913055619772
492.2913055619772
492.2913055619772
492.2913055619772
492.2913055619772
492.2913055619772
492.2913055619772
492.2913055619772
492.2913055619772
492.2913055619772
492.2913055619772
492.2913055619772
492.2913055619772
492.2913055619772
492.2913055619772
492.2913055619772
492.2913055619772
492.2913055619772
492.2913055619772
492.2913055619772
492.2913055619772
492.2913055619772
492.2913055619772
492.2913055619772
492.2913055619772
492.2913055619772
492.2913055619772
492.2913055619772
492.2913055619772
492.2913055619772
492.2913055619772
492.2913055619772
492.2913055619772
492.2913055619772
492.2913055619772
492.2913055619772
492.2913055619772
492.2913055619772
492.2913055619772
492.2913055619772
492.2913055619772
492.2913055619772
492.2913055619772
492.2913055619772
492.2913055619772
492.2913055619772
492.2913055619772
492.2913055619772
492.2913055619772
492.2913055619772
492.2913055619772
492.2913055619772
492.2913055619772
492.2913055619772
492.2913055619772
492.2913055619772
492.2913055619772
492.2913055619772
492.2913055619772
492.2913055619772
492.2913055619772
492.2913055619772
492.2913055619772
492.2913055619772
492.2913055619772
492.2913055619772
492.2913055619772
492.2913055619772
492.2913055619772
492.2913055619772
492.2913055619772
492.2913055619772
492.2913055619772
492.2913055619772
492.2913055619772
492.2913055619772
492.2913055619772
492.2913055619772
492.2913055619772
492.2913055619772
492.2913055619772
492.2913055619772
492.2913055619772
492.2913055619772
492.2913055619772
492.2913055619772
492.2913055619772
492.2913055619772
492.2913055619772
492.2913055619772
492.2913055619772
492.2913055619772
492.2913055619772
492.2913055619772
492.2913055619772
492.2913055619772
492.2913055619772
492.2913055619772
492.2913055619772
492.2913055619772
492.2913055619772
492.2913055619772
492.2913055619772
492.2913055619772
492.2913055619772
492.2913055619772
492.2913055619772
492.2913055619772
492.2913055619772
492.2913055619772
492.2913055619772
492.2913055619772
492.2913055619772
492.2913055619772
492.2913055619772
492.2913055619772
492.2913055619772
492.2913055619772
492.2913055619772
492.2913055619772
492.2913055619772
492.2913055619772
492.2913055619772
492.2913055619772
492.2913055619772
492.2913055619772
492.2913055619772
492.2913055619772
492.2913055619772
492.2913055619772
492.2913055619772
492.2913055619772
492.2913055619772
492.2913055619772
492.2913055619772
492.2913055619772
492.2913055619772
492.2913055619772
492.2913055619772
492.2913055619772
492.2913055619772
492.2913055619772
492.2913055619772
492.2913055619772
492.2913055619772
492.2913055619772
492.2913055619772
492.2913055619772
492.2913055619772
492.2913055619772
492.2913055619772
492.2913055619772
492.2913055619772
492.2913055619772
492.2913055619772
492.2913055619772
492.2913055619772
492.2913055619772
492.2913055619772
492.2913055619772
492.2913055619772
492.2913055619772
492.2913055619772
492.2913055619772
492.2913055619772
492.2913055619772
492.2913055619772
492.2913055619772
492.2913055619772
492.2913055619772
492.2913055619772
492.2913055619772
492.2913055619772
492.2913055619772
492.2913055619772
492.2913055619772
492.2913055619772
492.2913055619772
492.2913055619772
492.2913055619772
492.2913055619772
492.2913055619772
492.2913055619772
492.2913055619772
492.2913055619772
492.2913055619772
492.2913055619772
492.2913055619772
492.2913055619772
492.2913055619772
492.2913055619772
492.2913055619772
492.2913055619772
492.2913055619772
492.2913055619772
492.2913055619772
492.2913055619772
492.2913055619772
492.2913055619772
492.2913055619772
492.2913055619772
492.2913055619772
492.2913055619772
492.2913055619772
492.2913055619772
492.2913055619772
492.2913055619772
492.2913055619772
492.2913055619772
492.2913055619772
492.2913055619772
492.2913055619772
492.2913055619772
492.2913055619772
492.2913055619772
492.2913055619772
492.2913055619772
492.2913055619772
492.2913055619772
492.2913055619772
492.2913055619772
492.2913055619772
492.2913055619772
492.2913055619772
492.2913055619772
492.2913055619772
492.2913055619772
492.2913055619772
492.2913055619772
492.2913055619772
492.2913055619772
492.2913055619772
492.2913055619772
492.2913055619772
492.2913055619772
492.2913055619772
492.2913055619772
492.2913055619772
492.2913055619772
492.2913055619772
492.2913055619772
492.2913055619772
492.2913055619772
492.2913055619772
492.2913055619772
492.2913055619772
492.2913055619772
492.2913055619772
492.2913055619772
492.2913055619772
492.2913055619772
492.2913055619772
492.2913055619772
492.2913055619772
492.2913055619772
492.2913055619772
492.2913055619772
492.2913055619772
492.2913055619772
492.2913055619772
492.2913055619772
492.2913055619772
492.2913055619772
492.2913055619772
492.2913055619772
492.2913055619772
492.2913055619772
492.2913055619772
492.2913055619772
492.2913055619772
492.2913055619772
552.7593360631587
492.2913055619772
492.2913055619772
492.2913055619772
492.2913055619772
492.2913055619772
492.2913055619772
492.2913055619772
492.2913055619772
492.2913055619772
492.2913055619772
492.2913055619772
492.2913055619772
492.2913055619772
492.2913055619772
492.2913055619772
492.2913055619772
492.2913055619772
492.2913055619772
492.2913055619772
492.2913055619772
492.2913055619772
492.2913055619772
492.2913055619772
492.2913055619772
492.2913055619772
492.2913055619772
492.2913055619772
492.2913055619772
492.2913055619772
492.2913055619772
492.2913055619772
492.2913055619772
492.2913055619772
492.2913055619772
492.2913055619772
492.2913055619772
492.2913055619772
492.2913055619772
492.2913055619772
492.2913055619772
492.2913055619772
492.2913055619772
492.2913055619772
492.2913055619772
492.2913055619772
492.2913055619772
492.2913055619772
492.2913055619772
492.2913055619772
492.2913055619772
492.2913055619772
492.2913055619772
492.2913055619772
492.2913055619772
492.2913055619772
492.2913055619772
492.2913055619772
492.2913055619772
492.2913055619772
492.2913055619772
492.2913055619772
492.2913055619772
492.2913055619772
492.2913055619772
492.2913055619772
492.2913055619772
492.2913055619772
492.2913055619772
492.2913055619772
492.2913055619772
492.2913055619772
492.2913055619772
492.2913055619772
492.2913055619772
492.2913055619772
492.2913055619772
492.2913055619772
492.2913055619772
492.2913055619772
492.2913055619772
492.2913055619772
492.2913055619772
492.2913055619772
492.2913055619772
492.2913055619772
492.2913055619772
492.2913055619772
492.2913055619772
492.2913055619772
492.2913055619772
492.2913055619772
492.2913055619772
492.2913055619772
492.2913055619772
492.2913055619772
492.2913055619772
492.2913055619772
492.2913055619772
492.2913055619772
492.2913055619772
492.2913055619772
492.2913055619772
492.2913055619772
492.2913055619772
492.2913055619772
492.2913055619772
492.2913055619772
492.2913055619772
492.2913055619772
492.2913055619772
492.2913055619772
492.2913055619772
492.2913055619772
492.2913055619772
492.2913055619772
492.2913055619772
492.2913055619772
492.2913055619772
492.2913055619772
492.2913055619772
492.2913055619772
492.2913055619772
492.2913055619772
492.2913055619772
492.2913055619772
492.2913055619772
492.2913055619772
492.2913055619772
492.2913055619772
492.2913055619772
492.2913055619772
492.2913055619772
492.2913055619772
492.2913055619772
492.2913055619772
492.2913055619772
492.2913055619772
492.2913055619772
492.2913055619772
492.2913055619772
492.2913055619772
492.2913055619772
492.2913055619772
492.2913055619772
492.2913055619772
492.2913055619772
492.2913055619772
492.2913055619772
492.2913055619772
492.2913055619772
492.2913055619772
492.2913055619772
492.2913055619772
492.2913055619772
492.2913055619772
492.2913055619772
492.2913055619772
492.2913055619772
492.2913055619772
492.2913055619772
492.2913055619772
492.2913055619772
492.2913055619772
492.2913055619772
492.2913055619772
492.2913055619772
492.2913055619772
492.2913055619772
492.2913055619772
492.2913055619772
492.2913055619772
492.2913055619772
492.2913055619772
492.2913055619772
492.2913055619772
492.2913055619772
492.2913055619772
492.2913055619772
492.2913055619772
492.2913055619772
492.2913055619772
492.2913055619772
492.2913055619772
492.2913055619772
492.2913055619772
492.2913055619772
492.2913055619772
492.2913055619772
492.2913055619772
492.2913055619772
492.2913055619772
492.2913055619772
492.2913055619772
492.2913055619772
492.2913055619772
492.2913055619772
492.2913055619772
492.2913055619772
492.2913055619772
492.2913055619772
492.2913055619772
492.2913055619772
492.2913055619772
492.2913055619772
492.2913055619772
492.2913055619772
492.2913055619772
492.2913055619772
492.2913055619772
492.2913055619772
492.2913055619772
492.2913055619772
492.2913055619772
492.2913055619772
492.2913055619772
492.2913055619772
492.2913055619772
492.2913055619772
492.2913055619772
492.2913055619772
492.2913055619772
492.2913055619772
492.2913055619772
492.2913055619772
492.2913055619772
492.2913055619772
492.2913055619772
492.2913055619772
492.2913055619772
492.2913055619772
492.2913055619772
492.2913055619772
492.2913055619772
492.2913055619772
492.2913055619772
492.2913055619772
492.2913055619772
492.2913055619772
492.2913055619772
492.2913055619772
492.2913055619772
492.2913055619772
492.2913055619772
492.2913055619772
492.2913055619772
492.2913055619772
492.2913055619772
492.2913055619772
492.2913055619772
492.2913055619772
492.2913055619772
492.2913055619772
492.2913055619772
492.2913055619772
492.2913055619772
492.2913055619772
492.2913055619772
492.2913055619772
492.2913055619772
492.2913055619772
492.2913055619772
492.2913055619772
492.2913055619772
492.2913055619772
492.2913055619772
492.2913055619772
492.2913055619772
492.2913055619772
492.2913055619772
492.2913055619772
492.2913055619772
492.2913055619772
492.2913055619772
492.2913055619772
492.2913055619772
492.2913055619772
492.2913055619772
492.2913055619772
492.2913055619772
492.2913055619772
492.2913055619772
492.2913055619772
492.2913055619772
492.2913055619772
492.2913055619772
492.2913055619772
492.2913055619772
492.2913055619772
492.2913055619772
492.2913055619772
492.2913055619772
492.2913055619772
492.2913055619772
492.2913055619772
492.2913055619772
492.2913055619772
492.2913055619772
492.2913055619772
492.2913055619772
492.2913055619772
492.2913055619772
492.2913055619772
492.2913055619772
492.2913055619772
492.2913055619772
492.2913055619772
492.2913055619772
492.2913055619772
492.2913055619772
492.2913055619772
492.2913055619772
492.2913055619772
492.2913055619772
492.2913055619772
492.2913055619772
492.2913055619772
492.2913055619772
492.2913055619772
492.2913055619772
492.2913055619772
492.2913055619772
492.2913055619772
492.2913055619772
492.2913055619772
492.2913055619772
492.2913055619772
492.2913055619772
492.2913055619772
492.2913055619772
492.2913055619772
492.2913055619772
492.2913055619772
492.2913055619772
492.2913055619772
492.2913055619772
492.2913055619772
492.2913055619772
492.2913055619772
492.2913055619772
492.2913055619772
492.2913055619772
492.2913055619772
492.2913055619772
492.2913055619772
492.2913055619772
492.2913055619772
492.2913055619772
492.2913055619772
492.2913055619772
492.2913055619772
492.2913055619772
492.2913055619772
492.2913055619772
492.2913055619772
492.2913055619772
492.2913055619772
492.2913055619772
492.2913055619772
492.2913055619772
492.2913055619772
492.2913055619772
492.2913055619772
492.2913055619772
492.2913055619772
492.2913055619772
492.2913055619772
492.2913055619772
492.2913055619772
492.2913055619772
492.2913055619772
492.2913055619772
492.2913055619772
492.2913055619772
492.2913055619772
492.2913055619772
492.2913055619772
492.2913055619772
492.2913055619772
492.2913055619772
492.2913055619772
492.2913055619772
492.2913055619772
492.2913055619772
492.2913055619772
492.2913055619772
492.2913055619772
492.2913055619772
492.2913055619772
492.2913055619772
492.2913055619772
492.2913055619772
492.2913055619772
492.2913055619772
492.2913055619772
492.2913055619772
492.2913055619772
492.2913055619772
492.2913055619772
492.2913055619772
492.2913055619772
492.2913055619772
492.2913055619772
492.2913055619772
492.2913055619772
492.2913055619772
492.2913055619772
492.2913055619772
492.2913055619772
492.2913055619772
492.2913055619772
492.2913055619772
492.2913055619772
492.2913055619772
492.2913055619772
492.2913055619772
492.2913055619772
492.2913055619772
492.2913055619772
492.2913055619772
492.2913055619772
492.2913055619772
492.2913055619772
492.2913055619772
492.2913055619772
492.2913055619772
492.2913055619772
492.2913055619772
492.2913055619772
492.2913055619772
492.2913055619772
492.2913055619772
492.2913055619772
492.2913055619772
492.2913055619772
492.2913055619772
492.2913055619772
492.2913055619772
492.2913055619772
492.2913055619772
492.2913055619772
492.2913055619772
492.2913055619772
492.2913055619772
492.2913055619772
492.2913055619772
492.2913055619772
492.2913055619772
492.2913055619772
492.2913055619772
492.2913055619772
492.2913055619772
492.2913055619772
492.2913055619772
492.2913055619772
492.2913055619772
492.2913055619772
492.2913055619772
492.2913055619772
492.2913055619772
492.2913055619772
492.2913055619772
492.2913055619772
492.2913055619772
492.2913055619772
492.2913055619772
492.2913055619772
492.2913055619772
618.8201803166805
492.2913055619772
492.2913055619772
492.2913055619772
492.2913055619772
492.2913055619772
492.2913055619772
492.2913055619772
492.2913055619772
492.2913055619772
492.2913055619772
492.2913055619772
492.2913055619772
492.2913055619772
492.2913055619772
492.2913055619772
492.2913055619772
492.2913055619772
492.2913055619772
492.2913055619772
492.2913055619772
492.2913055619772
492.2913055619772
492.2913055619772
492.2913055619772
492.2913055619772
492.2913055619772
492.2913055619772
492.2913055619772
492.2913055619772
492.2913055619772
492.2913055619772
492.2913055619772
492.2913055619772
492.2913055619772
492.2913055619772
492.2913055619772
492.2913055619772
492.2913055619772
492.2913055619772
492.2913055619772
492.2913055619772
492.2913055619772
492.2913055619772
492.2913055619772
492.2913055619772
492.2913055619772
492.2913055619772
492.2913055619772
492.2913055619772
492.2913055619772
492.2913055619772
492.2913055619772
492.2913055619772
492.2913055619772
492.2913055619772
492.2913055619772
492.2913055619772
492.2913055619772
492.2913055619772
492.2913055619772
492.2913055619772
492.2913055619772
492.2913055619772
492.2913055619772
492.2913055619772
492.2913055619772
492.2913055619772
492.2913055619772
492.2913055619772
492.2913055619772
492.2913055619772
492.2913055619772
492.2913055619772
492.2913055619772
492.2913055619772
492.2913055619772
492.2913055619772
492.2913055619772
