30.61
24
140325.19861705013
141796.72793033777
158176.95845561827
180247.17648922096
153654.1110715859
161002.7735696032
166357.9932120901
146360.63418608467
140887.57419768293
151265.24849386548
171904.6251906726
152287.170589888
177279.88427538596
171635.46101444215
137419.8732238845
144482.9235866084
170539.49527975885
155784.1346541816
151461.76042347943
147632.33786017806
167002.8582275707
150794.70278309114
146742.25099947047
145117.87336422392
135654.08399296206
120700.34507404699
124687.79703369155
141098.2108155994
135234.8748591449
138534.63826602168
128266.15879832754
137419.8732238845
131305.47506359033
118402.57299041488
123360.93504431166
142707.66095916182
134562.82044974226
155813.91520569334
150672.32155467063
135654.08399296206
127721.40894163544
135241.7627046116
133947.13155941467
135320.75129993254
126943.80897764902
134928.43534288037
132026.71288815816
123565.513033408
129887.65817213772
106851.67048192241
110607.65433582861
112835.23916252423
125995.82914421435
109854.49267268006
131131.16118982667
117052.69093393312
107428.22388768289
121063.22194896895
106851.67048192241
112632.93212562651
121045.77714222812
121442.48190229994
140950.24659041164
135374.34915631372
124440.61612856765
117689.53518989727
122558.92553595616
121699.84102244291
120963.50669419512
112168.22021189678
121573.04502332123
120886.43492963648
110884.36119995223
106352.27636856699
99328.39116995173
100340.3971536693
102537.23286418777
116392.96578238727
100033.38506012213
121755.97961829459
106815.83616071375
100310.77720903174
104239.82513338285
99827.78528330715
99712.79081981644
101331.77693128954
100026.26135684166
139364.00823600186
124557.17766814059
114000.0406995723
107068.61045426143
111019.11161477734
111950.84275337675
103694.41821905528
103978.20702006757
110359.57715892681
110156.6021228696
105325.3641523851
99328.39116995173
96848.11247977003
93082.15956921635
93394.81331359799
109369.19391563837
94925.67147783894
99328.39116995173
87154.07937395902
95203.06362674854
98188.04544926526
95114.2065540374
90790.49932432265
97922.95012497765
99981.42448779763
127982.73121676134
115720.66085713841
106121.52910123351
88331.26321507068
102824.83626433992
97824.70847409236
95979.55105096381
96814.0973782627
100769.43766759349
102040.25933194185
96402.2928473833
96848.11247977003
86554.7870583018
86257.5722954412
87784.27257816761
86910.10168374554
91983.29690808889
86910.10168374554
86554.7870583018
86395.86503818084
86285.0791107394
86554.78705830176
86072.1183218451
86554.78705830176
86358.1814542465
117275.73348456048
107120.9346669559
86285.0791107394
84226.93188462906
98279.14277247386
86554.78705830176
86554.78705830176
86554.78705830176
93422.1246515917
86411.94005913583
91461.08934388618
86554.78705830176
80834.91722564884
80929.18899388822
83241.47417512993
82323.6327822814
89284.61419654898
82323.6327822814
81968.31815683766
80391.09833808159
82103.55494998595
80188.11704767877
84226.93188462906
81968.31815683765
86358.1814542465
84226.93188462906
99254.83847775839
82103.55494998595
80834.91722564884
80834.91722564884
80834.91722564884
80834.91722564884
80834.91722564884
80834.91722564884
80834.91722564884
86747.51061461642
81968.31815683765
77541.39498188895
80188.11704767878
80188.11704767878
80188.11704767878
80188.11704767878
79676.91071649158
80188.11704767878
77744.37627229176
79456.83288419612
77541.39498188895
77541.39498188895
79321.59609104783
84226.93188462906
84226.93188462906
77541.39498188895
79456.83288419612
77541.39498188895
76780.88805306364
77541.39498188895
78287.01369538452
77541.39498188895
78287.01369538452
78287.01369538452
77541.39498188895
79321.59609104783
73995.38961807711
80188.11704767878
76219.68801462371
77541.39498188895
76219.68801462371
76125.25734154238
77541.39498188895
74192.72289734255
75905.17950924693
73989.74160693974
73989.74160693976
76219.68801462371
76219.68801462371
80834.91722564884
73989.74160693976
75905.17950924693
76219.68801462371
73995.38961807711
73509.17044328128
73995.38961807711
73989.74160693976
73995.38961807711
73995.38961807711
73509.17044328128
73995.38961807711
69410.95380967757
73509.1704432813
72725.5363922065
71322.54984086638
72680.26126466613
74231.05928517153
71322.54984086638
72239.02708110795
73237.98774317354
71322.54984086638
72078.14557575095
72680.26126466613
73509.1704432813
78287.01369538452
71322.54984086638
73509.1704432813
72680.26126466613
71544.70033115149
69410.95380967757
69258.61972524569
72078.14557575095
69258.61972524569
69258.61972524569
69258.61972524569
69258.61972524569
67704.77927262234
69258.61972524569
67627.55827177223
69258.61972524569
71548.28417838903
73290.74236479108
69258.61972524569
70525.18094850832
71343.78968680269
69410.95380967757
69258.61972524569
67627.55827177223
71597.57441209248
67627.55827177223
69147.73553176192
69258.61972524569
67627.55827177223
67706.20138673866
67854.18206865135
67704.77927262234
67150.83033462778
67704.77927262234
66998.4962501959
66998.4962501959
67821.15677079896
65931.47335856722
66378.93462941697
64729.15035892872
67821.15677079896
66770.4479518667
66535.1215953933
66378.93462941697
69405.73605380478
66535.1215953933
67973.49085523085
66378.93462941697
64729.15035892872
66535.1215953933
64729.15035892872
66191.67801775964
66378.93462941697
66847.40740748827
64807.79347389515
66535.1215953933
66717.57796496013
63771.85448977654
66717.57796496013
65931.47335856722
65931.47335856722
65216.805166670354
62590.22893167253
62669.06686246497
62860.53765457586
63771.85448977654
63771.85448977654
62820.83833371126
64434.29129003991
63755.67063495047
62931.0722690134
63771.85448977654
64434.29129003991
62811.47238459351
62931.0722690134
62860.53765457586
63598.357664237155
62779.30079776711
62860.53765457586
62939.180769542305
62820.83833371126
63420.63463008536
62590.22893167253
62522.10506190276
63573.60918448401
61327.51097734377
64380.02593800363
61327.510977343765
61327.510977343765
61261.38533162527
61327.510977343765
61327.510977343765
61327.510977343765
61327.510977343765
61178.398207918195
61327.510977343765
62462.340486002795
61327.510977343765
61327.510977343765
60312.36632949536
59698.98216370563
62259.43894136678
60160.59485824905
59698.98216370563
59777.62527867207
61536.52899831932
61327.510977343765
61327.510977343765
61327.510977343765
61327.510977343765
61327.510977343765
64380.02593800363
59698.98216370563
59698.98216370563
60219.37943826862
59698.98216370563
59698.98216370563
59698.98216370563
59698.98216370563
59698.98216370563
59698.98216370563
59698.98216370563
59698.98216370563
59698.98216370563
59698.98216370563
59698.98216370563
61122.23337440214
58762.472865449396
58635.77059460453
59698.98216370563
59698.98216370563
60145.80909057124
59698.98216370563
59698.98216370563
59698.98216370563
59698.98216370563
64380.02593800363
58635.77059460453
59698.98216370563
59366.856289247706
58635.77059460453
58635.77059460453
58635.77059460453
58635.77059460453
58635.77059460453
58635.77059460453
58635.77059460453
58635.77059460453
58635.77059460453
58635.77059460453
58635.77059460453
58635.77059460453
58163.81204391136
58635.77059460453
59698.98216370563
58635.77059460453
58635.77059460453
58635.77059460453
58635.77059460453
59698.98216370563
58635.77059460453
63735.13238873315
57192.93323287585
58163.81204391136
58163.81204391136
57239.019739554744
58163.81204391136
58163.81204391136
57239.019739554744
57253.648778277726
58163.81204391136
57239.019739554744
58163.81204391136
58163.81204391136
58163.81204391136
58163.81204391136
57593.764701247885
57192.93323287585
57192.93323287585
57192.93323287585
56790.74687685209
56790.74687685209
56790.74687685209
57192.93323287585
57192.93323287585
56790.74687685209
57192.93323287585
56790.74687685209
56507.204101615855
56790.74687685209
56790.74687685209
56790.74687685209
56790.74687685209
56790.74687685209
54098.7117858804
56790.74687685209
56790.74687685209
57192.93323287585
57192.93323287585
56790.74687685209
56790.74687685209
56505.909038104175
55480.946591888554
56507.204101615855
57192.93323287585
56790.74687685209
56790.74687685209
56790.74687685209
56058.55346018554
56058.55346018554
56790.74687685209
56507.204101615855
53548.87148614503
54098.7117858804
54098.7117858804
54098.7117858804
54098.7117858804
54098.7117858804
54098.7117858804
53548.87148614503
53548.87148614503
53548.87148614503
53548.87148614503
56058.55346018554
53548.87148614503
53548.87148614503
53548.87148614503
53548.87148614503
53548.87148614503
53548.87148614503
53548.87148614503
53548.87148614503
53548.87148614503
53548.87148614503
55407.585854609075
53548.87148614503
53548.87148614503
53548.87148614503
53548.87148614503
53548.87148614503
53548.87148614503
53548.87148614503
53548.87148614503
53548.87148614503
53548.87148614503
53548.87148614503
53548.87148614503
53548.87148614503
53548.87148614503
53136.75671819825
53548.87148614503
53548.87148614503
53548.87148614503
53548.87148614503
53136.75671819825
53136.75671819825
53548.87148614503
53548.87148614503
53548.87148614503
53548.87148614503
53136.75671819825
53548.87148614503
53136.756718198245
53136.756718198245
53136.756718198245
53136.756718198245
53136.756718198245
53136.756718198245
53136.756718198245
53136.756718198245
53136.756718198245
53136.756718198245
53136.756718198245
53548.87148614503
53136.756718198245
53136.756718198245
53136.756718198245
53136.756718198245
53136.75671819825
53136.756718198245
53136.756718198245
53136.756718198245
53136.756718198245
53136.756718198245
53136.756718198245
53136.756718198245
53136.756718198245
52386.362025923365
53136.756718198245
53136.756718198245
53136.756718198245
52386.36202592337
53136.756718198245
53136.756718198245
52386.36202592337
53136.756718198245
53136.756718198245
53136.756718198245
53136.756718198245
52386.362025923365
52386.36202592337
52161.45862744612
52161.45862744612
52161.45862744612
52161.45862744612
52386.36202592337
52386.362025923365
52386.36202592337
52911.853319721005
52386.36202592337
53136.756718198245
52386.362025923365
51863.523571712896
52161.45862744612
52386.36202592337
52161.45862744612
51863.523571712896
52161.45862744612
52161.45862744612
52161.45862744612
52161.45862744612
52161.45862744612
52161.45862744612
52161.45862744612
52161.45862744612
52161.45862744612
51863.523571712896
51863.523571712896
51863.523571712896
51863.523571712896
51863.523571712896
51863.523571712896
51863.523571712896
51863.523571712896
51863.523571712896
51863.523571712896
51863.523571712896
51863.523571712896
52161.45862744612
52386.36202592337
52161.45862744612
51863.523571712896
51863.523571712896
51863.523571712896
51863.523571712896
51863.523571712896
51863.523571712896
51863.523571712896
51863.523571712896
51863.523571712896
51863.523571712896
51863.523571712896
51571.89919308837
51863.523571712896
51571.89919308837
51863.523571712896
51863.523571712896
51863.523571712896
51571.89919308837
51571.89919308837
51571.89919308837
51863.523571712896
51571.89919308837
52161.45862744612
51571.89919308838
51863.523571712896
51571.89919308838
51571.89919308838
51571.89919308838
51571.89919308838
51571.89919308838
51571.89919308838
51571.89919308837
51863.523571712896
51863.523571712896
51571.89919308838
51571.89919308838
51571.89919308837
51571.89919308838
51571.89919308837
51571.89919308837
51571.89919308837
51571.89919308838
51281.55807016021
51571.89919308837
51571.89919308837
51571.89919308838
51281.5580701602
51281.5580701602
51281.5580701602
51281.5580701602
51281.5580701602
51281.5580701602
51281.5580701602
51281.5580701602
51281.5580701602
51281.5580701602
51281.5580701602
51281.5580701602
51281.5580701602
51281.5580701602
51281.5580701602
51281.5580701602
51281.5580701602
51281.5580701602
51281.5580701602
51281.5580701602
51281.5580701602
51281.5580701602
51571.89919308837
51281.5580701602
51281.5580701602
51281.5580701602
51281.5580701602
51281.5580701602
51281.5580701602
51281.5580701602
51167.92920319138
51281.5580701602
51167.92920319138
51281.5580701602
51167.92920319138
51281.5580701602
51281.5580701602
51281.5580701602
51167.92920319138
51281.5580701602
51281.5580701602
51281.5580701602
51281.5580701602
51281.5580701602
51281.5580701602
51281.5580701602
51281.5580701602
51281.5580701602
51281.5580701602
51167.92920319138
51167.92920319138
51167.92920319138
51167.92920319138
51167.92920319138
51167.92920319138
51167.92920319138
51167.92920319138
51167.92920319138
51167.92920319138
51167.92920319138
51167.92920319138
51167.92920319138
51167.92920319138
51167.92920319138
51167.92920319138
51167.92920319138
51167.92920319138
51167.92920319138
51167.92920319138
51167.92920319138
51167.92920319138
51167.92920319138
51167.92920319138
51167.92920319138
51167.92920319138
57494.14747888239
51167.92920319138
51167.92920319138
51167.92920319138
51167.92920319138
51167.92920319138
51167.92920319138
51167.92920319138
51167.92920319138
51167.92920319138
51167.92920319138
51167.92920319138
51167.92920319138
51167.92920319138
51167.92920319138
51167.92920319138
51167.92920319138
51167.92920319138
51167.92920319138
51167.92920319138
51167.92920319138
51112.49664565985
51112.49664565985
51112.49664565985
51167.92920319138
51112.49664565985
51112.49664565985
51112.49664565985
51112.49664565985
51112.49664565985
51112.49664565985
51112.49664565985
51112.49664565985
51112.49664565985
51112.49664565985
51112.49664565985
51112.49664565985
51112.49664565985
51112.49664565985
51112.49664565985
51112.49664565985
51112.49664565985
51112.49664565985
51112.49664565985
51112.49664565985
51112.49664565985
51112.49664565985
51112.49664565985
51112.49664565985
51112.49664565985
51052.2689809052
50979.15493253625
51052.2689809052
51112.49664565985
51112.49664565985
51052.2689809052
51052.2689809052
51112.49664565985
51052.2689809052
51052.2689809052
50979.15493253625
50979.15493253625
50979.15493253625
51112.49664565985
51112.49664565985
51052.2689809052
51112.49664565985
50979.15493253625
51112.49664565985
51112.49664565985
51112.49664565985
51052.2689809052
51052.2689809052
51052.2689809052
51052.2689809052
50845.971503990535
50845.971503990535
50845.97150399053
50845.97150399053
50845.97150399053
50845.97150399053
50845.97150399053
50845.97150399053
50845.97150399053
50845.97150399053
50845.97150399053
50845.97150399053
50845.97150399053
50845.97150399053
50845.97150399053
50845.97150399053
50845.97150399053
50845.97150399053
50845.97150399053
50845.97150399053
50845.97150399053
50845.97150399053
50845.97150399053
50845.97150399053
50845.97150399053
50845.97150399053
50845.971503990535
50845.97150399053
50785.74383923589
50785.74383923589
50845.97150399053
50845.97150399053
50845.97150399053
50845.97150399053
50845.97150399053
50845.97150399053
50785.74383923589
50845.97150399053
50845.97150399053
50845.97150399053
50845.97150399053
50845.97150399053
50845.97150399053
50845.97150399053
50845.97150399053
50785.74383923589
50845.97150399053
50845.97150399053
50845.97150399053
50845.97150399053
50785.74383923589
50785.74383923589
50785.74383923589
50785.74383923589
50785.74383923589
50785.74383923589
50785.74383923589
50785.74383923589
50785.74383923589
50785.74383923589
50785.74383923589
50785.74383923589
50785.74383923589
50785.74383923589
50785.74383923589
50785.74383923589
50785.74383923589
50785.74383923589
50785.74383923589
50785.74383923589
50785.74383923589
50785.74383923589
50785.74383923589
50785.74383923589
50785.74383923589
50785.74383923589
49921.627621081876
50785.74383923589
50785.74383923589
50785.74383923589
50785.74383923589
50785.74383923589
50762.08519178693
50785.74383923589
50785.74383923589
50785.74383923589
50785.74383923589
50785.74383923589
50762.08519178693
50785.74383923589
50785.74383923589
50762.08519178693
50785.74383923589
49921.627621081876
50785.74383923589
50785.74383923589
50785.74383923589
50785.74383923589
50762.08519178693
49921.627621081876
49921.627621081876
49921.627621081876
49921.627621081876
49921.627621081876
49921.627621081876
49921.627621081876
49921.627621081876
49921.627621081876
49921.627621081876
49921.627621081876
49921.627621081876
50785.74383923589
49921.627621081876
49921.627621081876
49921.627621081876
49921.627621081876
49921.627621081876
49921.627621081876
49921.627621081876
49921.627621081876
49921.627621081876
50785.74383923589
49921.627621081876
49921.627621081876
49921.627621081876
58131.75839388716
49921.627621081876
49921.627621081876
49921.627621081876
49921.627621081876
49921.627621081876
49921.627621081876
49921.627621081876
49921.627621081876
49921.627621081876
49921.627621081876
50672.12357975812
49921.627621081876
49921.627621081876
49897.96897363291
49921.627621081876
49921.627621081876
49897.96897363291
49921.627621081876
49921.627621081876
49897.96897363291
50785.74383923589
49897.96897363291
49921.627621081876
49921.627621081876
49788.22372633623
49897.9689736329
49897.9689736329
49897.96897363291
49897.9689736329
49897.9689736329
49897.9689736329
49897.9689736329
49921.627621081876
49897.9689736329
49897.9689736329
49897.9689736329
49897.9689736329
49897.9689736329
49788.22372633623
49788.22372633623
49788.22372633623
49788.22372633623
49788.22372633623
49788.22372633623
49788.22372633623
49788.22372633623
49788.22372633623
49788.22372633623
49788.22372633623
49788.22372633623
49529.59758373345
49788.22372633623
49788.22372633623
49788.22372633623
49529.59758373345
49529.59758373345
49419.85233643677
49788.22372633623
49788.22372633623
49788.22372633623
49529.59758373345
49529.59758373345
49529.59758373345
49788.22372633623
49788.22372633623
49788.22372633623
49419.85233643677
49788.22372633623
49419.85233643677
49788.22372633623
49788.22372633623
49788.22372633623
49788.22372633623
49419.85233643677
49064.317924142895
49174.06317143957
49190.8789335185
49190.8789335185
49190.8789335185
49300.62418081517
49174.06317143957
49064.317924142895
49064.317924142895
49064.317924142895
49064.317924142895
49174.063171439564
49064.317924142895
49064.317924142895
49064.317924142895
49788.22372633623
49064.317924142895
49064.317924142895
49064.317924142895
49064.317924142895
49064.317924142895
49064.317924142895
49064.317924142895
49064.317924142895
49064.317924142895
49064.317924142895
49064.317924142895
49064.317924142895
49064.317924142895
49064.317924142895
49064.317924142895
49064.317924142895
49064.317924142895
49064.317924142895
49064.317924142895
49004.11321260437
49064.317924142895
49064.317924142895
49064.317924142895
49064.317924142895
49064.317924142895
49064.317924142895
49064.317924142895
49064.317924142895
49064.317924142895
49064.317924142895
49064.317924142895
49064.317924142895
49064.317924142895
49064.317924142895
49004.11321260437
49004.11321260437
49004.11321260437
49004.11321260437
49004.11321260437
49004.11321260437
49004.11321260437
49004.11321260437
49004.11321260437
49064.317924142895
49004.11321260437
49004.11321260437
49004.11321260437
49004.11321260437
49004.11321260437
49004.11321260437
49004.11321260437
49004.11321260437
49004.11321260437
49004.11321260437
49004.11321260437
49004.11321260437
49004.11321260437
49004.11321260437
49004.11321260437
49004.11321260437
49004.11321260437
48953.86661150171
49004.11321260437
49004.11321260437
49004.11321260437
49004.11321260437
49004.11321260437
49004.11321260437
49004.11321260437
49004.11321260437
48953.86661150171
49004.11321260437
49004.11321260437
49004.11321260437
49004.11321260437
48953.86661150171
49004.11321260437
49004.11321260437
49004.11321260437
49004.11321260437
49004.11321260437
49004.11321260437
49004.11321260437
49004.11321260437
48953.86661150171
48953.86661150171
48953.86661150171
48953.86661150171
48953.86661150171
48953.86661150171
48953.86661150171
48953.86661150171
48953.86661150171
48953.86661150171
48953.86661150171
48953.86661150171
48953.86661150171
48953.86661150171
48953.86661150171
48953.86661150171
48953.86661150171
48953.86661150171
48953.86661150171
48953.86661150171
48953.86661150171
48953.86661150171
48953.86661150171
48953.86661150171
48953.86661150171
48953.86661150171
48953.86661150171
48953.86661150171
48953.86661150171
48953.86661150171
48953.86661150171
48953.86661150171
48832.840197334095
48953.86661150171
48953.86661150171
48953.86661150171
48953.86661150171
48953.86661150171
48953.86661150171
48953.86661150171
48953.86661150171
48953.86661150171
48832.840197334095
48953.86661150171
48953.86661150171
48953.86661150171
48832.840197334095
48953.86661150171
48953.86661150171
48953.86661150171
48832.840197334095
48832.840197334095
48832.840197334095
48832.840197334095
48832.840197334095
48832.840197334095
48832.840197334095
48832.840197334095
48832.840197334095
48832.840197334095
48832.840197334095
48953.86661150171
48832.840197334095
48832.840197334095
48832.840197334095
48832.840197334095
48832.840197334095
48832.840197334095
48832.840197334095
48832.840197334095
48832.840197334095
48832.840197334095
48832.840197334095
48832.840197334095
48953.86661150171
48832.840197334095
48832.840197334095
48832.840197334095
48832.840197334095
48832.840197334095
48832.840197334095
48693.97221168529
48832.840197334095
48832.840197334095
48832.840197334095
48832.840197334095
48832.840197334095
48832.840197334095
48832.840197334095
48832.840197334095
48832.840197334095
48693.97221168529
48832.840197334095
48693.97221168529
48832.840197334095
48832.840197334095
48832.840197334095
48832.840197334095
48832.840197334095
48832.840197334095
60628.62985591208
48693.9722116853
48693.9722116853
48693.9722116853
48693.9722116853
48693.9722116853
48693.97221168529
48832.840197334095
48832.840197334095
48832.840197334095
48832.840197334095
48832.840197334095
48832.840197334095
48832.840197334095
48832.840197334095
48832.840197334095
48693.97221168529
48832.840197334095
48693.97221168529
48832.840197334095
48832.840197334095
48832.840197334095
48832.840197334095
48832.840197334095
48693.97221168529
48693.97221168529
48693.9722116853
48693.9722116853
48693.9722116853
48693.9722116853
48693.97221168529
48693.97221168529
48693.9722116853
48693.9722116853
48693.9722116853
48693.9722116853
48832.840197334095
48693.9722116853
48693.9722116853
48693.9722116853
48832.840197334095
48693.97221168529
48693.9722116853
48693.97221168529
48693.9722116853
48693.9722116853
48693.9722116853
48693.9722116853
48693.9722116853
48693.97221168529
48693.97221168529
48581.26409683253
48693.9722116853
48693.97221168529
48693.9722116853
48693.97221168529
48693.97221168529
48693.9722116853
48693.9722116853
48693.9722116853
48693.9722116853
48693.9722116853
48581.26409683253
48693.97221168529
48693.9722116853
48693.9722116853
48693.97221168529
48693.97221168529
48693.97221168529
48693.9722116853
48693.9722116853
48693.9722116853
48693.97221168529
48693.97221168529
48693.97221168529
48581.26409683253
48581.26409683253
48581.26409683253
48581.26409683253
48581.26409683253
48581.26409683253
48581.26409683253
48581.26409683253
48581.26409683253
48581.26409683253
48581.26409683253
48581.26409683253
48581.26409683253
48581.26409683253
48581.26409683253
48581.26409683253
48581.26409683253
48581.26409683253
48581.26409683253
48581.26409683253
48581.26409683253
48581.26409683253
48581.26409683253
48581.26409683253
48581.26409683253
48581.26409683253
48581.26409683253
48581.26409683253
48581.26409683253
48581.26409683253
48581.26409683253
48581.26409683253
48581.26409683253
48581.26409683253
48581.26409683253
48581.26409683253
48581.26409683253
48581.26409683253
48581.26409683253
48581.26409683253
48581.26409683253
48581.26409683253
48581.26409683253
48581.26409683253
48581.26409683253
48581.26409683253
48581.26409683253
48581.26409683253
48581.26409683253
48581.26409683253
48581.26409683253
48581.26409683253
48581.26409683253
48581.26409683253
48581.26409683253
48581.26409683253
48581.26409683253
48581.26409683253
48581.26409683253
48581.26409683253
48581.26409683253
48581.26409683253
48581.26409683253
48581.26409683253
48581.26409683253
48581.26409683253
48581.26409683253
48581.26409683253
48581.26409683253
48581.26409683253
48581.26409683253
48581.26409683253
48581.26409683253
48581.26409683253
48581.26409683253
48581.26409683253
48581.26409683253
48581.26409683253
48581.26409683253
48581.26409683253
48581.26409683253
48581.26409683253
48581.26409683253
48581.26409683253
48581.26409683253
48581.26409683253
48581.26409683253
48581.26409683253
48581.26409683253
48581.26409683253
48581.26409683253
48581.26409683253
48581.26409683253
48581.26409683253
48581.26409683253
48581.26409683253
48581.26409683253
48581.26409683253
48581.26409683253
48581.26409683253
48581.26409683253
48581.26409683253
48581.26409683253
48581.26409683253
48581.26409683253
48581.26409683253
48581.26409683253
48581.26409683253
48581.26409683253
48581.26409683253
48581.26409683253
48581.26409683253
48581.26409683253
48581.26409683253
48581.26409683253
48581.26409683253
48581.26409683253
48581.26409683253
48581.26409683253
48581.26409683253
48581.26409683253
48581.26409683253
48581.26409683253
48581.26409683253
48581.26409683253
48581.26409683253
48581.26409683253
48581.26409683253
48581.26409683253
48581.26409683253
48581.26409683253
48581.26409683253
48581.26409683253
48581.26409683253
48581.26409683253
48581.26409683253
48581.26409683253
48581.26409683253
48581.26409683253
48581.26409683253
48581.26409683253
48581.26409683253
48581.26409683253
48581.26409683253
48581.26409683253
48581.26409683253
48581.26409683253
48581.26409683253
48581.26409683253
48581.26409683253
53748.73325499323
48581.26409683253
48581.26409683253
48581.26409683253
48581.26409683253
48581.26409683253
48581.26409683253
48581.26409683253
48581.26409683253
48581.26409683253
48581.26409683253
48581.26409683253
48581.26409683253
48581.26409683253
48581.26409683253
48581.26409683253
48581.26409683253
48581.26409683253
48581.26409683253
48581.26409683253
48581.26409683253
48581.26409683253
48581.26409683253
48581.26409683253
48581.26409683253
55978.81819076823
48581.26409683253
48581.26409683253
48581.26409683253
48581.26409683253
48581.26409683253
48581.26409683253
48581.26409683253
48581.26409683253
48581.26409683253
48581.26409683253
48581.26409683253
48581.26409683253
48581.26409683253
48581.26409683253
48581.26409683253
48581.26409683253
48581.26409683253
48581.26409683253
48581.26409683253
48581.26409683253
48581.26409683253
48581.26409683253
48581.26409683253
48581.26409683253
48581.26409683253
48581.26409683253
48581.26409683253
48581.26409683253
48581.26409683253
48581.26409683253
48581.26409683253
48581.26409683253
48581.26409683253
48581.26409683253
48581.26409683253
48581.26409683253
48581.26409683253
48581.26409683253
48581.26409683253
48581.26409683253
48581.26409683253
48581.26409683253
48581.26409683253
48581.26409683253
48581.26409683253
48581.26409683253
48581.26409683253
48581.26409683253
48581.26409683253
48581.26409683253
48581.26409683253
48581.26409683253
48581.26409683253
48581.26409683253
48581.26409683253
48581.26409683253
48581.26409683253
48581.26409683253
48581.26409683253
48581.26409683253
48581.26409683253
48581.26409683253
48581.26409683253
48581.26409683253
48581.26409683253
48581.26409683253
48581.26409683253
48581.26409683253
48581.26409683253
48581.26409683253
48581.26409683253
48581.26409683253
48581.26409683253
48581.26409683253
48581.26409683253
48581.26409683253
48581.26409683253
48581.26409683253
48581.26409683253
48581.26409683253
48581.26409683253
48581.26409683253
48581.26409683253
48581.26409683253
48581.26409683253
48581.26409683253
48581.26409683253
48581.26409683253
48581.26409683253
48581.26409683253
48581.26409683253
48581.26409683253
48581.26409683253
48581.26409683253
48581.26409683253
48581.26409683253
48581.26409683253
48581.26409683253
48581.26409683253
48581.26409683253
48581.26409683253
48581.26409683253
48581.26409683253
48581.26409683253
48581.26409683253
48581.26409683253
48581.26409683253
48581.26409683253
48581.26409683253
48581.26409683253
48581.26409683253
48581.26409683253
48581.26409683253
48581.26409683253
48581.26409683253
48581.26409683253
48581.26409683253
48581.26409683253
48581.26409683253
48581.26409683253
48581.26409683253
48581.26409683253
48581.26409683253
48581.26409683253
48581.26409683253
48581.26409683253
48581.26409683253
48581.26409683253
48581.26409683253
48581.26409683253
48581.26409683253
48581.26409683253
48581.26409683253
48581.26409683253
48581.26409683253
48581.26409683253
48581.26409683253
48581.26409683253
48581.26409683253
48581.26409683253
48581.26409683253
48581.26409683253
48581.26409683253
48581.26409683253
48581.26409683253
48581.26409683253
48581.26409683253
48581.26409683253
48581.26409683253
48581.26409683253
48581.26409683253
48581.26409683253
48581.26409683253
48581.26409683253
48581.26409683253
48581.26409683253
48581.26409683253
48581.26409683253
48581.26409683253
48581.26409683253
48581.26409683253
48581.26409683253
48581.26409683253
48581.26409683253
48581.26409683253
48581.26409683253
48581.26409683253
48581.26409683253
48581.26409683253
48581.26409683253
48581.26409683253
48581.26409683253
48581.26409683253
48581.26409683253
48581.26409683253
48581.26409683253
48581.26409683253
48581.26409683253
48581.26409683253
48581.26409683253
48581.26409683253
48581.26409683253
48581.26409683253
48581.26409683253
48581.26409683253
48581.26409683253
48581.26409683253
48581.26409683253
48581.26409683253
48581.26409683253
48581.26409683253
48581.26409683253
48581.26409683253
48581.26409683253
48581.26409683253
48581.26409683253
48581.26409683253
48581.26409683253
48581.26409683253
48581.26409683253
48581.26409683253
48581.26409683253
48581.26409683253
48581.26409683253
48581.26409683253
48581.26409683253
48581.26409683253
48581.26409683253
48581.26409683253
48581.26409683253
48581.26409683253
48581.26409683253
48581.26409683253
48581.26409683253
48581.26409683253
48581.26409683253
48581.26409683253
48581.26409683253
48581.26409683253
48581.26409683253
48581.26409683253
48581.26409683253
48581.26409683253
48581.26409683253
48581.26409683253
48581.26409683253
48581.26409683253
48581.26409683253
48581.26409683253
48581.26409683253
48581.26409683253
48581.26409683253
48581.26409683253
48581.26409683253
48581.26409683253
48581.26409683253
48581.26409683253
48581.26409683253
48581.26409683253
48581.26409683253
48581.26409683253
48581.26409683253
48581.26409683253
48581.26409683253
48581.26409683253
48581.26409683253
48581.26409683253
48581.26409683253
48581.26409683253
48581.26409683253
48581.26409683253
48581.26409683253
48581.26409683253
48581.26409683253
48581.26409683253
48581.26409683253
48581.26409683253
48581.26409683253
48581.26409683253
48581.26409683253
48581.26409683253
48581.26409683253
48581.26409683253
48581.26409683253
48581.26409683253
48581.26409683253
48581.26409683253
48581.26409683253
48581.26409683253
48581.26409683253
48581.26409683253
48581.26409683253
48581.26409683253
48581.26409683253
48581.26409683253
48581.26409683253
48581.26409683253
48581.26409683253
48581.26409683253
48581.26409683253
48581.26409683253
48581.26409683253
48581.26409683253
48581.26409683253
48581.26409683253
48581.26409683253
48581.26409683253
48581.26409683253
48581.26409683253
48581.26409683253
48581.26409683253
48581.26409683253
48581.26409683253
48581.26409683253
48581.26409683253
48581.26409683253
48581.26409683253
48581.26409683253
48581.26409683253
48581.26409683253
48581.26409683253
48581.26409683253
48581.26409683253
48581.26409683253
48581.26409683253
48581.26409683253
48581.26409683253
48581.26409683253
48581.26409683253
48581.26409683253
48581.26409683253
48581.26409683253
48581.26409683253
48581.26409683253
48581.26409683253
48581.26409683253
48581.26409683253
48581.26409683253
48581.26409683253
48581.26409683253
48581.26409683253
48581.26409683253
48581.26409683253
48581.26409683253
48581.26409683253
48581.26409683253
48581.26409683253
48581.26409683253
48581.26409683253
48581.26409683253
48581.26409683253
48581.26409683253
48581.26409683253
48581.26409683253
48581.26409683253
48581.26409683253
48581.26409683253
48581.26409683253
48581.26409683253
48581.26409683253
48581.26409683253
48581.26409683253
48581.26409683253
48581.26409683253
48581.26409683253
48581.26409683253
48581.26409683253
48581.26409683253
48581.26409683253
48581.26409683253
48581.26409683253
48581.26409683253
48581.26409683253
48581.26409683253
48581.26409683253
48581.26409683253
48581.26409683253
48581.26409683253
48581.26409683253
48581.26409683253
48581.26409683253
48581.26409683253
48581.26409683253
48581.26409683253
48581.26409683253
48581.26409683253
48581.26409683253
48581.26409683253
48581.26409683253
48581.26409683253
48581.26409683253
48581.26409683253
48581.26409683253
48581.26409683253
48581.26409683253
48581.26409683253
48581.26409683253
48581.26409683253
48581.26409683253
48581.26409683253
48581.26409683253
48581.26409683253
48581.26409683253
48581.26409683253
48581.26409683253
48581.26409683253
48581.26409683253
48581.26409683253
48581.26409683253
48581.26409683253
48581.26409683253
48581.26409683253
48581.26409683253
48581.26409683253
48581.26409683253
48581.26409683253
48581.26409683253
48581.26409683253
48581.26409683253
48581.26409683253
48581.26409683253
48581.26409683253
48581.26409683253
48581.26409683253
48581.26409683253
48581.26409683253
48581.26409683253
48581.26409683253
48581.26409683253
48581.26409683253
48581.26409683253
48581.26409683253
48581.26409683253
48581.26409683253
48581.26409683253
48581.26409683253
48581.26409683253
48581.26409683253
48581.26409683253
48581.26409683253
48581.26409683253
48581.26409683253
48581.26409683253
48581.26409683253
48581.26409683253
48581.26409683253
48581.26409683253
48581.26409683253
48581.26409683253
48581.26409683253
48581.26409683253
48581.26409683253
48581.26409683253
48581.26409683253
48581.26409683253
48581.26409683253
48581.26409683253
48581.26409683253
48581.26409683253
48581.26409683253
48581.26409683253
48581.26409683253
48581.26409683253
48581.26409683253
48581.26409683253
48581.26409683253
48581.26409683253
48581.26409683253
48581.26409683253
48581.26409683253
48581.26409683253
48581.26409683253
48581.26409683253
48581.26409683253
48581.26409683253
48581.26409683253
48581.26409683253
48581.26409683253
48581.26409683253
48581.26409683253
48581.26409683253
48581.26409683253
48581.26409683253
48581.26409683253
48581.26409683253
48581.26409683253
48581.26409683253
48581.26409683253
48581.26409683253
48581.26409683253
48581.26409683253
48581.26409683253
48581.26409683253
48581.26409683253
48581.26409683253
48581.26409683253
48581.26409683253
48581.26409683253
48581.26409683253
48581.26409683253
48581.26409683253
48581.26409683253
48581.26409683253
48581.26409683253
48581.26409683253
48581.26409683253
48581.26409683253
48581.26409683253
48581.26409683253
48581.26409683253
48581.26409683253
48581.26409683253
48581.26409683253
48581.26409683253
48581.26409683253
48581.26409683253
48581.26409683253
48581.26409683253
48581.26409683253
48978.791831142065
48581.26409683253
48581.26409683253
48581.26409683253
48581.26409683253
48581.26409683253
48581.26409683253
48581.26409683253
48581.26409683253
48581.26409683253
48581.26409683253
48581.26409683253
48581.26409683253
48581.26409683253
48581.26409683253
48581.26409683253
48581.26409683253
48581.26409683253
48581.26409683253
48581.26409683253
48581.26409683253
48581.26409683253
48581.26409683253
48581.26409683253
48581.26409683253
48581.26409683253
48581.26409683253
48581.26409683253
48581.26409683253
48581.26409683253
48581.26409683253
48581.26409683253
48581.26409683253
48581.26409683253
48581.26409683253
48581.26409683253
48581.26409683253
48581.26409683253
48581.26409683253
48581.26409683253
48581.26409683253
48581.26409683253
48581.26409683253
48581.26409683253
48581.26409683253
48581.26409683253
48581.26409683253
48581.26409683253
48581.26409683253
48581.26409683253
48581.26409683253
48581.26409683253
48581.26409683253
48581.26409683253
48581.26409683253
48581.26409683253
48581.26409683253
48581.26409683253
48581.26409683253
48581.26409683253
48581.26409683253
48581.26409683253
48581.26409683253
48581.26409683253
48581.26409683253
48581.26409683253
48581.26409683253
48581.26409683253
48581.26409683253
48581.26409683253
48581.26409683253
48581.26409683253
48581.26409683253
48581.26409683253
48581.26409683253
48581.26409683253
48581.26409683253
48581.26409683253
48581.26409683253
48581.26409683253
48581.26409683253
48581.26409683253
48581.26409683253
48581.26409683253
48581.26409683253
48581.26409683253
48581.26409683253
48581.26409683253
48581.26409683253
48581.26409683253
48581.26409683253
48581.26409683253
48581.26409683253
48581.26409683253
48581.26409683253
48581.26409683253
48581.26409683253
48581.26409683253
48581.26409683253
48581.26409683253
48581.26409683253
48581.26409683253
48581.26409683253
48581.26409683253
48581.26409683253
48581.26409683253
48581.26409683253
48581.26409683253
48581.26409683253
48581.26409683253
48581.26409683253
48581.26409683253
48581.26409683253
48581.26409683253
48581.26409683253
48581.26409683253
48581.26409683253
48581.26409683253
48581.26409683253
48581.26409683253
48581.26409683253
48581.26409683253
48581.26409683253
48581.26409683253
48581.26409683253
48581.26409683253
48581.26409683253
48581.26409683253
48581.26409683253
48581.26409683253
48581.26409683253
48581.26409683253
48581.26409683253
48581.26409683253
48581.26409683253
48581.26409683253
48581.26409683253
48581.26409683253
48581.26409683253
48581.26409683253
48581.26409683253
48581.26409683253
48581.26409683253
48581.26409683253
48581.26409683253
48581.26409683253
48581.26409683253
48581.26409683253
48581.26409683253
48581.26409683253
48581.26409683253
48581.26409683253
48581.26409683253
48581.26409683253
48581.26409683253
48581.26409683253
48581.26409683253
48581.26409683253
48581.26409683253
48581.26409683253
48581.26409683253
48581.26409683253
48581.26409683253
48581.26409683253
48581.26409683253
48581.26409683253
48581.26409683253
48581.26409683253
48581.26409683253
48581.26409683253
48581.26409683253
48581.26409683253
48581.26409683253
48581.26409683253
48581.26409683253
48581.26409683253
48581.26409683253
48581.26409683253
48581.26409683253
48581.26409683253
48581.26409683253
48581.26409683253
48581.26409683253
48581.26409683253
48581.26409683253
48581.26409683253
48581.26409683253
48581.26409683253
48581.26409683253
48581.26409683253
48581.26409683253
48581.26409683253
48581.26409683253
48581.26409683253
48581.26409683253
48581.26409683253
48581.26409683253
48581.26409683253
48581.26409683253
48581.26409683253
48581.26409683253
48581.26409683253
48581.26409683253
48581.26409683253
48581.26409683253
48581.26409683253
48581.26409683253
48581.26409683253
48581.26409683253
48581.26409683253
48581.26409683253
48581.26409683253
48581.26409683253
48581.26409683253
48581.26409683253
48581.26409683253
48581.26409683253
48581.26409683253
48581.26409683253
48581.26409683253
48581.26409683253
48581.26409683253
48581.26409683253
48581.26409683253
48581.26409683253
48581.26409683253
48581.26409683253
48581.26409683253
48581.26409683253
48581.26409683253
48581.26409683253
48581.26409683253
48581.26409683253
48581.26409683253
48581.26409683253
48581.26409683253
48581.26409683253
48581.26409683253
48581.26409683253
48581.26409683253
48581.26409683253
48581.26409683253
48581.26409683253
48581.26409683253
48581.26409683253
48581.26409683253
48581.26409683253
48581.26409683253
48581.26409683253
48581.26409683253
48581.26409683253
48581.26409683253
48581.26409683253
48581.26409683253
48581.26409683253
48581.26409683253
48581.26409683253
48581.26409683253
48581.26409683253
48581.26409683253
48581.26409683253
48581.26409683253
48581.26409683253
48581.26409683253
48581.26409683253
48581.26409683253
48581.26409683253
48581.26409683253
48581.26409683253
48581.26409683253
48581.26409683253
48581.26409683253
48581.26409683253
48581.26409683253
48581.26409683253
48581.26409683253
48581.26409683253
48581.26409683253
48581.26409683253
48581.26409683253
48581.26409683253
48581.26409683253
48581.26409683253
48581.26409683253
48581.26409683253
48581.26409683253
48581.26409683253
48581.26409683253
48581.26409683253
48581.26409683253
48581.26409683253
48581.26409683253
48581.26409683253
48581.26409683253
48581.26409683253
48581.26409683253
48581.26409683253
48581.26409683253
48581.26409683253
48581.26409683253
48581.26409683253
48581.26409683253
48581.26409683253
48581.26409683253
48581.26409683253
48581.26409683253
48581.26409683253
48581.26409683253
48581.26409683253
48581.26409683253
48581.26409683253
48581.26409683253
48581.26409683253
48581.26409683253
48581.26409683253
48581.26409683253
48581.26409683253
48581.26409683253
48581.26409683253
48581.26409683253
48581.26409683253
48581.26409683253
48581.26409683253
48581.26409683253
48581.26409683253
48581.26409683253
48581.26409683253
48581.26409683253
48581.26409683253
48581.26409683253
48581.26409683253
48581.26409683253
48581.26409683253
48581.26409683253
48581.26409683253
48581.26409683253
48581.26409683253
48581.26409683253
48581.26409683253
48581.26409683253
48581.26409683253
48581.26409683253
48581.26409683253
48581.26409683253
48581.26409683253
48581.26409683253
48581.26409683253
48581.26409683253
48581.26409683253
48581.26409683253
48581.26409683253
48581.26409683253
48581.26409683253
48581.26409683253
48581.26409683253
48581.26409683253
48581.26409683253
48581.26409683253
48581.26409683253
48581.26409683253
48581.26409683253
48581.26409683253
48581.26409683253
48581.26409683253
48581.26409683253
48581.26409683253
48581.26409683253
48581.26409683253
48581.26409683253
48581.26409683253
48581.26409683253
48581.26409683253
48581.26409683253
48581.26409683253
48581.26409683253
48581.26409683253
48581.26409683253
48581.26409683253
48581.26409683253
48581.26409683253
48581.26409683253
48581.26409683253
48581.26409683253
48581.26409683253
48581.26409683253
48581.26409683253
48581.26409683253
48581.26409683253
48581.26409683253
48581.26409683253
48581.26409683253
48581.26409683253
48581.26409683253
48581.26409683253
48581.26409683253
48581.26409683253
48581.26409683253
48581.26409683253
48581.26409683253
48581.26409683253
48581.26409683253
48581.26409683253
48581.26409683253
48581.26409683253
48581.26409683253
48581.26409683253
48581.26409683253
48581.26409683253
48581.26409683253
48581.26409683253
48581.26409683253
48581.26409683253
48581.26409683253
48581.26409683253
48581.26409683253
48581.26409683253
48581.26409683253
48581.26409683253
48581.26409683253
48581.26409683253
48581.26409683253
48581.26409683253
48581.26409683253
48581.26409683253
48581.26409683253
48581.26409683253
48581.26409683253
48581.26409683253
48581.26409683253
48581.26409683253
48581.26409683253
48581.26409683253
48581.26409683253
48581.26409683253
48581.26409683253
48581.26409683253
48581.26409683253
48581.26409683253
48581.26409683253
48581.26409683253
48581.26409683253
48581.26409683253
48581.26409683253
48581.26409683253
48581.26409683253
48581.26409683253
48581.26409683253
48581.26409683253
48581.26409683253
48581.26409683253
48581.26409683253
48581.26409683253
48581.26409683253
48581.26409683253
48581.26409683253
48581.26409683253
48581.26409683253
48581.26409683253
48581.26409683253
48581.26409683253
48581.26409683253
48581.26409683253
48581.26409683253
48581.26409683253
48581.26409683253
48581.26409683253
48581.26409683253
48581.26409683253
48581.26409683253
48581.26409683253
48581.26409683253
48581.26409683253
48581.26409683253
48581.26409683253
48581.26409683253
48581.26409683253
48581.26409683253
48581.26409683253
48581.26409683253
48581.26409683253
48581.26409683253
48581.26409683253
48581.26409683253
48581.26409683253
48581.26409683253
48581.26409683253
48581.26409683253
48581.26409683253
48581.26409683253
48581.26409683253
48581.26409683253
48581.26409683253
48581.26409683253
48581.26409683253
48581.26409683253
48581.26409683253
48581.26409683253
48581.26409683253
48581.26409683253
48581.26409683253
48581.26409683253
48581.26409683253
48581.26409683253
48581.26409683253
48581.26409683253
48581.26409683253
48581.26409683253
48581.26409683253
48581.26409683253
48581.26409683253
48581.26409683253
48581.26409683253
48581.26409683253
48581.26409683253
48581.26409683253
48581.26409683253
48581.26409683253
48581.26409683253
48581.26409683253
48581.26409683253
48581.26409683253
48581.26409683253
48581.26409683253
48581.26409683253
48581.26409683253
48581.26409683253
48581.26409683253
48581.26409683253
48581.26409683253
48581.26409683253
48581.26409683253
48581.26409683253
48581.26409683253
48581.26409683253
48581.26409683253
48581.26409683253
48581.26409683253
48581.26409683253
48581.26409683253
48581.26409683253
48581.26409683253
48581.26409683253
48581.26409683253
48581.26409683253
48581.26409683253
48581.26409683253
48581.26409683253
48581.26409683253
48581.26409683253
48581.26409683253
48581.26409683253
48581.26409683253
48581.26409683253
48581.26409683253
48581.26409683253
48581.26409683253
48581.26409683253
48581.26409683253
48581.26409683253
48581.26409683253
48581.26409683253
48581.26409683253
48581.26409683253
48581.26409683253
48581.26409683253
48581.26409683253
48581.26409683253
48581.26409683253
48581.26409683253
48581.26409683253
48581.26409683253
48581.26409683253
48581.26409683253
48581.26409683253
48581.26409683253
48581.26409683253
