57.81
48
169950.3067871739
156497.2563480996
175869.6294813079
181313.0995432802
142013.93969912204
173726.68270256068
186055.42544647172
159931.95561055205
156074.82851278607
155008.4967184988
151062.2190996815
156044.38319167524
154032.8242601282
142202.10340568543
161901.1405163505
176557.01640864118
149891.64281979547
144695.34529854808
168104.87870392553
161580.25594151096
146679.78069750697
152342.43048430944
156967.15176850522
158460.18044532312
130400.23781447507
151437.90296378246
165592.8327291527
142672.38927332664
128191.31886810457
162462.04805106597
174988.15133774534
146735.8270169077
152310.92631589732
166450.97811322438
142049.65857238107
164061.58733633958
153647.3723126598
157127.05346999603
145745.3396142813
159266.21438393957
153842.92464932374
164799.77067264193
183549.14234431623
154859.3379223165
147430.63402025925
160109.6441502478
145175.89084237622
174251.1743569764
111803.31862294997
146584.93369243652
141830.36263012377
153113.22378698795
158520.87865322083
126697.72482829678
154173.83966840844
162623.49981440918
144136.96325869145
132874.7911801775
134743.1983585123
135890.95775512437
124979.85360887615
133819.03896613835
123531.13572291368
131767.75169692968
155346.51190702443
131639.02266276663
131219.09996122448
121890.3865580638
138069.25800439902
133054.22529071447
134472.63013110266
137840.89320094837
131775.07751689284
114765.94541131194
132672.49874248623
144102.44679981214
124623.93607021208
111803.31862294997
144667.90109240718
153542.03929650463
123823.96223474045
131069.90773899517
107343.59974073764
124038.4555711471
142245.403005575
135396.0452068849
140988.38416671357
131764.72914081538
104316.39879916354
138172.6736536969
147881.44523474292
162182.42017754377
133749.06197600102
133093.66612792955
135761.42488351167
132630.884396375
154787.5303900597
102290.87346916941
133210.72967241224
125979.86837041486
107883.11080207271
140723.9186735201
118315.28413520798
135063.1592340861
103028.88047534929
103028.88047534929
113127.36888708253
122143.47968175878
123530.35025583238
103028.88047534929
120825.11719827596
114503.94623444781
103028.88047534929
135692.72633342643
121019.36715417152
117976.65793491439
108912.02559884897
122711.96569231959
121486.27946205794
116876.12343953602
126812.30395165243
103028.88047534929
103028.88047534929
103028.88047534929
127053.19890762611
103028.88047534929
103036.73646963661
103028.88047534929
135639.7180566159
109028.28365231006
117675.22622422666
98874.69493617106
112763.0345706876
127011.12878861107
121006.41329645965
103028.88047534929
103028.88047534929
102290.87346916941
125328.96771580284
99740.49614493664
143991.18854964385
117811.95614258928
124216.4340314221
119969.01637545248
122851.0380939021
100959.47486329555
92839.49058857017
121325.36076962735
96868.27306629517
100539.96342970693
126481.55896979148
112074.94723406855
96868.27306629517
94100.22865305979
95817.49543094842
94176.01296124735
113308.87516707517
96868.27306629517
94100.22865305979
108729.08744970843
107532.23868349304
95817.49543094842
118406.19707078426
112633.63714126986
105779.37844595217
105023.77530420088
96868.27306629517
113253.81175631605
96868.27306629517
118547.32132469857
95817.49543094842
95817.49543094842
95817.49543094842
114012.58142227038
95817.49543094842
96868.27306629517
94100.22865305979
96868.27306629517
96868.27306629517
105233.64413997967
92839.49058857017
92718.05490149706
116778.7282420018
111210.72177540077
95817.49543094842
91180.55142702439
95079.48842476855
92718.05490149706
96499.23093691879
130271.29796275194
107639.18949525912
92495.95304985147
108665.27223718932
113175.14732867281
90442.54442084453
85553.11946695481
110947.91109251487
91110.33663434471
93328.57838530606
90385.61829366168
90385.61829366168
91110.33663434471
89699.28779287015
90000.1482198172
88039.18218598922
105571.117207581
91110.33663434471
89699.28779287015
90385.61829366168
90385.61829366168
89448.96839925426
112338.59278997118
90385.61829366168
100567.35352381824
88179.6560369297
91110.33663434471
90385.61829366168
87819.5611627996
111242.86414009391
89681.96800716492
90000.1482198172
89681.96800716492
103543.47661863331
86381.44783326013
93577.49759475004
89699.28779287015
91110.33663434471
87224.90226354719
90385.61829366168
87089.06093519542
89128.85075116249
90385.61829366168
102484.86214892945
89681.96800716492
85585.79168520082
88710.9613930744
89128.85075116249
89976.50090508329
116731.06696643936
90385.61829366168
87606.52809596175
99450.88915802157
103956.36448035142
85553.11946695481
90673.07844181688
85496.19333977197
86480.22975270536
81492.02287937042
85496.19333977197
89018.7045182281
86480.22975270536
85413.72977406597
85110.72326592749
83638.2413257996
85496.19333977197
83474.38577836432
84000.70050174106
85383.52249313335
85383.52249313335
85048.02753906461
104986.56199804487
85496.19333977197
94941.63890389513
88179.6560369297
83474.38577836432
85383.52249313335
85496.19333977197
104243.61824810161
81492.02287937042
82175.06735379342
85281.02714697528
97032.77884319826
76006.51475004927
85496.19333977197
85413.72977406597
86480.22975270536
87224.90226354719
85383.52249313335
82688.12007500578
84727.90989097285
85383.52249313335
85496.19333977197
85048.02753906461
81184.85082501118
84310.02053288475
83617.91915606681
83347.11484227575
85496.19333977197
85383.52249313335
84503.71783823187
94220.41646936173
85496.19333977197
85553.11946695481
71605.57388985963
81095.25247958233
75784.2642625717
77091.08201918077
81095.25247958233
89018.7045182281
86480.22975270536
74865.06674536169
75784.2642625717
79802.66062495782
75784.2642625717
79073.44491817467
74865.06674536169
75784.2642625717
74865.06674536169
74865.06674536169
74503.88584561959
75784.2642625717
90377.35620347441
75298.40629829884
79073.44491817467
80982.58163294371
81095.25247958233
95569.4825910932
75784.2642625717
77751.78379166509
74865.06674536169
74780.31122946912
71605.57388985963
81095.25247958233
81061.09289066185
71605.57388985963
71605.57388985963
80982.58163294371
71605.57388985963
80902.8921242585
80982.58163294371
81095.25247958233
71605.57388985963
79136.28452477048
80041.35521923861
71605.57388985963
78488.2513018823
71605.57388985963
71605.57388985963
71605.57388985963
90713.88325125023
80822.79651757577
81152.17860676517
67493.44562464583
77234.94257692495
71605.57388985963
71605.57388985963
71605.57388985963
77105.57559367621
74865.06674536169
74865.06674536169
71506.3635354535
71605.57388985963
71107.42426278775
71605.57388985963
71004.75684270432
71107.42426278775
71004.75684270432
71004.75684270432
69747.00265817156
71107.42426278775
71605.57388985963
68691.53854031881
76226.68135285037
71605.57388985963
77234.94257692495
71605.57388985963
70320.58674884959
75410.60893974597
71605.57388985963
71605.57388985963
67493.44562464583
81095.25247958233
78061.61064947299
67745.26398720224
67493.44562464583
67493.44562464583
67493.44562464583
67493.44562464583
67493.44562464583
77234.94257692495
69361.91244862493
67493.44562464583
70729.18209584296
67493.44562464583
78488.2513018823
67745.26398720224
67493.44562464583
67745.26398720224
67493.44562464583
67493.44562464583
67493.44562464583
67493.44562464583
73508.90011563027
67493.44562464583
67493.44562464583
67493.44562464583
67493.44562464583
71004.75684270432
74865.06674536169
67493.44562464583
67493.44562464583
68882.6831713205
67493.44562464583
67493.44562464583
67493.44562464583
68098.41201822985
68098.41201822985
66212.24542466413
67493.44562464583
67745.26398720224
66616.14288487785
67493.44562464583
67493.44562464583
67493.44562464583
67745.26398720224
66460.2768461922
71550.29903708858
67745.26398720224
67493.44562464583
67493.44562464583
67493.44562464583
67493.44562464583
64462.898575624116
64211.08021306771
64211.08021306771
64211.080213067704
67493.44562464583
64211.08021306771
67493.44562464583
66079.5470370468
64211.08021306771
67446.81668426482
67493.44562464583
67493.44562464583
64462.898575624116
67493.44562464583
67493.44562464583
67493.44562464583
64211.08021306771
67493.44562464583
70596.03071504741
64211.08021306771
64211.08021306771
64211.08021306771
64211.08021306771
64211.08021306771
68098.41201822985
69244.06569745381
64211.08021306771
64211.080213067704
63161.41541435951
64211.080213067704
64211.08021306771
64211.08021306771
64211.08021306771
64211.08021306771
64211.08021306771
64211.08021306771
64211.080213067704
66616.14288487785
64211.08021306771
64211.080213067704
64211.08021306771
64211.08021306771
63177.91143461407
68267.93362551046
64211.08021306771
64211.08021306771
64211.08021306771
64211.08021306771
64211.08021306771
64211.080213067704
64211.080213067704
62135.68455762674
64211.080213067704
64211.08021306771
64211.08021306771
65841.70716299281
64004.15138160582
64211.08021306771
64211.08021306771
64211.080213067704
64211.08021306771
64211.080213067704
65841.70716299281
65841.70716299281
64211.08021306771
64211.08021306771
64211.08021306771
60434.435684433374
62135.68455762674
64211.08021306771
62135.68455762674
62135.68455762674
62135.68455762674
62135.68455762674
67168.67004201285
62135.68455762674
62135.68455762674
61076.13423617018
62135.68455762674
61987.04133063199
62135.68455762674
62135.68455762674
62135.68455762674
62135.68455762674
62135.68455762674
62135.68455762674
64262.635178456054
62135.68455762674
62135.68455762674
62135.68455762674
62135.68455762674
61098.38686889074
62135.68455762674
62135.68455762674
62135.68455762674
62135.68455762674
62135.68455762674
62135.68455762674
62135.68455762674
62135.68455762674
60434.435684433374
60434.435684433374
60434.435684433374
62135.68455762674
60434.435684433374
62135.68455762674
60434.435684433374
60434.435684433374
60434.435684433374
60434.435684433374
60434.435684433374
60434.435684433374
60434.435684433374
60434.435684433374
60434.435684433374
60434.435684433374
60434.435684433374
60434.435684433374
60434.435684433374
60434.435684433374
60434.435684433374
60434.435684433374
60434.435684433374
60434.435684433374
62135.68455762674
60434.435684433374
61076.13423617018
60434.435684433374
59537.67858148115
60434.435684433374
60434.435684433374
60434.435684433374
60434.435684433374
60434.435684433374
60434.435684433374
60434.435684433374
60434.435684433374
60434.435684433374
62135.68455762674
60434.435684433374
61098.38686889074
60434.435684433374
60434.435684433374
60434.435684433374
60434.435684433374
60434.435684433374
60434.435684433374
60434.435684433374
60434.435684433374
60434.435684433374
58873.23658329206
60434.435684433374
60434.435684433374
60434.435684433374
60434.435684433374
58873.23658329206
58873.23658329206
60434.435684433374
58873.23658329206
60247.11670489772
58873.23658329206
60247.11670489772
60434.435684433374
60247.11670489772
60247.11670489772
57410.96072905001
58685.91760375641
58873.23658329206
58685.91760375641
58873.23658329206
57851.8756115654
58685.91760375641
58873.23658329206
58873.23658329206
58873.23658329206
60434.435684433374
58873.23658329206
58873.23658329206
58685.91760375641
58685.91760375641
58685.91760375641
60434.435684433374
58873.23658329206
58685.91760375641
58873.23658329206
58873.23658329206
57851.8756115654
58873.23658329206
57851.8756115654
58873.23658329206
58873.23658329206
58873.23658329206
58873.23658329206
57851.8756115654
58873.23658329206
58685.91760375641
58873.23658329206
58873.23658329206
58685.91760375641
57410.96072905001
60434.435684433374
57410.96072905001
58873.23658329206
57410.96072905001
56974.34122839469
57410.96072905001
57410.96072905001
57598.27970858566
57410.96072905001
56974.34122839469
58660.07265581461
57410.96072905001
58685.91760375641
57410.96072905001
56578.55548361823
56974.34122839468
58873.23658329206
56974.34122839468
57598.27970858566
56576.91873685901
56974.34122839468
56974.34122839468
56974.34122839468
57598.27970858566
56974.34122839468
57598.27970858566
56974.34122839468
56974.34122839468
56974.34122839468
56974.34122839468
56974.34122839468
56974.34122839468
56974.34122839468
56974.34122839468
56974.34122839468
56576.91873685901
57598.27970858566
56974.34122839468
56974.34122839468
56974.34122839468
56974.34122839468
56974.34122839468
57851.8756115654
56974.34122839468
56974.34122839468
58873.23658329206
56974.34122839468
56974.34122839469
56974.34122839468
60434.435684433374
56974.34122839468
56974.34122839468
56974.34122839468
56578.55548361823
57410.96072905001
55269.6430809445
56458.30785560297
57410.96072905001
52098.66159854838
56544.5999556509
55269.6430809445
56544.5999556509
55269.6430809445
49463.463947537224
52098.66159854839
52098.66159854839
55834.369375411996
52098.66159854839
52098.66159854839
52098.66159854839
52098.66159854839
52098.66159854839
52098.66159854839
52098.66159854839
56458.307855602965
55834.369375411996
52098.66159854839
52098.66159854839
54831.22705352093
55834.369375411996
55834.369375411996
51471.23310902988
51471.23310902988
55834.369375411996
52098.66159854839
56458.307855602965
55834.369375411996
56277.14279335771
52098.66159854839
51471.23310902988
51471.23310902988
52098.66159854839
52098.66159854839
52098.66159854839
52098.66159854839
51471.23310902988
52098.66159854839
52098.66159854839
52098.66159854839
52098.66159854839
51471.23310902988
52098.66159854839
51963.59096274237
52098.66159854839
51471.23310902988
50917.57285268366
52098.66159854839
49463.463947537224
48392.41728506455
48392.41728506455
49463.463947537224
48392.41728506455
46622.41489340478
46868.572685865875
46868.572685865875
55834.369375411996
46868.572685865875
46868.572685865875
46868.572685865875
50801.1621505651
46868.572685865875
46868.572685865875
46868.572685865875
46868.572685865875
46868.572685865875
46868.572685865875
46868.572685865875
46868.572685865875
46868.572685865875
55834.369375411996
46868.572685865875
46868.572685865875
46868.572685865875
46868.572685865875
46868.572685865875
46868.572685865875
46868.572685865875
46868.572685865875
46868.572685865875
46868.572685865875
46868.572685865875
50801.1621505651
46868.572685865875
46868.572685865875
46868.572685865875
52098.66159854839
50801.1621505651
46868.572685865875
46868.572685865875
46868.572685865875
46868.572685865875
50823.619109759675
52098.66159854839
46868.572685865875
46868.572685865875
46868.572685865875
46868.572685865875
46622.41489340478
48392.41728506455
46622.414893404784
46622.414893404784
46622.41489340478
46868.572685865875
45975.25232465794
46622.414893404784
45975.25232465794
45975.25232465794
46868.572685865875
46622.414893404784
45975.25232465794
45975.25232465794
45975.25232465794
45975.25232465794
46622.414893404784
45975.25232465794
45975.25232465794
46868.572685865875
46622.414893404784
46622.414893404784
46622.414893404784
46622.414893404784
46622.414893404784
46622.414893404784
46622.414893404784
45975.25232465794
46622.414893404784
45975.25232465794
46622.414893404784
45975.25232465794
45975.25232465794
46622.414893404784
46622.414893404784
46622.414893404784
46622.414893404784
46868.572685865875
48891.00696168503
45975.25232465794
46622.414893404784
46622.414893404784
45975.25232465794
46622.414893404784
46622.414893404784
45975.25232465794
46622.414893404784
46622.414893404784
46622.414893404784
46622.41489340478
46622.414893404784
46622.414893404784
45729.09453219684
45729.09453219684
45975.25232465794
45729.09453219685
45729.09453219685
45975.25232465794
45729.09453219685
45729.09453219685
45729.09453219684
45729.09453219685
45168.885836855974
45729.09453219685
45729.09453219685
45729.09453219684
45729.09453219685
45168.885836855974
45729.09453219685
45729.09453219684
45729.09453219684
45729.09453219684
45729.09453219684
45729.09453219684
45729.09453219684
45729.09453219685
45729.09453219685
45729.09453219684
45729.09453219685
45729.09453219685
45168.885836855974
45168.885836855974
45729.09453219684
45720.30785323067
45729.09453219685
45729.09453219684
46253.93973031128
45729.09453219685
45168.885836855974
45729.09453219685
45729.09453219685
45729.09453219685
45729.09453219685
45729.09453219684
45168.885836855974
45729.09453219685
45729.09453219685
45729.09453219685
45729.09453219685
45729.09453219684
45729.09453219684
45729.09453219684
45168.885836855974
45168.885836855974
45168.88583685598
45168.88583685598
45168.88583685598
44922.728044394884
44922.728044394884
45168.88583685598
44922.728044394884
45168.885836855974
44922.728044394884
44922.728044394884
45168.88583685598
44922.728044394884
45168.885836855974
44922.728044394884
45729.09453219684
45168.88583685598
44922.728044394884
45168.88583685598
44922.728044394884
45168.88583685598
45168.88583685598
45168.88583685598
44922.728044394884
45168.88583685598
45168.88583685598
44591.75362991676
45168.885836855974
45729.09453219684
44873.204299090605
45168.88583685598
44922.728044394884
45365.60144645761
44922.728044394884
45168.885836855974
44922.728044394884
45168.88583685598
45168.88583685598
45168.88583685598
44922.728044394884
45168.885836855974
44922.728044394884
44922.728044394884
45168.88583685598
45168.88583685598
45168.88583685598
45168.88583685598
45168.88583685598
44591.75362991676
44591.75362991676
45168.88583685598
44948.50924811719
44591.75362991676
44591.75362991676
44591.75362991676
44591.75362991676
44591.75362991676
44591.75362991676
44591.75362991676
44591.75362991676
44591.75362991676
44345.595837455665
44591.75362991676
44591.75362991676
44591.75362991676
44591.75362991676
44345.595837455665
44591.75362991676
44345.595837455665
44591.75362991676
44591.75362991676
44591.75362991676
44591.75362991676
44591.75362991676
44591.75362991676
44591.75362991676
44591.75362991676
44591.75362991676
44591.75362991676
45168.88583685598
44591.75362991676
44559.234958655645
44922.728044394884
44591.75362991676
44345.595837455665
44591.75362991676
44591.75362991676
44591.75362991676
44345.595837455665
44591.75362991676
44591.75362991676
44772.08043418332
44591.75362991676
45168.88583685598
44591.75362991676
44591.75362991676
44591.75362991676
56524.30425053579
43774.68429196218
44194.94822724411
44090.15249300725
44194.94822724411
44194.94822724411
43774.68429196218
44194.94822724411
44194.94822724411
44194.94822724411
44194.94822724411
44194.94822724411
44194.94822724411
44345.595837455665
44591.75362991676
44591.75362991676
44591.75362991676
44591.75362991676
44345.595837455665
44591.75362991676
44345.595837455665
44591.75362991676
44591.75362991676
44591.75362991676
44020.842084423275
44020.842084423275
44591.75362991676
44591.75362991676
44591.75362991676
44591.75362991676
44591.75362991676
45168.88583685598
44591.75362991676
43982.10275171643
44922.728044394884
44591.75362991676
43774.68429196218
44591.75362991676
44591.75362991676
44591.75362991676
43774.68429196218
44020.842084423275
44591.75362991676
44772.08043418332
44020.842084423275
45168.88583685598
44020.842084423275
44020.842084423275
44591.75362991676
45892.62875003087
43774.68429196218
44194.94822724411
43489.86203845643
43624.036681750615
44194.94822724411
43174.39383741135
44194.94822724411
43624.036681750615
44194.94822724411
44194.94822724411
44194.94822724411
44194.9482272441
44345.595837455665
44463.11987169279
43892.2083261993
44463.11987169279
44463.11987169279
44345.595837455665
44463.11987169279
43774.68429196218
43892.2083261993
43892.2083261993
43892.2083261993
43291.917871648475
43892.2083261993
44463.11987169279
44463.11987169279
44463.11987169279
43892.2083261993
43892.2083261993
45168.88583685598
44020.842084423275
43411.19120622294
44448.8029555229
43892.2083261993
43174.39383741135
44463.11987169279
43892.2083261993
44463.11987169279
43174.39383741136
43892.2083261993
43892.2083261993
44194.94822724411
43291.917871648475
45168.88583685598
43892.2083261993
43892.2083261993
44463.11987169279
43023.746227199794
42700.468748539366
42700.468748539366
43023.746227199794
42700.468748539366
44194.94822724411
43023.746227199794
43023.746227199794
43023.746227199794
44194.94822724411
43023.746227199794
43023.746227199794
43023.746227199794
43023.746227199794
43023.746227199794
43023.746227199794
43023.746227199794
43023.746227199794
43023.746227199794
43023.746227199794
43174.39383741136
43023.746227199794
43023.746227199794
43023.746227199794
43023.746227199794
43023.746227199794
43023.746227199794
43023.746227199794
44463.11987169279
43023.746227199794
43023.746227199794
45168.88583685598
43023.746227199794
43023.746227199794
43023.14514254343
43023.746227199794
42700.468748539366
43023.746227199794
43023.746227199794
43023.746227199794
43023.746227199794
43023.746227199794
43023.746227199794
43624.036681750615
42647.640328196045
43023.746227199794
43023.746227199794
43023.746227199794
43023.746227199794
42360.1951185796
42356.31421697706
42700.468748539366
42679.591695637486
42700.468748539366
44194.94822724411
42647.64032819605
42360.1951185796
42647.64032819605
42647.64032819605
43023.746227199794
42356.31421697706
42647.64032819605
42647.64032819605
43023.746227199794
42356.31421697706
42647.64032819605
42356.31421697706
42647.64032819605
42647.64032819605
42647.64032819605
42647.64032819605
42356.31421697706
42356.31421697706
42647.64032819605
42360.1951185796
42647.64032819605
42647.64032819605
42647.64032819605
42647.64032819605
42647.64032819605
42647.64032819605
42356.31421697706
42360.1951185796
42619.31263223881
42360.1951185796
42647.64032819605
42356.31421697706
42356.31421697706
43023.746227199794
42647.64032819605
42679.591695637486
43023.746227199794
42647.64032819605
42360.1951185796
43023.746227199794
42360.19511857959
42360.19511857959
42679.591695637486
42356.31421697706
42356.31421697706
42356.31421697706
42356.31421697706
42356.31421697706
42356.31421697706
42356.31421697706
42356.31421697706
42356.31421697706
42356.31421697706
42356.31421697706
42356.31421697706
42356.31421697706
42303.48579663374
42356.31421697706
42356.31421697706
42303.48579663374
42215.472052206416
42356.31421697706
42303.48579663374
42356.31421697706
42356.31421697706
42356.31421697706
42215.472052206416
42356.31421697706
42356.31421697706
42356.31421697706
42647.64032819605
42356.31421697706
42356.31421697706
42356.31421697706
42356.31421697706
42215.472052206416
42356.31421697706
42356.31421697706
42016.04058701728
42647.64032819605
42356.31421697706
42215.472052206416
42356.31421697706
42303.48579663374
42356.31421697706
42356.31421697706
42356.31421697706
42356.31421697706
42356.31421697706
42356.31421697706
42016.04058701728
42356.31421697706
42016.04058701728
42016.04058701728
42016.04058701728
42016.04058701728
42016.04058701728
42016.04058701728
42016.04058701728
42016.04058701728
42016.04058701728
42016.04058701728
42016.04058701728
42016.04058701728
42356.31421697706
42016.04058701728
42016.04058701728
42016.04058701728
42016.04058701728
42016.04058701728
42016.04058701728
42016.04058701728
42016.04058701728
42016.04058701728
42016.04058701728
42016.04058701728
42016.04058701728
42016.04058701728
42016.04058701728
42016.04058701728
42016.04058701728
42016.04058701728
42016.04058701728
42016.04058701728
42215.472052206416
42016.04058701728
42016.04058701728
42016.04058701728
42647.64032819605
42016.04058701728
42016.04058701728
42016.04058701728
42016.04058701728
42016.04058701728
42016.04058701728
42016.04058701728
42016.04058701728
42016.04058701728
42016.04058701728
42016.04058701728
42016.04058701728
42016.04058701728
41875.198422246656
42016.04058701728
42016.04058701728
42016.04058701728
42016.04058701728
41875.198422246656
42016.04058701728
42016.04058701728
42016.04058701728
41875.198422246656
42016.04058701728
42016.04058701728
42016.04058701728
42016.04058701728
42016.04058701728
42016.04058701728
42016.04058701728
41875.198422246656
42016.04058701728
42016.04058701728
42016.04058701728
42016.04058701728
42016.04058701728
42016.04058701728
41875.198422246656
42016.04058701728
41875.198422246656
42016.04058701728
42016.04058701728
42016.04058701728
41875.198422246656
42016.04058701728
42016.04058701728
42016.04058701728
42016.04058701728
42016.04058701728
42016.04058701728
41875.198422246656
42016.04058701728
42016.04058701728
42016.04058701728
42016.04058701728
41875.198422246656
41875.198422246656
41875.198422246656
42016.04058701728
41875.198422246656
41875.198422246656
41875.198422246656
41875.198422246656
41875.198422246656
41875.198422246656
41875.198422246656
42016.04058701728
41758.9347981419
41875.198422246656
41875.198422246656
41875.198422246656
41875.198422246656
42016.04058701728
41875.198422246656
41875.198422246656
41875.198422246656
41875.198422246656
41875.198422246656
41875.198422246656
41758.9347981419
41875.198422246656
41875.198422246656
41875.198422246656
41875.198422246656
41875.198422246656
41875.198422246656
41875.198422246656
41875.198422246656
41875.198422246656
41875.198422246656
41875.198422246656
41875.198422246656
41875.198422246656
41875.198422246656
41875.198422246656
41875.198422246656
41875.198422246656
41875.198422246656
41875.198422246656
41875.198422246656
41875.198422246656
41875.198422246656
41875.198422246656
41875.198422246656
41875.198422246656
41875.198422246656
41875.198422246656
41875.198422246656
41758.9347981419
41875.198422246656
41514.11121326581
41758.93479814189
41758.93479814189
41758.93479814189
41758.93479814189
41758.93479814189
41514.11121326581
41514.111213265816
41758.93479814189
41514.111213265816
41514.111213265816
41514.111213265816
41514.111213265816
41514.111213265816
41514.111213265816
41514.111213265816
41514.111213265816
41514.111213265816
41514.111213265816
41514.111213265816
41514.111213265816
41514.111213265816
41514.111213265816
41514.111213265816
41514.111213265816
41514.111213265816
41514.111213265816
41514.111213265816
41758.93479814189
41514.111213265816
41514.111213265816
41514.111213265816
41514.111213265816
41514.111213265816
41758.93479814189
41514.111213265816
41514.111213265816
41514.111213265816
41514.111213265816
41514.111213265816
41514.111213265816
41514.111213265816
41875.198422246656
41875.198422246656
41514.111213265816
41514.111213265816
41514.111213265816
41514.11121326581
41514.111213265816
41260.66107902313
41514.111213265816
41514.111213265816
41514.111213265816
41514.111213265816
41514.111213265816
41260.66107902313
41260.661079023135
41260.661079023135
41260.661079023135
41260.661079023135
41514.111213265816
41260.661079023135
41260.661079023135
41260.661079023135
41260.661079023135
41260.661079023135
41260.661079023135
41260.661079023135
41260.661079023135
41260.661079023135
41260.661079023135
41260.661079023135
41260.661079023135
41260.661079023135
41260.661079023135
41260.661079023135
41260.661079023135
41260.661079023135
41260.661079023135
41260.661079023135
41260.661079023135
41260.661079023135
41514.111213265816
41260.661079023135
41260.661079023135
41260.661079023135
41260.661079023135
41260.661079023135
41260.661079023135
41260.661079023135
41260.661079023135
41260.661079023135
41260.661079023135
41260.661079023135
41260.661079023135
41260.661079023135
41260.661079023135
41260.661079023135
41260.66107902313
41260.661079023135
41260.661079023135
41514.111213265816
41260.661079023135
41260.661079023135
41260.66107902313
41260.661079023135
41260.661079023135
41260.661079023135
41260.661079023135
41260.661079023135
41260.661079023135
41192.28828360501
41260.661079023135
41260.661079023135
41260.661079023135
41260.661079023135
41192.28828360501
41192.28828360501
41260.661079023135
41260.661079023135
41260.661079023135
41260.661079023135
41260.661079023135
41260.661079023135
41260.661079023135
41192.28828360501
41260.661079023135
41260.661079023135
41260.661079023135
41260.661079023135
41260.661079023135
41260.661079023135
41260.661079023135
41260.661079023135
41260.661079023135
41260.661079023135
41260.661079023135
41260.661079023135
41260.661079023135
41260.661079023135
41260.661079023135
41192.28828360501
41260.661079023135
41260.661079023135
41260.661079023135
41260.661079023135
41260.661079023135
41192.288283605005
41192.288283605005
41192.288283605005
41514.111213265816
41192.288283605005
41192.288283605005
41192.288283605005
41192.288283605005
41192.288283605005
41192.288283605005
41192.288283605005
41192.28828360501
41192.288283605005
41192.288283605005
41192.28828360501
41192.28828360501
41192.28828360501
41192.28828360501
41192.288283605005
41192.28828360501
41192.28828360501
41192.28828360501
41192.28828360501
41192.28828360501
41192.28828360501
41192.28828360501
41192.28828360501
41192.28828360501
41192.28828360501
41192.28828360501
41192.28828360501
41192.28828360501
41192.28828360501
41192.28828360501
41192.28828360501
41192.28828360501
41192.28828360501
41192.28828360501
41192.28828360501
41192.28828360501
41192.28828360501
41192.28828360501
41192.28828360501
41192.28828360501
41192.28828360501
41192.28828360501
41192.28828360501
41260.661079023135
41192.28828360501
41192.288283605005
41192.288283605005
41192.288283605005
41192.28828360501
41192.288283605005
41192.288283605005
41192.288283605005
41192.288283605005
41192.288283605005
41192.288283605005
41192.288283605005
41192.28828360501
41192.288283605005
41192.288283605005
41192.288283605005
41192.28828360501
41192.28828360501
41192.28828360501
41192.288283605005
41192.288283605005
41192.28828360501
41192.28828360501
41192.28828360501
41192.28828360501
41192.28828360501
41192.28828360501
41192.28828360501
41192.28828360501
41192.28828360501
41192.288283605005
41192.28828360501
41192.28828360501
41192.28828360501
41192.28828360501
41192.288283605005
41192.28828360501
41192.28828360501
41192.28828360501
41192.288283605005
41192.28828360501
41192.28828360501
41192.28828360501
41192.28828360501
41192.288283605005
41192.28828360501
41192.288283605005
41192.28828360501
41192.28828360501
41192.288283605005
41192.288283605005
40938.33377057951
41192.288283605005
41192.288283605005
41192.288283605005
41192.288283605005
41192.288283605005
41192.288283605005
41192.288283605005
41192.288283605005
41192.288283605005
41192.28828360501
41192.288283605005
41192.288283605005
41192.288283605005
41192.28828360501
41192.288283605005
41192.28828360501
41192.288283605005
41192.288283605005
41192.28828360501
41192.28828360501
41192.288283605005
41192.28828360501
41192.28828360501
41192.28828360501
41192.28828360501
41192.288283605005
41192.288283605005
41192.288283605005
41192.28828360501
41192.28828360501
41192.28828360501
41192.28828360501
41192.288283605005
41192.28828360501
41192.288283605005
41192.288283605005
41192.288283605005
41192.28828360501
41192.28828360501
41192.28828360501
41192.288283605005
41192.288283605005
41192.28828360501
41192.288283605005
41192.28828360501
41192.28828360501
41192.288283605005
40938.333770579506
40938.333770579506
40938.33377057951
40938.33377057951
40938.33377057951
40938.33377057951
40938.33377057951
40938.33377057951
40938.33377057951
40938.33377057951
40938.33377057951
40938.33377057951
40938.33377057951
40938.33377057951
40938.33377057951
40938.33377057951
40938.33377057951
40938.33377057951
40938.33377057951
40938.33377057951
40938.33377057951
40938.33377057951
40938.33377057951
40938.33377057951
40938.33377057951
40938.33377057951
40938.33377057951
40938.33377057951
40938.33377057951
40938.33377057951
40938.33377057951
40938.33377057951
40938.33377057951
40938.33377057951
40938.33377057951
40938.33377057951
40938.33377057951
41192.288283605005
40938.33377057951
40938.33377057951
40938.33377057951
40938.33377057951
40938.33377057951
40938.33377057951
40938.33377057951
40938.33377057951
40938.33377057951
40938.33377057951
40938.33377057951
40938.333770579506
40938.333770579506
40739.432368487396
40938.33377057951
40739.432368487396
40739.432368487396
40938.33377057951
40938.33377057951
40938.33377057951
40938.33377057951
40938.33377057951
40938.33377057951
40938.33377057951
40739.432368487396
40938.33377057951
40938.33377057951
40938.33377057951
40938.33377057951
40938.33377057951
40938.33377057951
40938.33377057951
40938.33377057951
40938.33377057951
40739.432368487396
40938.33377057951
40938.33377057951
40938.33377057951
40938.33377057951
40938.33377057951
40938.33377057951
40938.33377057951
40938.33377057951
40938.33377057951
40938.33377057951
40938.33377057951
40938.33377057951
40739.432368487396
40938.33377057951
40938.33377057951
40938.33377057951
40938.33377057951
40938.33377057951
40938.33377057951
40739.432368487396
40938.33377057951
40938.33377057951
40739.432368487396
40938.33377057951
40938.33377057951
40577.27582245172
40739.43236848739
40577.27582245172
40577.27582245172
40577.27582245172
40577.27582245172
40577.27582245172
40577.27582245172
40577.27582245172
40577.27582245172
40577.27582245172
40577.27582245172
40577.27582245172
40577.27582245172
40577.27582245172
40577.27582245172
40577.27582245172
40577.27582245172
40577.27582245172
40577.27582245172
40577.27582245172
40739.432368487396
40577.27582245172
40577.27582245172
40577.27582245172
40577.27582245172
40577.27582245172
40938.33377057951
40577.27582245172
40577.27582245172
40577.27582245172
40577.27582245172
40577.27582245172
40577.27582245172
40577.27582245172
40577.27582245172
40577.27582245172
40577.27582245172
40577.27582245172
40577.27582245172
40739.432368487396
40577.27582245172
40577.27582245172
40577.27582245172
40577.27582245172
40577.27582245172
40577.27582245172
40577.27582245172
40577.27582245172
40577.27582245172
40577.27582245172
40577.27582245172
40577.27582245172
40577.27582245172
40577.27582245172
40577.27582245172
40577.27582245172
40577.27582245172
40577.27582245172
40577.27582245172
40577.27582245172
40577.27582245172
40577.27582245172
40577.27582245172
40577.27582245172
40577.27582245172
40577.27582245172
40577.27582245172
40577.27582245172
40577.27582245172
40577.27582245172
40577.27582245172
40577.27582245172
40577.27582245172
40577.27582245172
40577.27582245172
40577.27582245172
40577.27582245172
40577.27582245172
40577.27582245172
40577.27582245172
40577.27582245172
40577.27582245172
40577.27582245172
40577.27582245172
40577.27582245172
40577.27582245172
40577.27582245172
40577.27582245172
40577.27582245172
40577.27582245172
40577.27582245172
40577.27582245172
40577.27582245172
40577.27582245172
40577.27582245172
40577.27582245172
40577.27582245172
40577.27582245172
40577.27582245172
40577.27582245172
40577.27582245172
40577.27582245172
40577.27582245172
40577.27582245172
40577.27582245172
40577.27582245172
40577.27582245172
40577.27582245172
40577.27582245172
40577.27582245172
40577.27582245172
40577.27582245172
40577.27582245172
40577.27582245172
40577.27582245172
40577.27582245172
40577.27582245172
40577.27582245172
40577.27582245172
40577.27582245172
40577.27582245172
40577.27582245172
40577.27582245172
40577.27582245172
40577.27582245172
40577.27582245172
40577.27582245172
40577.27582245172
40577.27582245172
40577.27582245172
40577.27582245172
40577.27582245172
40577.27582245172
40577.27582245172
40577.27582245172
40577.27582245172
40577.27582245172
40577.27582245172
40577.27582245172
40577.27582245172
40577.27582245172
40577.27582245172
40577.27582245172
40577.27582245172
40577.27582245172
40577.27582245172
40645.64861786984
40577.27582245172
40577.27582245172
40577.27582245172
40577.27582245172
40577.27582245172
40577.27582245172
40577.27582245172
40577.27582245172
40577.27582245172
40577.27582245172
40577.27582245172
40577.27582245172
40577.27582245172
40577.27582245172
40577.27582245172
40577.27582245172
40577.27582245172
40577.27582245172
40577.27582245172
40577.27582245172
40577.27582245172
40577.27582245172
40577.27582245172
40577.27582245172
40577.27582245172
40577.27582245172
40577.27582245172
40577.27582245172
40577.27582245172
40577.27582245172
40577.27582245172
40577.27582245172
40577.27582245172
40577.27582245172
40577.27582245172
40577.27582245172
40577.27582245172
40577.27582245172
40577.27582245172
40577.27582245172
40577.27582245172
40577.27582245172
40577.27582245172
40577.27582245172
40577.27582245172
40577.27582245172
40577.27582245172
40577.27582245172
40577.27582245172
40577.27582245172
40577.27582245172
40577.27582245172
40577.27582245172
40577.27582245172
40577.27582245172
40577.27582245172
40577.27582245172
40577.27582245172
40577.27582245172
40577.27582245172
40577.27582245172
40577.27582245172
40577.27582245172
40577.27582245172
40577.27582245172
40577.27582245172
40577.27582245172
40577.27582245172
40577.27582245172
40577.27582245172
40577.27582245172
40577.27582245172
40577.27582245172
40577.27582245172
40577.27582245172
40577.27582245172
40577.27582245172
40577.27582245172
40577.27582245172
40577.27582245172
40577.27582245172
40577.27582245172
40577.27582245172
40577.27582245172
40577.27582245172
40577.27582245172
40577.27582245172
40577.27582245172
40577.27582245172
40577.27582245172
40577.27582245172
40577.27582245172
40577.27582245172
40577.27582245172
40577.27582245172
40577.27582245172
40577.27582245172
44830.069713123565
40577.27582245172
40577.27582245172
40577.27582245172
40577.27582245172
40577.27582245172
40577.27582245172
40577.27582245172
40577.27582245172
40577.27582245172
40577.27582245172
40577.27582245172
40577.27582245172
40577.27582245172
40577.27582245172
40577.27582245172
40577.27582245172
40577.27582245172
40577.27582245172
40577.27582245172
40577.27582245172
40577.27582245172
40577.27582245172
40577.27582245172
40577.27582245172
40577.27582245172
40577.27582245172
40577.27582245172
40577.27582245172
40577.27582245172
40577.27582245172
40577.27582245172
40577.27582245172
40577.27582245172
40577.27582245172
40577.27582245172
40577.27582245172
40577.27582245172
40577.27582245172
40577.27582245172
40577.27582245172
40577.27582245172
40577.27582245172
40577.27582245172
40577.27582245172
40577.27582245172
40577.27582245172
40577.27582245172
40577.27582245172
40577.27582245172
40577.27582245172
40577.27582245172
40577.27582245172
40577.27582245172
40577.27582245172
40577.27582245172
40577.27582245172
40577.27582245172
40577.27582245172
40577.27582245172
40577.27582245172
40577.27582245172
40577.27582245172
40577.27582245172
40577.27582245172
40577.27582245172
40577.27582245172
40577.27582245172
40577.27582245172
40577.27582245172
40577.27582245172
40577.27582245172
40577.27582245172
40577.27582245172
40577.27582245172
40577.27582245172
40577.27582245172
40577.27582245172
40577.27582245172
40577.27582245172
40577.27582245172
40577.27582245172
40577.27582245172
40577.27582245172
40577.27582245172
40577.27582245172
40577.27582245172
40577.27582245172
40577.27582245172
40577.27582245172
40577.27582245172
40577.27582245172
40577.27582245172
40577.27582245172
40577.27582245172
40577.27582245172
40577.27582245172
40577.27582245172
40577.27582245172
40577.27582245172
40577.27582245172
40577.27582245172
40577.27582245172
40577.27582245172
40577.27582245172
40577.27582245172
40577.27582245172
40577.27582245172
40577.27582245172
40577.27582245172
40577.27582245172
40577.27582245172
40577.27582245172
40577.27582245172
40577.27582245172
40577.27582245172
40577.27582245172
40577.27582245172
40577.27582245172
40577.27582245172
40577.27582245172
40577.27582245172
40577.27582245172
40577.27582245172
40577.27582245172
40577.27582245172
40577.27582245172
40577.27582245172
40577.27582245172
40577.27582245172
40577.27582245172
40577.27582245172
40577.27582245172
40577.27582245172
40577.27582245172
40577.27582245172
40577.27582245172
40577.27582245172
40577.27582245172
40577.27582245172
40577.27582245172
40577.27582245172
40577.27582245172
40577.27582245172
40577.27582245172
40577.27582245172
40577.27582245172
40645.64861786984
40577.27582245172
40577.27582245172
40577.27582245172
40577.27582245172
40577.27582245172
40577.27582245172
40577.27582245172
40577.27582245172
40577.27582245172
40577.27582245172
40577.27582245172
40577.27582245172
40577.27582245172
40577.27582245172
40577.27582245172
40577.27582245172
40577.27582245172
40577.27582245172
40577.27582245172
40577.27582245172
40577.27582245172
40577.27582245172
40577.27582245172
40577.27582245172
40577.27582245172
40577.27582245172
40577.27582245172
40577.27582245172
40577.27582245172
40577.27582245172
40577.27582245172
40577.27582245172
40577.27582245172
40577.27582245172
40577.27582245172
40577.27582245172
40577.27582245172
40577.27582245172
40577.27582245172
40577.27582245172
40577.27582245172
40577.27582245172
40577.27582245172
40577.27582245172
40577.27582245172
40577.27582245172
40577.27582245172
40577.27582245172
40577.27582245172
40577.27582245172
40577.27582245172
40577.27582245172
40577.27582245172
40577.27582245172
40577.27582245172
40577.27582245172
40577.27582245172
40577.27582245172
40577.27582245172
40577.27582245172
40577.27582245172
40577.27582245172
40577.27582245172
40577.27582245172
40577.27582245172
40577.27582245172
40577.27582245172
40577.27582245172
40577.27582245172
40577.27582245172
40577.27582245172
40577.27582245172
40577.27582245172
40577.27582245172
40577.27582245172
40577.27582245172
40577.27582245172
40577.27582245172
40577.27582245172
40577.27582245172
40577.27582245172
40577.27582245172
40577.27582245172
40577.27582245172
40577.27582245172
40577.27582245172
40577.27582245172
40577.27582245172
40577.27582245172
40577.27582245172
40577.27582245172
40577.27582245172
40577.27582245172
40577.27582245172
40577.27582245172
40577.27582245172
40577.27582245172
40645.64861786984
40577.27582245172
40577.27582245172
40577.27582245172
40577.27582245172
40577.27582245172
40577.27582245172
40577.27582245172
40577.27582245172
40577.27582245172
40577.27582245172
40577.27582245172
40577.27582245172
40577.27582245172
40577.27582245172
40577.27582245172
40577.27582245172
40577.27582245172
40577.27582245172
40577.27582245172
40577.27582245172
40577.27582245172
40577.27582245172
40577.27582245172
40577.27582245172
40577.27582245172
40577.27582245172
40577.27582245172
40577.27582245172
40577.27582245172
40577.27582245172
40577.27582245172
40577.27582245172
40577.27582245172
40577.27582245172
40577.27582245172
40577.27582245172
40577.27582245172
40577.27582245172
40577.27582245172
40577.27582245172
40577.27582245172
40577.27582245172
40577.27582245172
40577.27582245172
40577.27582245172
40577.27582245172
40577.27582245172
40577.27582245172
40577.27582245172
40577.27582245172
40577.27582245172
40577.27582245172
40577.27582245172
40577.27582245172
40577.27582245172
40577.27582245172
40577.27582245172
40577.27582245172
40577.27582245172
40577.27582245172
40577.27582245172
40577.27582245172
40577.27582245172
40577.27582245172
40577.27582245172
40577.27582245172
40577.27582245172
40577.27582245172
40577.27582245172
40577.27582245172
40577.27582245172
40577.27582245172
40577.27582245172
40577.27582245172
40577.27582245172
40577.27582245172
40577.27582245172
40577.27582245172
40577.27582245172
40577.27582245172
40577.27582245172
40577.27582245172
40577.27582245172
40577.27582245172
40577.27582245172
40577.27582245172
40577.27582245172
40577.27582245172
40577.27582245172
40577.27582245172
40577.27582245172
40577.27582245172
40577.27582245172
40577.27582245172
40577.27582245172
40577.27582245172
40577.27582245172
40577.27582245172
40577.27582245172
40577.27582245172
40577.27582245172
40577.27582245172
40577.27582245172
40577.27582245172
40577.27582245172
40577.27582245172
40577.27582245172
40577.27582245172
40577.27582245172
40577.27582245172
40577.27582245172
40577.27582245172
40577.27582245172
40577.27582245172
40577.27582245172
40577.27582245172
40577.27582245172
40577.27582245172
40577.27582245172
40577.27582245172
40577.27582245172
40577.27582245172
40577.27582245172
40577.27582245172
40577.27582245172
40577.27582245172
40577.27582245172
40577.27582245172
40577.27582245172
40577.27582245172
40577.27582245172
40577.27582245172
40577.27582245172
40577.27582245172
40577.27582245172
40577.27582245172
40577.27582245172
40577.27582245172
40577.27582245172
40577.27582245172
40577.27582245172
40577.27582245172
40577.27582245172
40577.27582245172
40577.27582245172
40577.27582245172
40577.27582245172
40577.27582245172
40577.27582245172
40577.27582245172
40577.27582245172
40577.27582245172
40577.27582245172
40577.27582245172
40577.27582245172
40577.27582245172
40577.27582245172
40577.27582245172
40577.27582245172
40577.27582245172
40577.27582245172
40577.27582245172
40577.27582245172
40577.27582245172
40577.27582245172
40577.27582245172
40577.27582245172
40577.27582245172
40577.27582245172
40577.27582245172
40577.27582245172
40577.27582245172
40577.27582245172
40577.27582245172
40577.27582245172
40577.27582245172
40577.27582245172
40577.27582245172
40577.27582245172
40577.27582245172
40577.27582245172
40577.27582245172
40577.27582245172
40577.27582245172
40577.27582245172
40577.27582245172
40577.27582245172
40577.27582245172
40577.27582245172
40577.27582245172
40577.27582245172
40577.27582245172
40577.27582245172
40577.27582245172
40577.27582245172
40577.27582245172
40577.27582245172
40577.27582245172
40577.27582245172
40577.27582245172
40577.27582245172
40577.27582245172
40577.27582245172
40577.27582245172
40577.27582245172
40577.27582245172
40577.27582245172
40577.27582245172
40577.27582245172
40577.27582245172
40577.27582245172
40577.27582245172
40577.27582245172
40577.27582245172
40577.27582245172
40577.27582245172
40577.27582245172
40577.27582245172
40577.27582245172
40577.27582245172
40577.27582245172
40577.27582245172
40577.27582245172
40577.27582245172
40577.27582245172
40577.27582245172
40577.27582245172
40577.27582245172
40577.27582245172
40577.27582245172
40577.27582245172
40577.27582245172
40577.27582245172
40577.27582245172
40577.27582245172
40577.27582245172
40577.27582245172
40577.27582245172
40577.27582245172
40577.27582245172
40577.27582245172
40577.27582245172
40577.27582245172
40577.27582245172
40577.27582245172
40577.27582245172
40577.27582245172
40577.27582245172
40577.27582245172
40577.27582245172
40577.27582245172
40577.27582245172
40577.27582245172
40577.27582245172
40577.27582245172
40577.27582245172
40577.27582245172
40577.27582245172
40577.27582245172
40577.27582245172
40577.27582245172
40577.27582245172
40577.27582245172
40577.27582245172
40577.27582245172
40577.27582245172
40577.27582245172
40577.27582245172
40577.27582245172
40577.27582245172
40577.27582245172
40577.27582245172
40577.27582245172
40577.27582245172
40577.27582245172
40577.27582245172
40577.27582245172
40577.27582245172
40577.27582245172
40577.27582245172
40577.27582245172
40577.27582245172
40577.27582245172
40577.27582245172
40577.27582245172
40577.27582245172
40577.27582245172
40577.27582245172
40577.27582245172
40577.27582245172
40577.27582245172
40577.27582245172
40577.27582245172
40577.27582245172
40577.27582245172
40577.27582245172
40577.27582245172
40577.27582245172
40577.27582245172
40577.27582245172
40577.27582245172
40577.27582245172
40577.27582245172
40577.27582245172
40577.27582245172
40577.27582245172
40577.27582245172
40577.27582245172
40577.27582245172
40577.27582245172
40577.27582245172
40577.27582245172
40577.27582245172
40577.27582245172
40577.27582245172
40577.27582245172
40577.27582245172
40577.27582245172
40577.27582245172
40577.27582245172
40577.27582245172
40577.27582245172
40577.27582245172
40577.27582245172
40577.27582245172
40577.27582245172
40577.27582245172
40577.27582245172
40577.27582245172
40577.27582245172
40577.27582245172
40577.27582245172
40577.27582245172
40577.27582245172
40577.27582245172
40577.27582245172
40577.27582245172
40577.27582245172
40577.27582245172
40577.27582245172
40577.27582245172
40577.27582245172
40577.27582245172
40577.27582245172
40577.27582245172
40577.27582245172
40577.27582245172
40577.27582245172
40577.27582245172
40577.27582245172
40577.27582245172
40577.27582245172
40577.27582245172
40577.27582245172
40577.27582245172
40577.27582245172
40577.27582245172
40577.27582245172
40577.27582245172
40577.27582245172
40577.27582245172
40577.27582245172
40577.27582245172
40577.27582245172
40577.27582245172
40577.27582245172
40577.27582245172
40577.27582245172
40577.27582245172
40577.27582245172
40577.27582245172
40577.27582245172
40577.27582245172
40577.27582245172
40577.27582245172
40577.27582245172
40577.27582245172
40577.27582245172
40577.27582245172
40577.27582245172
40577.27582245172
40577.27582245172
40577.27582245172
40577.27582245172
40577.27582245172
40577.27582245172
40577.27582245172
40577.27582245172
40577.27582245172
40577.27582245172
40577.27582245172
40645.64861786984
40577.27582245172
40577.27582245172
40577.27582245172
40577.27582245172
40577.27582245172
40577.27582245172
40577.27582245172
40577.27582245172
40577.27582245172
40577.27582245172
40577.27582245172
40577.27582245172
40577.27582245172
40577.27582245172
40577.27582245172
40577.27582245172
40577.27582245172
40577.27582245172
40577.27582245172
40577.27582245172
40577.27582245172
40577.27582245172
40577.27582245172
40577.27582245172
40577.27582245172
40577.27582245172
40577.27582245172
40577.27582245172
40577.27582245172
40577.27582245172
40577.27582245172
40577.27582245172
40577.27582245172
40577.27582245172
40577.27582245172
40577.27582245172
40577.27582245172
40577.27582245172
40577.27582245172
40577.27582245172
40577.27582245172
40577.27582245172
40577.27582245172
40577.27582245172
40577.27582245172
40577.27582245172
40577.27582245172
40577.27582245172
44872.35195952159
40577.27582245172
40577.27582245172
40577.27582245172
40577.27582245172
40577.27582245172
40577.27582245172
40577.27582245172
40577.27582245172
40577.27582245172
40577.27582245172
40577.27582245172
40577.27582245172
40577.27582245172
40577.27582245172
40577.27582245172
40577.27582245172
40577.27582245172
40577.27582245172
40577.27582245172
40577.27582245172
40577.27582245172
40577.27582245172
40577.27582245172
40577.27582245172
40577.27582245172
40577.27582245172
40577.27582245172
40577.27582245172
40577.27582245172
40577.27582245172
40577.27582245172
40577.27582245172
40577.27582245172
40577.27582245172
40577.27582245172
40577.27582245172
40577.27582245172
40577.27582245172
40577.27582245172
40577.27582245172
40577.27582245172
40577.27582245172
40577.27582245172
40577.27582245172
40577.27582245172
40577.27582245172
40577.27582245172
40577.27582245172
40577.27582245172
40577.27582245172
40577.27582245172
40577.27582245172
40577.27582245172
40577.27582245172
40577.27582245172
40577.27582245172
40577.27582245172
40577.27582245172
40577.27582245172
40577.27582245172
40577.27582245172
40577.27582245172
40577.27582245172
40577.27582245172
40577.27582245172
40577.27582245172
40577.27582245172
40577.27582245172
40577.27582245172
40577.27582245172
40577.27582245172
40577.27582245172
40577.27582245172
40577.27582245172
40577.27582245172
40577.27582245172
40577.27582245172
40577.27582245172
40577.27582245172
40577.27582245172
40577.27582245172
40577.27582245172
40577.27582245172
40577.27582245172
40577.27582245172
40577.27582245172
40577.27582245172
40577.27582245172
40577.27582245172
40577.27582245172
40577.27582245172
40577.27582245172
40577.27582245172
40577.27582245172
40577.27582245172
40577.27582245172
40577.27582245172
40577.27582245172
40577.27582245172
40577.27582245172
40577.27582245172
40577.27582245172
40577.27582245172
40577.27582245172
40577.27582245172
40577.27582245172
40577.27582245172
40577.27582245172
40577.27582245172
40577.27582245172
40577.27582245172
40577.27582245172
40577.27582245172
40577.27582245172
40577.27582245172
40577.27582245172
40577.27582245172
40577.27582245172
40577.27582245172
40577.27582245172
40577.27582245172
40577.27582245172
40577.27582245172
40577.27582245172
40577.27582245172
40577.27582245172
40577.27582245172
40577.27582245172
40577.27582245172
40577.27582245172
40577.27582245172
40577.27582245172
40577.27582245172
40577.27582245172
40577.27582245172
40577.27582245172
40577.27582245172
40577.27582245172
40577.27582245172
40577.27582245172
40577.27582245172
40577.27582245172
40577.27582245172
40577.27582245172
40577.27582245172
40577.27582245172
40577.27582245172
40577.27582245172
40577.27582245172
40577.27582245172
40577.27582245172
40577.27582245172
40577.27582245172
40577.27582245172
40577.27582245172
40577.27582245172
40577.27582245172
40577.27582245172
40577.27582245172
40577.27582245172
40577.27582245172
40577.27582245172
40577.27582245172
40577.27582245172
40577.27582245172
40577.27582245172
40577.27582245172
40577.27582245172
40577.27582245172
40577.27582245172
40577.27582245172
40577.27582245172
40577.27582245172
40577.27582245172
40577.27582245172
40577.27582245172
40577.27582245172
40577.27582245172
40577.27582245172
40577.27582245172
40577.27582245172
40577.27582245172
40577.27582245172
40577.27582245172
40577.27582245172
40577.27582245172
40577.27582245172
40577.27582245172
40577.27582245172
40577.27582245172
40577.27582245172
40577.27582245172
40577.27582245172
40577.27582245172
40577.27582245172
50460.075578784024
40577.27582245172
40577.27582245172
40577.27582245172
40577.27582245172
40577.27582245172
40577.27582245172
40577.27582245172
40577.27582245172
40577.27582245172
40577.27582245172
40577.27582245172
40577.27582245172
40577.27582245172
40577.27582245172
40577.27582245172
40577.27582245172
40577.27582245172
40577.27582245172
40577.27582245172
40577.27582245172
40577.27582245172
40577.27582245172
40577.27582245172
40577.27582245172
40577.27582245172
40577.27582245172
40577.27582245172
40577.27582245172
40577.27582245172
40577.27582245172
40577.27582245172
40577.27582245172
40577.27582245172
40577.27582245172
40577.27582245172
40577.27582245172
40577.27582245172
40577.27582245172
40577.27582245172
40577.27582245172
40577.27582245172
40577.27582245172
40577.27582245172
40577.27582245172
40577.27582245172
40577.27582245172
40577.27582245172
40577.27582245172
40577.27582245172
40577.27582245172
40577.27582245172
40577.27582245172
40577.27582245172
40577.27582245172
40577.27582245172
40577.27582245172
40577.27582245172
40577.27582245172
40577.27582245172
40577.27582245172
40577.27582245172
40577.27582245172
40577.27582245172
40577.27582245172
40577.27582245172
40577.27582245172
40577.27582245172
40577.27582245172
40577.27582245172
40577.27582245172
40577.27582245172
40577.27582245172
40577.27582245172
40577.27582245172
40577.27582245172
40577.27582245172
40577.27582245172
40577.27582245172
40577.27582245172
40577.27582245172
40577.27582245172
40577.27582245172
40577.27582245172
40577.27582245172
40577.27582245172
40577.27582245172
40577.27582245172
40577.27582245172
40577.27582245172
40577.27582245172
40577.27582245172
40577.27582245172
40577.27582245172
40577.27582245172
40577.27582245172
40577.27582245172
40577.27582245172
40577.27582245172
40577.27582245172
40577.27582245172
40577.27582245172
40577.27582245172
40577.27582245172
40577.27582245172
40577.27582245172
40577.27582245172
40577.27582245172
40577.27582245172
40577.27582245172
40577.27582245172
40577.27582245172
40577.27582245172
40577.27582245172
40577.27582245172
40577.27582245172
40577.27582245172
40577.27582245172
40577.27582245172
40577.27582245172
40577.27582245172
40577.27582245172
40577.27582245172
40577.27582245172
40577.27582245172
40577.27582245172
40577.27582245172
40577.27582245172
40577.27582245172
40577.27582245172
40577.27582245172
40577.27582245172
40577.27582245172
40577.27582245172
40577.27582245172
40577.27582245172
40577.27582245172
40577.27582245172
40577.27582245172
40577.27582245172
40577.27582245172
40577.27582245172
40577.27582245172
40577.27582245172
40577.27582245172
40577.27582245172
40577.27582245172
40577.27582245172
40577.27582245172
40577.27582245172
40577.27582245172
40577.27582245172
40577.27582245172
40577.27582245172
40577.27582245172
40577.27582245172
40577.27582245172
40577.27582245172
40577.27582245172
40577.27582245172
40577.27582245172
40577.27582245172
40577.27582245172
40577.27582245172
40577.27582245172
40577.27582245172
40577.27582245172
40577.27582245172
40577.27582245172
40577.27582245172
40577.27582245172
40577.27582245172
40577.27582245172
40577.27582245172
40577.27582245172
40577.27582245172
40577.27582245172
40577.27582245172
40577.27582245172
40577.27582245172
40577.27582245172
40577.27582245172
40577.27582245172
40577.27582245172
40577.27582245172
40577.27582245172
40577.27582245172
40577.27582245172
40577.27582245172
40577.27582245172
40577.27582245172
40577.27582245172
40577.27582245172
40577.27582245172
40577.27582245172
40577.27582245172
40577.27582245172
40577.27582245172
40577.27582245172
40577.27582245172
40577.27582245172
40577.27582245172
40577.27582245172
40577.27582245172
40577.27582245172
40577.27582245172
40577.27582245172
40577.27582245172
40577.27582245172
40577.27582245172
40577.27582245172
40577.27582245172
40577.27582245172
40577.27582245172
40577.27582245172
40577.27582245172
40577.27582245172
40577.27582245172
40577.27582245172
40577.27582245172
40577.27582245172
40577.27582245172
40577.27582245172
40577.27582245172
40577.27582245172
40577.27582245172
40577.27582245172
40577.27582245172
40577.27582245172
40577.27582245172
40577.27582245172
40577.27582245172
40577.27582245172
40577.27582245172
40577.27582245172
40577.27582245172
40577.27582245172
40577.27582245172
40577.27582245172
40577.27582245172
40577.27582245172
40577.27582245172
40577.27582245172
40577.27582245172
40577.27582245172
40645.64861786984
40577.27582245172
40577.27582245172
40577.27582245172
40577.27582245172
40577.27582245172
40577.27582245172
40577.27582245172
40577.27582245172
40577.27582245172
40577.27582245172
40577.27582245172
40577.27582245172
40577.27582245172
40577.27582245172
40577.27582245172
40577.27582245172
40577.27582245172
40577.27582245172
40577.27582245172
40577.27582245172
40577.27582245172
40577.27582245172
40577.27582245172
40577.27582245172
40577.27582245172
40577.27582245172
40577.27582245172
40577.27582245172
40577.27582245172
40577.27582245172
40577.27582245172
40577.27582245172
40577.27582245172
40577.27582245172
40577.27582245172
40577.27582245172
40577.27582245172
40577.27582245172
40577.27582245172
40577.27582245172
40577.27582245172
40577.27582245172
40577.27582245172
40577.27582245172
40577.27582245172
40577.27582245172
40577.27582245172
40577.27582245172
48244.53136459829
40577.27582245172
40577.27582245172
40577.27582245172
40577.27582245172
40577.27582245172
40577.27582245172
40577.27582245172
40577.27582245172
40577.27582245172
40577.27582245172
40577.27582245172
40577.27582245172
40577.27582245172
40577.27582245172
40577.27582245172
40577.27582245172
40577.27582245172
40577.27582245172
40577.27582245172
40577.27582245172
40577.27582245172
40577.27582245172
40577.27582245172
40577.27582245172
40577.27582245172
40577.27582245172
40577.27582245172
40577.27582245172
40577.27582245172
40577.27582245172
40577.27582245172
40577.27582245172
40577.27582245172
40577.27582245172
40577.27582245172
40577.27582245172
40577.27582245172
40577.27582245172
40577.27582245172
40577.27582245172
40577.27582245172
40577.27582245172
40577.27582245172
40577.27582245172
40577.27582245172
40577.27582245172
40577.27582245172
40577.27582245172
40577.27582245172
40577.27582245172
40577.27582245172
40577.27582245172
40577.27582245172
40577.27582245172
40577.27582245172
40577.27582245172
40577.27582245172
40577.27582245172
40577.27582245172
40577.27582245172
40577.27582245172
40577.27582245172
40577.27582245172
40577.27582245172
40577.27582245172
40577.27582245172
40577.27582245172
40577.27582245172
40577.27582245172
40577.27582245172
40577.27582245172
40577.27582245172
40577.27582245172
40577.27582245172
40577.27582245172
40577.27582245172
40577.27582245172
40577.27582245172
40577.27582245172
40577.27582245172
40577.27582245172
40577.27582245172
40577.27582245172
40577.27582245172
40577.27582245172
40577.27582245172
40577.27582245172
40577.27582245172
40577.27582245172
40577.27582245172
40577.27582245172
40577.27582245172
40577.27582245172
40577.27582245172
40577.27582245172
40577.27582245172
40577.27582245172
43267.810923763194
40577.27582245172
40577.27582245172
40577.27582245172
40577.27582245172
40577.27582245172
40577.27582245172
40577.27582245172
40577.27582245172
40577.27582245172
40577.27582245172
40577.27582245172
40577.27582245172
40577.27582245172
40577.27582245172
40577.27582245172
40577.27582245172
40577.27582245172
40577.27582245172
40577.27582245172
40577.27582245172
40577.27582245172
40577.27582245172
40577.27582245172
40577.27582245172
40577.27582245172
40577.27582245172
40577.27582245172
40577.27582245172
40577.27582245172
40577.27582245172
40577.27582245172
40577.27582245172
40577.27582245172
40577.27582245172
40577.27582245172
40577.27582245172
40577.27582245172
40577.27582245172
40577.27582245172
40577.27582245172
40577.27582245172
40577.27582245172
40577.27582245172
40577.27582245172
40577.27582245172
40577.27582245172
40577.27582245172
40577.27582245172
40577.27582245172
40577.27582245172
40577.27582245172
40577.27582245172
40577.27582245172
40577.27582245172
40577.27582245172
40577.27582245172
40577.27582245172
40577.27582245172
40577.27582245172
40577.27582245172
40577.27582245172
40577.27582245172
40577.27582245172
40577.27582245172
40577.27582245172
40577.27582245172
40577.27582245172
40577.27582245172
40577.27582245172
40577.27582245172
40577.27582245172
40577.27582245172
40577.27582245172
40577.27582245172
40577.27582245172
40577.27582245172
40577.27582245172
40577.27582245172
40577.27582245172
40577.27582245172
40577.27582245172
40577.27582245172
40577.27582245172
40577.27582245172
40577.27582245172
40577.27582245172
40577.27582245172
40577.27582245172
40577.27582245172
40577.27582245172
40577.27582245172
40577.27582245172
40577.27582245172
40577.27582245172
40577.27582245172
40577.27582245172
40577.27582245172
40577.27582245172
40577.27582245172
40577.27582245172
40577.27582245172
40577.27582245172
40577.27582245172
40577.27582245172
40577.27582245172
40577.27582245172
40577.27582245172
40577.27582245172
40577.27582245172
40577.27582245172
40577.27582245172
40577.27582245172
40577.27582245172
40577.27582245172
40577.27582245172
40577.27582245172
40577.27582245172
40577.27582245172
40577.27582245172
40577.27582245172
40577.27582245172
40577.27582245172
40577.27582245172
40577.27582245172
40577.27582245172
40577.27582245172
40577.27582245172
40577.27582245172
40577.27582245172
40577.27582245172
40577.27582245172
40577.27582245172
40577.27582245172
40577.27582245172
40577.27582245172
40577.27582245172
40577.27582245172
40577.27582245172
40577.27582245172
40577.27582245172
40577.27582245172
40577.27582245172
40577.27582245172
40577.27582245172
40577.27582245172
40577.27582245172
40577.27582245172
40577.27582245172
40577.27582245172
40577.27582245172
40577.27582245172
40577.27582245172
40577.27582245172
40577.27582245172
40577.27582245172
40577.27582245172
40577.27582245172
40577.27582245172
40577.27582245172
40577.27582245172
40577.27582245172
40577.27582245172
40577.27582245172
40577.27582245172
40577.27582245172
40577.27582245172
40577.27582245172
40577.27582245172
40577.27582245172
40577.27582245172
40577.27582245172
40577.27582245172
40577.27582245172
40577.27582245172
40577.27582245172
40577.27582245172
40577.27582245172
40577.27582245172
40577.27582245172
40577.27582245172
40577.27582245172
40577.27582245172
40577.27582245172
40577.27582245172
40577.27582245172
40577.27582245172
40577.27582245172
40577.27582245172
40577.27582245172
40577.27582245172
40577.27582245172
40577.27582245172
40577.27582245172
40577.27582245172
40577.27582245172
40577.27582245172
40577.27582245172
40577.27582245172
40577.27582245172
40577.27582245172
40577.27582245172
40577.27582245172
40577.27582245172
40577.27582245172
40577.27582245172
40577.27582245172
40577.27582245172
40577.27582245172
40577.27582245172
40577.27582245172
40577.27582245172
40577.27582245172
40577.27582245172
40577.27582245172
40577.27582245172
40577.27582245172
40577.27582245172
40577.27582245172
40577.27582245172
40577.27582245172
40577.27582245172
40577.27582245172
40577.27582245172
40577.27582245172
40577.27582245172
40577.27582245172
40577.27582245172
40577.27582245172
40577.27582245172
40577.27582245172
40577.27582245172
40577.27582245172
40577.27582245172
40577.27582245172
40577.27582245172
40577.27582245172
40577.27582245172
40577.27582245172
40577.27582245172
40577.27582245172
40577.27582245172
40577.27582245172
40577.27582245172
40577.27582245172
40577.27582245172
40577.27582245172
40577.27582245172
40577.27582245172
40577.27582245172
40577.27582245172
40577.27582245172
40577.27582245172
40577.27582245172
40577.27582245172
40577.27582245172
40577.27582245172
40577.27582245172
40577.27582245172
40577.27582245172
40577.27582245172
40577.27582245172
40577.27582245172
40577.27582245172
40577.27582245172
40577.27582245172
40577.27582245172
40577.27582245172
40577.27582245172
40577.27582245172
40577.27582245172
40577.27582245172
40577.27582245172
40577.27582245172
40577.27582245172
40577.27582245172
40577.27582245172
40577.27582245172
40577.27582245172
40577.27582245172
40577.27582245172
40577.27582245172
40577.27582245172
40577.27582245172
40577.27582245172
40577.27582245172
40577.27582245172
40577.27582245172
40577.27582245172
40577.27582245172
40577.27582245172
40577.27582245172
40577.27582245172
40577.27582245172
40577.27582245172
40577.27582245172
40577.27582245172
40577.27582245172
40577.27582245172
40577.27582245172
40577.27582245172
40577.27582245172
40577.27582245172
40577.27582245172
40577.27582245172
40577.27582245172
40577.27582245172
40577.27582245172
40577.27582245172
40577.27582245172
40577.27582245172
40577.27582245172
40577.27582245172
40577.27582245172
40577.27582245172
40577.27582245172
40577.27582245172
40577.27582245172
40577.27582245172
40577.27582245172
40577.27582245172
40577.27582245172
40577.27582245172
40577.27582245172
40577.27582245172
40577.27582245172
40577.27582245172
40577.27582245172
40577.27582245172
40577.27582245172
40577.27582245172
40577.27582245172
40577.27582245172
40577.27582245172
40577.27582245172
40577.27582245172
40577.27582245172
40577.27582245172
40577.27582245172
40577.27582245172
40577.27582245172
40577.27582245172
40577.27582245172
40577.27582245172
40577.27582245172
40577.27582245172
40577.27582245172
40577.27582245172
40577.27582245172
40577.27582245172
40577.27582245172
40577.27582245172
40577.27582245172
40577.27582245172
40577.27582245172
40577.27582245172
40577.27582245172
40577.27582245172
40577.27582245172
40577.27582245172
40577.27582245172
40577.27582245172
40577.27582245172
40577.27582245172
40577.27582245172
40577.27582245172
40577.27582245172
40577.27582245172
40577.27582245172
40577.27582245172
40577.27582245172
40577.27582245172
40577.27582245172
40577.27582245172
40577.27582245172
40577.27582245172
40577.27582245172
40577.27582245172
40577.27582245172
40577.27582245172
40577.27582245172
40577.27582245172
40577.27582245172
40577.27582245172
40577.27582245172
40577.27582245172
40577.27582245172
40577.27582245172
40577.27582245172
40577.27582245172
40577.27582245172
40577.27582245172
40577.27582245172
40577.27582245172
40577.27582245172
40577.27582245172
40577.27582245172
40577.27582245172
40577.27582245172
40577.27582245172
40577.27582245172
40577.27582245172
40577.27582245172
40577.27582245172
40577.27582245172
40577.27582245172
40577.27582245172
40577.27582245172
40577.27582245172
40577.27582245172
40577.27582245172
40577.27582245172
40577.27582245172
40577.27582245172
40577.27582245172
40577.27582245172
40577.27582245172
40577.27582245172
40577.27582245172
40577.27582245172
40577.27582245172
40577.27582245172
40577.27582245172
40577.27582245172
40577.27582245172
40577.27582245172
40577.27582245172
40577.27582245172
40577.27582245172
40577.27582245172
40577.27582245172
40577.27582245172
40577.27582245172
40577.27582245172
40577.27582245172
40577.27582245172
40577.27582245172
40577.27582245172
40577.27582245172
40577.27582245172
40577.27582245172
40577.27582245172
40577.27582245172
40577.27582245172
40577.27582245172
40577.27582245172
40577.27582245172
40577.27582245172
40577.27582245172
40577.27582245172
40577.27582245172
40577.27582245172
40577.27582245172
40577.27582245172
40577.27582245172
40577.27582245172
40577.27582245172
40577.27582245172
40577.27582245172
40577.27582245172
40577.27582245172
40577.27582245172
40577.27582245172
40577.27582245172
40577.27582245172
40577.27582245172
40577.27582245172
40577.27582245172
40577.27582245172
40577.27582245172
40577.27582245172
40577.27582245172
40577.27582245172
40577.27582245172
40577.27582245172
40577.27582245172
40577.27582245172
40577.27582245172
40577.27582245172
40577.27582245172
40577.27582245172
40577.27582245172
40577.27582245172
40577.27582245172
40577.27582245172
40577.27582245172
40577.27582245172
40577.27582245172
40577.27582245172
40577.27582245172
40577.27582245172
40577.27582245172
40577.27582245172
40577.27582245172
40577.27582245172
40577.27582245172
40577.27582245172
40577.27582245172
40577.27582245172
40577.27582245172
40577.27582245172
40577.27582245172
40577.27582245172
40577.27582245172
40577.27582245172
40577.27582245172
40577.27582245172
40577.27582245172
40577.27582245172
40577.27582245172
40577.27582245172
40577.27582245172
40577.27582245172
40577.27582245172
40577.27582245172
40577.27582245172
40577.27582245172
40577.27582245172
40577.27582245172
40577.27582245172
40577.27582245172
40577.27582245172
40577.27582245172
40577.27582245172
40577.27582245172
40577.27582245172
40577.27582245172
40577.27582245172
40577.27582245172
40577.27582245172
40577.27582245172
40577.27582245172
40577.27582245172
40577.27582245172
40577.27582245172
40577.27582245172
40577.27582245172
40577.27582245172
40577.27582245172
40577.27582245172
40577.27582245172
40577.27582245172
40577.27582245172
40577.27582245172
40577.27582245172
40577.27582245172
40577.27582245172
40577.27582245172
40577.27582245172
40577.27582245172
40577.27582245172
40577.27582245172
40577.27582245172
40577.27582245172
40577.27582245172
40577.27582245172
40577.27582245172
40577.27582245172
40577.27582245172
40577.27582245172
40577.27582245172
40577.27582245172
40577.27582245172
40577.27582245172
40577.27582245172
40577.27582245172
40577.27582245172
40577.27582245172
40577.27582245172
40577.27582245172
40577.27582245172
40577.27582245172
40577.27582245172
40577.27582245172
40577.27582245172
40577.27582245172
40577.27582245172
40577.27582245172
40577.27582245172
40577.27582245172
40577.27582245172
40577.27582245172
40577.27582245172
40577.27582245172
40577.27582245172
40577.27582245172
40577.27582245172
40577.27582245172
40577.27582245172
40577.27582245172
40577.27582245172
40577.27582245172
40577.27582245172
40577.27582245172
40577.27582245172
40577.27582245172
40577.27582245172
40577.27582245172
40577.27582245172
40577.27582245172
40577.27582245172
40577.27582245172
40577.27582245172
40577.27582245172
40577.27582245172
40577.27582245172
40577.27582245172
40577.27582245172
40577.27582245172
40577.27582245172
40577.27582245172
40577.27582245172
40577.27582245172
40577.27582245172
40577.27582245172
40577.27582245172
40577.27582245172
40577.27582245172
40577.27582245172
40577.27582245172
40577.27582245172
40577.27582245172
40577.27582245172
40577.27582245172
40577.27582245172
40577.27582245172
40577.27582245172
40577.27582245172
40577.27582245172
40577.27582245172
40577.27582245172
40577.27582245172
40577.27582245172
40577.27582245172
40577.27582245172
40577.27582245172
40577.27582245172
40577.27582245172
40577.27582245172
40577.27582245172
40577.27582245172
40577.27582245172
40577.27582245172
40577.27582245172
40577.27582245172
40577.27582245172
40577.27582245172
40577.27582245172
40577.27582245172
40577.27582245172
40577.27582245172
40577.27582245172
40577.27582245172
40577.27582245172
40577.27582245172
40577.27582245172
40577.27582245172
40577.27582245172
40577.27582245172
40577.27582245172
40577.27582245172
40577.27582245172
40577.27582245172
40577.27582245172
40577.27582245172
40577.27582245172
40577.27582245172
40577.27582245172
40577.27582245172
40577.27582245172
40577.27582245172
40577.27582245172
40577.27582245172
40577.27582245172
40577.27582245172
40577.27582245172
40577.27582245172
40577.27582245172
40577.27582245172
40577.27582245172
40577.27582245172
40577.27582245172
40577.27582245172
40577.27582245172
40577.27582245172
40577.27582245172
40577.27582245172
40577.27582245172
40577.27582245172
40577.27582245172
40577.27582245172
40577.27582245172
40577.27582245172
40577.27582245172
40577.27582245172
40577.27582245172
40577.27582245172
40577.27582245172
40577.27582245172
40577.27582245172
40577.27582245172
40577.27582245172
40577.27582245172
40577.27582245172
40577.27582245172
40577.27582245172
40577.27582245172
40577.27582245172
40577.27582245172
40577.27582245172
40577.27582245172
40577.27582245172
40577.27582245172
40577.27582245172
40577.27582245172
40577.27582245172
40577.27582245172
40577.27582245172
40577.27582245172
40577.27582245172
40577.27582245172
40577.27582245172
40577.27582245172
40577.27582245172
40577.27582245172
40577.27582245172
40577.27582245172
40577.27582245172
40577.27582245172
40577.27582245172
40577.27582245172
40577.27582245172
40577.27582245172
40577.27582245172
40577.27582245172
40577.27582245172
40577.27582245172
40577.27582245172
40577.27582245172
40577.27582245172
40577.27582245172
40577.27582245172
40577.27582245172
40577.27582245172
40577.27582245172
40577.27582245172
40577.27582245172
40577.27582245172
40577.27582245172
40577.27582245172
40577.27582245172
40577.27582245172
40577.27582245172
40577.27582245172
40577.27582245172
40577.27582245172
40577.27582245172
40577.27582245172
40577.27582245172
40577.27582245172
40577.27582245172
40577.27582245172
40577.27582245172
40577.27582245172
40577.27582245172
40577.27582245172
40577.27582245172
40577.27582245172
40577.27582245172
40577.27582245172
40577.27582245172
40577.27582245172
40577.27582245172
40577.27582245172
40577.27582245172
40577.27582245172
40577.27582245172
40577.27582245172
40577.27582245172
40577.27582245172
40577.27582245172
40577.27582245172
40577.27582245172
40577.27582245172
40577.27582245172
40577.27582245172
40577.27582245172
40577.27582245172
40577.27582245172
40577.27582245172
40577.27582245172
40577.27582245172
40577.27582245172
40577.27582245172
40577.27582245172
40577.27582245172
40577.27582245172
40577.27582245172
40577.27582245172
40577.27582245172
40577.27582245172
40577.27582245172
40577.27582245172
40577.27582245172
40577.27582245172
40577.27582245172
40577.27582245172
40577.27582245172
40577.27582245172
40577.27582245172
40577.27582245172
40577.27582245172
40577.27582245172
40577.27582245172
40577.27582245172
40577.27582245172
40577.27582245172
40577.27582245172
40577.27582245172
40577.27582245172
40577.27582245172
40577.27582245172
40577.27582245172
40577.27582245172
40577.27582245172
40577.27582245172
40577.27582245172
40577.27582245172
40577.27582245172
40577.27582245172
40577.27582245172
40577.27582245172
40577.27582245172
40577.27582245172
40577.27582245172
40577.27582245172
40577.27582245172
40577.27582245172
40577.27582245172
40577.27582245172
40577.27582245172
40577.27582245172
40577.27582245172
40577.27582245172
40577.27582245172
40577.27582245172
40577.27582245172
40577.27582245172
40577.27582245172
40577.27582245172
40577.27582245172
40577.27582245172
40577.27582245172
40577.27582245172
40577.27582245172
40577.27582245172
40577.27582245172
40577.27582245172
40577.27582245172
40577.27582245172
40577.27582245172
40577.27582245172
40577.27582245172
40577.27582245172
40577.27582245172
40577.27582245172
40577.27582245172
40577.27582245172
40577.27582245172
40577.27582245172
40577.27582245172
40577.27582245172
40577.27582245172
40577.27582245172
40577.27582245172
40577.27582245172
40577.27582245172
40577.27582245172
40577.27582245172
40577.27582245172
40577.27582245172
40577.27582245172
40577.27582245172
40577.27582245172
40577.27582245172
40577.27582245172
40577.27582245172
40577.27582245172
40577.27582245172
40577.27582245172
40577.27582245172
40577.27582245172
40577.27582245172
40577.27582245172
40577.27582245172
40577.27582245172
40577.27582245172
40577.27582245172
40577.27582245172
40577.27582245172
40577.27582245172
40577.27582245172
40577.27582245172
40577.27582245172
40577.27582245172
40577.27582245172
40577.27582245172
40577.27582245172
40577.27582245172
40577.27582245172
40577.27582245172
40577.27582245172
40577.27582245172
40577.27582245172
40577.27582245172
40577.27582245172
40577.27582245172
40577.27582245172
40577.27582245172
40577.27582245172
40577.27582245172
40577.27582245172
40577.27582245172
40577.27582245172
40577.27582245172
40577.27582245172
40577.27582245172
40577.27582245172
40577.27582245172
40577.27582245172
40577.27582245172
40577.27582245172
40577.27582245172
40577.27582245172
40577.27582245172
40577.27582245172
40577.27582245172
40577.27582245172
40577.27582245172
40577.27582245172
40577.27582245172
40577.27582245172
40577.27582245172
40577.27582245172
40577.27582245172
40577.27582245172
40577.27582245172
40577.27582245172
40577.27582245172
40577.27582245172
40577.27582245172
40577.27582245172
40577.27582245172
40577.27582245172
40577.27582245172
40577.27582245172
40577.27582245172
40577.27582245172
40577.27582245172
40577.27582245172
40577.27582245172
40577.27582245172
40577.27582245172
40577.27582245172
40577.27582245172
40577.27582245172
40577.27582245172
40577.27582245172
40577.27582245172
40577.27582245172
40577.27582245172
40577.27582245172
40577.27582245172
40577.27582245172
40577.27582245172
40577.27582245172
40577.27582245172
40577.27582245172
40577.27582245172
40577.27582245172
40577.27582245172
40577.27582245172
40577.27582245172
40577.27582245172
40577.27582245172
40577.27582245172
40577.27582245172
40577.27582245172
40577.27582245172
40577.27582245172
40577.27582245172
40577.27582245172
40577.27582245172
40577.27582245172
40577.27582245172
40577.27582245172
40577.27582245172
40577.27582245172
40577.27582245172
40577.27582245172
40577.27582245172
40577.27582245172
40577.27582245172
40577.27582245172
40577.27582245172
40577.27582245172
40577.27582245172
40577.27582245172
40577.27582245172
40577.27582245172
40577.27582245172
40577.27582245172
40577.27582245172
40577.27582245172
40577.27582245172
40577.27582245172
40577.27582245172
40577.27582245172
40577.27582245172
40577.27582245172
40577.27582245172
40577.27582245172
40577.27582245172
40577.27582245172
40577.27582245172
40577.27582245172
40577.27582245172
40577.27582245172
40577.27582245172
40577.27582245172
40577.27582245172
40577.27582245172
40577.27582245172
40577.27582245172
40577.27582245172
40577.27582245172
40577.27582245172
40577.27582245172
40577.27582245172
40577.27582245172
40577.27582245172
40577.27582245172
40577.27582245172
40577.27582245172
40577.27582245172
40577.27582245172
40577.27582245172
40577.27582245172
40577.27582245172
40577.27582245172
40577.27582245172
40577.27582245172
40577.27582245172
40577.27582245172
40577.27582245172
40577.27582245172
40577.27582245172
40577.27582245172
40577.27582245172
40577.27582245172
40577.27582245172
40577.27582245172
40577.27582245172
40577.27582245172
40577.27582245172
40577.27582245172
40577.27582245172
40577.27582245172
40577.27582245172
40577.27582245172
40577.27582245172
40577.27582245172
40577.27582245172
40577.27582245172
40577.27582245172
40577.27582245172
40577.27582245172
40577.27582245172
40577.27582245172
40577.27582245172
40577.27582245172
40577.27582245172
40577.27582245172
40577.27582245172
40577.27582245172
40577.27582245172
40577.27582245172
40577.27582245172
40577.27582245172
40577.27582245172
40577.27582245172
40577.27582245172
40577.27582245172
40577.27582245172
40577.27582245172
40577.27582245172
40577.27582245172
40577.27582245172
40577.27582245172
40577.27582245172
40577.27582245172
40577.27582245172
40577.27582245172
40577.27582245172
40577.27582245172
40577.27582245172
40577.27582245172
40577.27582245172
40577.27582245172
40577.27582245172
40577.27582245172
40577.27582245172
40577.27582245172
40577.27582245172
40577.27582245172
40577.27582245172
40577.27582245172
40577.27582245172
40577.27582245172
40577.27582245172
40577.27582245172
40577.27582245172
40577.27582245172
40577.27582245172
40577.27582245172
40577.27582245172
40577.27582245172
40577.27582245172
40577.27582245172
40577.27582245172
40577.27582245172
40577.27582245172
40577.27582245172
40577.27582245172
40577.27582245172
40577.27582245172
40577.27582245172
40577.27582245172
40577.27582245172
40577.27582245172
40577.27582245172
40577.27582245172
40577.27582245172
40577.27582245172
40577.27582245172
40577.27582245172
40577.27582245172
40577.27582245172
40577.27582245172
40577.27582245172
40577.27582245172
40577.27582245172
40577.27582245172
40577.27582245172
40577.27582245172
40577.27582245172
40577.27582245172
40577.27582245172
40577.27582245172
40577.27582245172
40577.27582245172
40577.27582245172
40577.27582245172
40577.27582245172
40577.27582245172
40577.27582245172
40577.27582245172
40577.27582245172
40577.27582245172
40577.27582245172
40577.27582245172
40577.27582245172
40577.27582245172
40577.27582245172
40577.27582245172
40577.27582245172
40577.27582245172
40577.27582245172
40577.27582245172
40577.27582245172
40577.27582245172
40577.27582245172
40577.27582245172
40577.27582245172
40577.27582245172
40577.27582245172
40577.27582245172
40577.27582245172
40577.27582245172
40577.27582245172
40577.27582245172
40577.27582245172
40577.27582245172
40577.27582245172
40577.27582245172
40577.27582245172
40577.27582245172
40577.27582245172
40577.27582245172
40577.27582245172
40577.27582245172
40577.27582245172
40577.27582245172
40577.27582245172
40577.27582245172
40577.27582245172
40577.27582245172
40577.27582245172
40577.27582245172
40577.27582245172
40577.27582245172
40577.27582245172
40577.27582245172
40577.27582245172
40577.27582245172
40577.27582245172
40577.27582245172
40577.27582245172
40577.27582245172
40577.27582245172
40577.27582245172
40577.27582245172
40577.27582245172
40577.27582245172
40577.27582245172
40577.27582245172
40577.27582245172
40577.27582245172
40577.27582245172
40577.27582245172
40577.27582245172
40577.27582245172
40577.27582245172
40577.27582245172
40577.27582245172
40577.27582245172
40577.27582245172
40577.27582245172
40577.27582245172
40577.27582245172
40577.27582245172
40577.27582245172
40577.27582245172
40577.27582245172
40577.27582245172
40577.27582245172
40577.27582245172
40577.27582245172
40577.27582245172
40577.27582245172
40577.27582245172
40577.27582245172
40577.27582245172
40577.27582245172
40577.27582245172
40577.27582245172
40577.27582245172
40577.27582245172
40577.27582245172
40577.27582245172
40577.27582245172
40577.27582245172
40577.27582245172
40577.27582245172
40577.27582245172
40577.27582245172
40577.27582245172
40577.27582245172
40577.27582245172
40577.27582245172
40577.27582245172
40577.27582245172
40577.27582245172
40577.27582245172
40577.27582245172
40577.27582245172
40577.27582245172
40577.27582245172
40577.27582245172
40577.27582245172
40577.27582245172
40577.27582245172
40577.27582245172
40577.27582245172
40577.27582245172
40577.27582245172
40577.27582245172
40577.27582245172
40577.27582245172
40577.27582245172
40577.27582245172
40577.27582245172
40577.27582245172
40577.27582245172
40577.27582245172
40577.27582245172
40577.27582245172
40577.27582245172
40577.27582245172
40577.27582245172
40577.27582245172
40577.27582245172
40577.27582245172
40577.27582245172
40577.27582245172
40577.27582245172
40577.27582245172
40577.27582245172
40577.27582245172
40577.27582245172
40577.27582245172
40577.27582245172
40577.27582245172
40577.27582245172
40577.27582245172
40577.27582245172
40577.27582245172
40577.27582245172
40577.27582245172
40577.27582245172
40577.27582245172
40577.27582245172
40577.27582245172
40577.27582245172
40577.27582245172
40577.27582245172
40577.27582245172
40577.27582245172
40577.27582245172
40577.27582245172
40577.27582245172
40577.27582245172
40577.27582245172
40577.27582245172
40577.27582245172
40577.27582245172
40577.27582245172
40577.27582245172
40577.27582245172
40577.27582245172
40577.27582245172
40577.27582245172
40577.27582245172
40577.27582245172
40577.27582245172
40577.27582245172
40577.27582245172
40577.27582245172
40577.27582245172
40577.27582245172
40577.27582245172
40577.27582245172
40577.27582245172
40577.27582245172
40577.27582245172
40577.27582245172
40577.27582245172
40577.27582245172
40577.27582245172
40577.27582245172
40577.27582245172
40577.27582245172
40577.27582245172
40577.27582245172
40577.27582245172
40577.27582245172
40577.27582245172
40577.27582245172
40577.27582245172
40577.27582245172
40577.27582245172
40577.27582245172
40577.27582245172
40577.27582245172
40577.27582245172
40577.27582245172
40577.27582245172
40577.27582245172
40577.27582245172
40577.27582245172
40577.27582245172
40577.27582245172
40577.27582245172
40577.27582245172
40577.27582245172
40577.27582245172
40577.27582245172
40577.27582245172
40577.27582245172
40577.27582245172
40577.27582245172
40577.27582245172
40577.27582245172
40577.27582245172
40577.27582245172
40577.27582245172
40577.27582245172
40577.27582245172
40577.27582245172
40577.27582245172
40577.27582245172
40577.27582245172
40577.27582245172
40577.27582245172
40577.27582245172
40577.27582245172
40577.27582245172
40577.27582245172
40577.27582245172
40577.27582245172
40577.27582245172
40577.27582245172
40577.27582245172
40577.27582245172
40577.27582245172
40577.27582245172
40577.27582245172
40577.27582245172
40577.27582245172
40577.27582245172
40577.27582245172
40577.27582245172
40577.27582245172
40577.27582245172
40577.27582245172
40577.27582245172
40577.27582245172
40577.27582245172
40577.27582245172
40577.27582245172
40577.27582245172
40577.27582245172
40577.27582245172
40577.27582245172
40577.27582245172
40577.27582245172
40577.27582245172
40577.27582245172
40577.27582245172
40577.27582245172
40577.27582245172
40577.27582245172
40577.27582245172
40577.27582245172
40577.27582245172
40577.27582245172
40577.27582245172
40577.27582245172
40577.27582245172
40577.27582245172
40577.27582245172
40577.27582245172
40577.27582245172
40577.27582245172
40577.27582245172
40577.27582245172
40577.27582245172
40577.27582245172
40577.27582245172
40577.27582245172
40577.27582245172
40577.27582245172
40577.27582245172
40577.27582245172
40577.27582245172
40577.27582245172
40577.27582245172
40577.27582245172
40577.27582245172
40577.27582245172
40577.27582245172
40577.27582245172
40577.27582245172
40577.27582245172
40577.27582245172
40577.27582245172
40577.27582245172
40577.27582245172
40577.27582245172
40577.27582245172
40577.27582245172
40577.27582245172
40577.27582245172
40577.27582245172
40577.27582245172
40577.27582245172
40577.27582245172
40577.27582245172
40577.27582245172
40577.27582245172
40577.27582245172
40577.27582245172
40577.27582245172
40577.27582245172
40577.27582245172
40577.27582245172
40577.27582245172
40577.27582245172
40577.27582245172
40577.27582245172
40577.27582245172
40577.27582245172
40577.27582245172
40577.27582245172
40577.27582245172
40577.27582245172
40577.27582245172
40577.27582245172
40577.27582245172
40577.27582245172
40577.27582245172
40577.27582245172
40577.27582245172
40577.27582245172
40577.27582245172
40577.27582245172
40577.27582245172
40577.27582245172
40577.27582245172
40577.27582245172
40577.27582245172
40577.27582245172
40577.27582245172
40577.27582245172
40577.27582245172
40577.27582245172
40577.27582245172
40577.27582245172
40577.27582245172
40577.27582245172
40577.27582245172
40577.27582245172
40577.27582245172
40577.27582245172
40577.27582245172
40577.27582245172
40577.27582245172
40577.27582245172
40577.27582245172
40577.27582245172
40577.27582245172
40577.27582245172
40577.27582245172
40577.27582245172
40577.27582245172
40577.27582245172
40577.27582245172
40577.27582245172
40577.27582245172
40577.27582245172
40577.27582245172
40577.27582245172
40577.27582245172
40577.27582245172
40577.27582245172
40577.27582245172
40577.27582245172
40577.27582245172
40577.27582245172
40577.27582245172
40577.27582245172
40577.27582245172
40577.27582245172
40577.27582245172
40577.27582245172
40577.27582245172
40577.27582245172
40577.27582245172
40577.27582245172
40577.27582245172
40577.27582245172
40577.27582245172
40577.27582245172
40577.27582245172
40577.27582245172
40577.27582245172
40577.27582245172
40577.27582245172
40577.27582245172
40577.27582245172
40577.27582245172
40577.27582245172
40577.27582245172
40577.27582245172
40577.27582245172
40577.27582245172
40577.27582245172
40577.27582245172
40577.27582245172
40577.27582245172
40577.27582245172
40577.27582245172
40577.27582245172
40577.27582245172
40577.27582245172
40577.27582245172
40577.27582245172
40577.27582245172
40577.27582245172
40577.27582245172
40577.27582245172
40577.27582245172
40577.27582245172
40577.27582245172
40577.27582245172
40577.27582245172
40577.27582245172
40577.27582245172
40577.27582245172
40577.27582245172
40577.27582245172
40577.27582245172
40577.27582245172
40577.27582245172
40577.27582245172
40577.27582245172
40577.27582245172
40577.27582245172
