42.52
36
154798.5431717768
162710.0323750653
164409.10242641752
133898.4740471193
163059.93607248503
159345.14867543668
167597.33420478558
157959.2069641308
166887.6703956645
173016.2520805773
165884.58690967335
159041.49119301204
145919.1643490683
149086.0966817804
180140.98072067086
171273.98633498
156639.1334349537
156510.76386257136
140618.93754424894
153977.7990617472
155230.56740907778
147149.50039845268
135937.32331441436
156591.62373682816
137171.26918438572
146477.74653699688
157241.2390344532
156671.81314215861
148368.13508118608
160727.0222285224
147858.28589756013
162935.12478845546
163060.35534552005
146766.83508785418
165948.9903829223
161480.69807193888
119952.98168311005
135786.72617607983
146049.51679311873
141534.48046752368
119952.98168311005
117285.33695641032
116724.26197531458
147030.42044837453
116791.68394317804
146410.96445042227
150613.00504051114
146659.3802135918
136868.90087664349
127128.3742222072
119952.98168311005
156144.15891914634
155822.32858407922
141105.3216089319
136242.3544754268
127856.67968980924
133415.84581354586
133154.79698987148
119952.98168311005
122621.96181975189
134121.5076944552
126198.33611117727
130483.61243875709
132186.22922881547
117029.11644760559
128299.08365779399
144147.72976760752
119469.65074147249
144442.51896322353
138040.81855074962
133013.9005994182
151006.82111165184
119952.98168311005
103775.5040665618
123296.72341709373
129555.33781565186
127038.19027508817
109422.6551306491
109921.20226674949
103775.5040665618
129551.09839866441
106446.28341919549
133419.22775405264
99110.69002806883
129650.68042595088
99110.69002806883
110607.39322817241
111789.6961517946
137911.88434288232
141193.0096688791
133403.69042666064
119405.00907776685
117265.78618880844
99110.69002806883
116926.19793321176
111789.6961517946
122621.96181975189
97383.52031131987
117721.15080589047
125081.82218477827
99110.69002806883
108255.50124285283
113746.01239389055
129253.84960371305
109479.09531633533
99110.69002806883
127952.66909256898
120824.36199201005
137850.5728453356
118494.2213255112
88408.00361011522
112181.30280759132
94150.65140450421
113279.33954894384
94150.65140450421
103256.72722183773
94150.65140450421
115029.63210820862
100553.8821263101
93604.53167810758
93557.68542369409
94150.65140450421
93557.68542369409
103945.50063352945
94150.65140450421
125310.34513694988
126323.86189991457
93604.53167810758
107100.00816777592
93604.53167810758
93557.68542369409
107721.25641058412
104763.32890086676
108559.6819757938
88408.00361011522
110006.0094487711
115382.74858123256
90149.88788267392
99948.20429253542
104678.13577169334
118007.27806704857
88408.00361011524
93557.68542369409
88408.00361011524
110356.3171752883
88408.00361011524
88408.00361011524
83862.90554186264
104299.25034909628
88597.64680012946
103732.30456416134
88292.77869217143
97472.08824254252
88408.00361011524
88408.00361011524
95080.88796900191
88051.52707373284
88408.00361011524
88597.64680012946
88623.76928275856
97187.91977412505
88408.00361011524
114953.87121601551
117107.2150870634
88044.02809978437
100491.11212205244
88051.52707373284
83698.53496478318
101241.09861384908
94837.15180314591
99104.90031514181
83862.90554186264
102897.12618413524
83862.90554186264
83862.90554186264
94332.75646416884
83862.90554186264
106714.41856777662
83862.90554186264
88623.76928275856
83862.90554186264
102939.15400793692
83862.90554186264
83862.90554186264
83698.53496478316
95638.60670847342
83663.73065919393
96984.13418506895
79323.85582011948
92967.60356067248
83862.90554186264
81971.60113225167
83698.53496478316
83117.61093279731
83862.90554186264
81971.60113225167
83698.53496478316
91274.18323674626
83862.90554186264
83698.53496478316
104403.09161846607
78908.23543001291
93920.14930712583
81722.8505398646
83698.53496478316
83698.53496478316
90141.89639728083
83698.53496478316
80643.50106697253
93718.13256755116
80643.50106697253
81978.71855000057
88779.75185979408
80643.50106697253
83698.53496478316
80643.50106697253
83025.98532465126
80643.50106697253
83698.53496478316
80643.50106697253
80643.50106697253
78531.87787584477
88300.51847294215
80428.82325389101
78908.23543001291
76088.94841481655
88497.08455928676
78908.23543001291
78908.23543001291
78908.23543001291
78908.23543001291
80643.50106697253
78736.69372694872
80463.62755948023
78908.23543001291
80643.50106697253
80463.62755948023
95694.79979900892
78531.87787584477
87711.47605492274
76050.48392272397
78004.11219198484
78004.11219198484
78531.87787584477
78423.30789799958
75677.6720514014
87684.70327619309
77713.27109649389
78743.81114469763
84962.59683821275
76276.94247523588
80463.62755948023
75677.6720514014
78702.04822431377
75677.6720514014
80463.62755948023
77713.27109649389
77713.27109649389
70656.52666758734
74383.04184011172
75677.67205140139
75677.67205140139
75677.67205140139
84365.9739393864
75673.32802470998
75673.32802470998
75673.32802470998
75673.32802470998
77713.27109649389
75225.72022869124
75677.67205140139
75673.32802470998
77713.27109649389
76139.69045914274
90321.76303198414
74479.37277235804
75677.67205140139
72815.57651742104
75677.67205140139
75677.67205140139
74479.37277235804
75677.67205140139
70656.52666758734
70656.52666758734
75706.52380200733
70656.52666758734
70656.52666758734
70656.52666758734
76139.69045914274
71049.05751623963
76213.09600422304
70479.3954523469
76139.69045914274
70656.52666758734
70656.52666758734
70453.70660656746
69020.67931289715
71049.05751623961
73989.81641203513
70479.3954523469
70479.3954523469
70479.3954523469
70479.3954523469
72820.41770569744
70479.3954523469
70479.3954523469
70479.3954523469
70479.3954523469
70479.3954523469
70479.3954523469
70479.3954523469
70479.3954523469
71244.46536705512
70479.3954523469
72815.57651742104
71049.05751623961
71049.05751623961
70479.3954523469
70479.3954523469
67712.72380034172
67712.72380034172
70479.3954523469
68578.653809487
70479.3954523469
68578.653809487
70479.3954523469
70479.3954523469
70479.3954523469
70453.70660656746
71557.17580342853
70344.0189599952
70344.0189599952
65651.07373359035
62396.715948141005
68971.18465813927
67712.72380034172
68401.52259424658
67712.72380034172
68401.52259424658
60927.211361378664
67712.72380034172
68401.52259424658
68401.52259424658
67712.72380034172
67712.72380034172
68401.52259424658
67712.72380034172
68401.52259424658
67712.72380034172
66135.35106164933
68401.52259424658
67712.72380034172
68971.18465813927
68971.18465813927
67712.72380034172
68401.52259424658
65651.07373359035
64251.21328940922
67582.83263832684
65617.56009358566
68401.52259424658
65617.56009358566
68401.52259424658
65617.56009358566
68401.52259424658
65617.56009358566
65617.56009358566
65617.56009358566
65617.56009358566
59141.17711037449
60927.211361378664
60927.211361378664
60927.211361378664
66615.48834324241
60927.211361378664
60927.211361378664
59141.17711037449
65926.68954933755
59141.1771103745
59141.1771103745
59141.1771103745
59141.1771103745
59141.1771103745
59141.1771103745
59141.1771103745
59141.1771103745
64320.35240588145
66615.48834324241
59141.1771103745
59141.1771103745
59141.1771103745
59141.1771103745
59141.1771103745
59141.1771103745
59141.1771103745
67503.41058609795
59141.1771103745
61131.97862658531
59141.1771103745
59141.1771103745
63917.14587081097
66615.48834324241
65617.56009358566
63917.14587081097
59141.1771103745
59141.1771103745
57440.76288759979
59141.1771103745
59141.1771103745
59141.1771103745
59141.1771103745
59141.1771103745
59141.1771103745
57440.76288759979
57440.7628875998
57440.7628875998
57440.7628875998
57440.7628875998
57440.7628875998
57440.7628875998
59141.1771103745
57440.7628875998
57440.7628875998
63047.9199954357
64915.0741204677
57440.7628875998
57440.7628875998
57440.7628875998
57440.7628875998
57440.7628875998
57440.7628875998
57440.7628875998
67503.41058609795
57440.7628875998
59141.1771103745
57440.7628875998
57440.7628875998
57440.7628875998
64915.0741204677
57440.7628875998
57440.7628875998
57440.7628875998
57440.7628875998
56558.73648151348
57440.7628875998
57440.7628875998
57440.7628875998
57440.7628875998
57440.7628875998
57440.7628875998
56558.73648151348
56558.736481513486
56558.736481513486
57440.7628875998
56558.736481513486
56558.736481513486
56558.736481513486
56558.736481513486
56558.736481513486
56558.736481513486
56558.736481513486
56558.736481513486
56558.736481513486
56558.736481513486
56558.736481513486
56558.736481513486
56558.736481513486
56558.736481513486
56558.736481513486
57440.7628875998
56558.736481513486
59141.1771103745
56558.736481513486
56558.736481513486
56558.736481513486
63521.76272640345
56558.736481513486
56558.736481513486
57440.7628875998
56558.736481513486
56558.73648151348
56558.736481513486
56558.736481513486
56558.736481513486
56558.736481513486
56558.736481513486
56558.736481513486
56558.73648151348
56558.736481513486
56558.73648151348
56558.736481513486
56558.73648151348
56558.736481513486
55794.522136611784
55794.522136611784
55794.522136611784
55794.522136611784
56558.736481513486
55794.522136611784
55794.522136611784
56558.736481513486
56558.736481513486
55794.522136611784
56558.736481513486
56558.736481513486
56558.73648151348
56558.736481513486
55794.522136611784
56558.736481513486
55794.522136611784
55794.522136611784
55794.522136611784
56558.736481513486
55794.522136611784
55794.522136611784
56558.736481513486
55794.522136611784
55147.230216576325
55794.522136611784
55794.522136611784
55794.522136611784
55794.522136611784
55794.522136611784
55794.522136611784
55794.52213661178
55794.522136611784
55794.522136611784
55794.522136611784
55794.522136611784
55794.522136611784
55147.230216576325
55147.230216576325
55147.230216576325
55147.230216576325
55147.230216576325
55147.230216576325
55147.230216576325
55794.522136611784
55147.230216576325
55147.230216576325
55147.230216576325
55147.230216576325
55147.230216576325
55147.230216576325
55147.230216576325
55147.230216576325
55147.230216576325
55147.230216576325
55147.230216576325
55794.522136611784
55147.230216576325
55147.230216576325
55147.230216576325
55147.230216576325
54589.28369390224
55147.230216576325
55147.230216576325
55147.230216576325
55147.230216576325
55147.230216576325
55147.230216576325
55147.230216576325
55147.230216576325
55147.230216576325
55147.230216576325
55147.230216576325
55147.230216576325
54589.28369390224
54589.28369390224
55147.230216576325
54589.28369390224
54589.28369390224
55147.230216576325
54589.28369390224
54589.28369390224
54589.28369390224
54589.28369390224
54589.28369390224
54589.28369390224
54589.28369390224
54589.28369390224
54589.28369390224
54589.28369390224
54589.28369390224
54589.28369390224
54589.28369390224
54589.28369390224
54589.28369390224
54589.28369390224
54589.28369390224
54589.28369390224
53445.23257221715
54589.28369390224
54589.28369390224
54589.28369390224
54589.28369390224
54589.28369390224
54589.28369390224
54589.28369390224
54589.28369390224
54589.28369390224
54589.28369390224
54589.28369390224
54589.28369390224
53445.23257221715
53445.23257221715
53445.23257221715
53445.23257221715
53445.23257221715
53445.23257221715
53445.23257221715
53445.23257221715
53445.23257221715
53445.23257221715
53445.23257221715
53445.23257221715
53445.23257221715
53445.23257221715
53445.23257221715
54589.28369390224
53445.23257221715
53445.23257221715
53445.23257221715
53445.23257221715
53445.23257221715
53445.23257221715
53445.23257221715
53445.23257221715
53445.23257221715
53445.23257221715
53445.23257221715
53445.23257221715
53445.23257221715
53445.23257221715
53445.23257221715
53445.23257221715
53445.23257221715
53445.23257221715
53445.23257221715
53445.23257221715
53445.23257221715
53445.23257221715
53445.23257221715
53445.23257221715
53445.23257221715
53445.23257221715
53445.23257221715
53445.23257221715
50999.17669960747
50999.17669960747
50999.17669960747
50999.17669960747
53445.23257221715
50999.17669960747
53445.23257221715
53445.23257221715
53445.23257221715
50999.17669960747
53445.23257221715
50999.17669960747
50999.17669960747
53445.23257221715
53445.23257221715
53445.23257221715
50999.17669960747
50999.17669960747
50999.17669960747
50999.17669960747
50999.17669960747
50999.17669960747
50999.17669960747
50999.17669960747
53445.23257221715
50999.17669960747
50999.17669960747
50999.17669960747
50999.17669960747
50999.17669960747
50999.17669960747
50999.17669960747
50999.17669960747
50999.17669960747
50999.17669960747
50999.17669960747
50999.17669960747
50999.17669960747
50276.699098146404
50999.17669960747
50276.699098146404
50999.17669960747
50999.17669960747
50999.17669960747
50999.17669960747
50999.17669960747
50276.699098146404
50999.17669960747
50276.699098146404
50999.17669960747
50999.17669960747
50999.17669960747
50999.17669960747
50999.17669960747
50276.699098146404
50276.699098146404
50276.699098146404
50276.699098146404
50276.699098146404
50276.699098146404
50276.699098146404
50276.699098146404
50276.699098146404
50276.699098146404
50276.699098146404
50276.699098146404
50276.699098146404
50276.699098146404
50276.699098146404
50276.699098146404
50276.699098146404
50276.699098146404
50276.699098146404
50276.699098146404
50276.699098146404
50276.699098146404
50276.699098146404
50276.699098146404
50276.699098146404
50276.699098146404
50276.699098146404
50276.699098146404
50276.699098146404
50276.699098146404
50276.699098146404
49743.30824029036
50276.699098146404
50276.699098146404
50276.699098146404
50276.699098146404
50276.699098146404
49743.30824029036
49743.30824029036
49743.30824029036
49743.30824029036
49743.30824029036
49743.30824029036
49743.30824029036
49743.30824029036
49743.30824029036
49743.30824029036
49743.30824029036
49743.30824029036
49743.30824029036
49743.30824029036
49743.30824029036
49743.30824029036
49743.30824029036
49743.30824029036
49743.30824029036
49743.30824029036
49743.30824029036
49743.30824029036
49743.30824029036
50276.699098146404
49743.30824029036
49743.30824029036
49743.30824029036
49743.30824029036
49743.30824029036
49743.30824029036
49743.30824029036
49743.30824029036
49743.30824029036
49743.30824029036
49743.30824029036
49743.30824029036
49743.30824029036
49743.30824029036
48687.17515396625
48687.17515396625
48687.17515396625
49743.30824029036
49743.30824029036
49743.30824029036
48687.17515396625
49743.30824029036
49743.30824029036
48687.17515396625
49743.30824029036
49743.30824029036
48687.17515396625
49743.30824029036
48687.17515396625
48687.17515396625
49743.30824029036
49743.30824029036
49743.30824029036
49743.30824029036
49743.30824029036
48687.17515396625
49743.30824029036
48687.17515396625
48687.17515396625
49743.30824029036
48687.17515396625
48687.17515396625
49743.30824029036
48687.17515396625
49743.30824029036
49743.30824029036
48687.17515396625
48687.17515396625
49743.30824029036
49743.30824029036
48231.42810824856
48231.42810824856
48231.42810824856
48231.42810824856
48231.42810824856
48231.42810824856
48231.42810824856
48231.42810824856
48231.42810824856
48231.42810824856
48231.42810824856
49743.30824029036
49743.30824029036
48231.42810824856
48231.42810824856
48231.42810824856
48231.42810824856
48231.42810824856
48687.17515396625
48231.42810824856
48231.42810824856
48231.42810824856
48231.42810824856
48231.42810824856
48231.42810824856
48231.42810824856
48231.42810824856
48687.17515396625
48231.42810824856
48231.42810824856
48231.42810824856
48231.42810824856
48231.42810824856
48231.42810824856
48231.42810824856
48231.42810824856
48231.42810824856
48231.42810824856
48231.42810824856
48231.42810824856
48231.42810824856
48231.42810824856
48231.42810824856
47789.543005182204
48231.42810824856
48231.42810824856
47789.543005182204
47789.543005182204
48231.42810824856
48231.42810824856
48231.42810824856
48231.42810824856
48231.42810824856
48231.42810824856
47789.543005182204
48231.42810824856
48231.42810824856
48231.42810824856
48231.42810824856
48231.42810824856
47789.543005182204
47789.543005182204
48231.42810824856
48231.42810824856
48687.17515396625
48231.42810824856
48231.42810824856
47789.543005182204
48231.42810824856
48231.42810824856
47789.543005182204
48231.42810824856
48231.42810824856
48231.42810824856
47789.543005182204
47789.54300518221
47789.543005182204
48231.42810824856
47789.54300518221
47789.54300518221
47789.543005182204
47789.54300518221
47789.54300518221
46871.84820910524
47789.543005182204
47789.54300518221
47789.54300518221
47789.54300518221
47789.54300518221
47789.54300518221
47789.54300518221
47789.543005182204
47789.54300518221
47789.54300518221
47789.543005182204
47789.543005182204
47789.54300518221
47789.543005182204
47789.543005182204
47789.54300518221
47789.54300518221
47789.54300518221
48231.42810824856
47789.543005182204
46871.84820910524
48231.42810824856
47789.54300518221
47789.543005182204
47789.54300518221
47789.54300518221
47789.54300518221
46871.84820910524
46871.84820910525
46871.84820910525
46871.84820910525
46871.84820910525
46871.84820910525
46871.84820910525
46871.84820910525
46871.84820910525
46871.84820910524
46871.84820910525
46871.84820910525
46871.84820910525
46871.84820910525
46871.84820910525
46871.84820910525
46871.84820910525
46871.84820910525
46871.84820910525
46871.84820910525
46871.84820910524
46871.84820910524
46871.84820910525
46871.84820910525
46871.84820910525
46871.84820910525
46871.84820910525
46871.84820910525
48231.42810824856
46871.84820910524
46871.84820910524
46871.84820910525
46871.84820910525
46871.84820910524
46871.84820910525
46871.84820910525
46871.84820910525
46871.84820910524
46016.56032331611
46871.84820910525
46871.84820910524
46016.56032331611
46871.84820910524
46871.84820910525
46871.84820910525
46871.84820910525
46871.84820910524
46871.84820910525
46871.84820910524
46871.84820910525
46016.56032331611
46871.84820910525
46016.56032331611
46871.84820910525
46871.84820910525
46871.84820910525
46871.84820910525
46871.84820910524
46871.84820910524
46016.56032331611
46871.84820910525
46016.56032331611
46871.84820910525
46871.84820910525
46871.84820910525
48231.42810824856
46871.84820910524
46871.84820910524
46016.56032331611
46016.56032331611
46871.84820910524
46871.84820910525
46871.84820910525
46871.84820910525
46016.56032331611
46016.56032331611
46016.56032331611
46016.56032331611
46016.56032331611
46016.56032331611
46016.56032331611
46016.56032331611
46016.56032331611
46016.56032331611
46016.56032331611
46016.56032331611
46016.56032331611
46016.56032331611
46871.84820910525
46016.56032331611
46016.56032331611
46016.56032331611
46016.56032331611
46871.84820910525
46016.56032331611
46016.56032331611
46016.56032331611
46016.56032331611
46016.56032331611
46016.56032331611
46016.56032331611
46016.56032331611
46016.56032331611
46016.56032331611
46016.56032331611
46016.56032331611
45430.73102983199
46016.56032331611
46016.56032331611
46016.56032331611
46016.56032331611
45430.73102983199
45430.73102983199
45430.73102983199
45430.73102983199
45430.73102983199
45430.73102983199
45430.73102983199
45430.73102983199
45430.73102983199
45430.73102983199
45430.73102983199
45430.73102983199
45430.73102983199
45430.73102983199
45430.73102983199
45430.73102983199
45430.73102983199
45430.73102983199
45430.73102983199
45430.73102983199
45430.73102983199
45430.73102983199
45430.73102983199
45430.73102983199
45430.73102983199
45430.73102983199
45430.73102983199
45430.73102983199
45430.73102983199
45430.73102983199
45430.73102983199
45430.73102983199
45430.73102983199
45430.73102983199
45430.73102983199
45430.73102983199
46016.56032331611
45430.73102983199
45430.73102983199
45022.61850199776
45430.73102983199
45430.73102983199
45430.73102983199
45022.61850199776
45022.61850199776
45430.73102983199
45430.73102983199
45430.73102983199
45430.73102983199
45430.73102983199
45430.73102983199
45430.73102983199
45022.61850199776
45430.73102983199
45430.73102983199
45430.73102983199
45430.73102983199
45430.73102983199
45430.73102983199
45430.73102983199
45430.73102983199
45022.61850199776
45022.61850199776
45430.73102983199
45022.61850199776
45430.73102983199
45022.61850199776
45430.73102983199
45430.73102983199
45430.73102983199
45022.61850199776
45430.73102983199
45430.73102983199
45430.73102983199
64698.94234743138
45022.61850199776
45022.61850199776
45022.61850199776
45430.73102983199
45430.73102983199
45022.61850199776
45022.61850199776
45430.73102983199
45430.73102983199
45430.73102983199
45430.73102983199
45430.73102983199
45022.61850199776
45430.73102983199
45022.61850199776
45430.73102983199
45430.73102983199
45022.61850199776
45430.73102983199
45430.73102983199
45430.73102983199
45430.73102983199
45430.73102983199
45022.61850199776
45022.61850199776
45022.61850199776
44692.5550606172
45430.73102983199
45022.61850199776
45430.73102983199
45430.73102983199
45430.73102983199
44692.5550606172
45430.73102983199
45430.73102983199
45430.73102983199
44692.5550606172
44692.5550606172
44692.5550606172
44692.5550606172
44692.5550606172
44692.5550606172
44692.5550606172
44692.5550606172
44692.5550606172
44692.5550606172
44692.5550606172
44692.5550606172
44692.5550606172
44692.5550606172
44692.5550606172
44692.5550606172
44692.5550606172
44692.5550606172
44692.5550606172
45430.73102983199
44692.5550606172
44692.5550606172
44692.5550606172
44692.5550606172
44692.5550606172
44692.5550606172
44692.5550606172
44692.5550606172
44692.5550606172
44692.5550606172
44692.5550606172
44692.5550606172
44692.5550606172
44485.89313099027
44692.5550606172
44692.5550606172
44692.5550606172
44485.89313099027
44485.89313099028
44485.89313099028
44485.89313099028
44485.89313099028
44485.89313099028
44485.89313099028
44485.89313099028
44485.89313099028
44485.89313099028
44485.89313099028
44485.89313099028
44485.89313099028
44485.89313099028
44485.89313099028
44485.89313099028
44485.89313099028
44485.89313099028
44485.89313099028
44485.89313099028
44485.89313099028
44485.89313099028
44485.89313099028
44485.89313099028
44485.89313099028
44485.89313099028
44485.89313099028
44485.89313099027
44485.89313099028
44485.89313099028
44485.89313099028
44485.89313099028
44485.89313099028
44485.89313099027
44485.89313099028
44485.89313099028
44485.89313099028
44291.24602779857
44485.89313099028
44425.091259571884
44485.89313099028
44425.091259571884
44485.89313099028
44485.89313099028
44485.89313099028
44485.89313099028
44425.091259571884
44425.091259571884
44485.89313099028
44485.89313099028
44485.89313099028
44425.091259571884
44485.89313099028
44425.091259571884
44485.89313099028
44485.89313099028
44425.091259571884
44425.091259571884
44485.89313099028
44485.89313099028
44485.89313099028
44425.091259571884
44485.89313099028
44485.89313099028
44485.89313099027
44485.89313099028
44485.89313099028
44485.89313099028
44425.091259571884
44485.89313099028
44291.24602779857
44291.24602779857
44291.24602779857
44291.24602779857
44291.24602779857
44291.24602779857
44291.24602779857
44291.24602779857
44230.44415638018
44291.24602779857
44291.24602779857
44291.24602779857
44291.24602779857
44291.24602779857
44291.24602779857
44291.24602779857
44291.24602779857
44291.24602779857
44291.24602779857
44291.24602779857
44291.24602779857
44291.24602779857
44291.24602779857
44291.24602779857
44291.24602779857
44291.24602779857
44291.24602779857
44291.24602779857
44230.44415638018
44291.24602779857
44291.24602779857
44291.24602779857
44291.24602779857
44291.24602779857
44291.24602779857
44291.24602779857
44291.24602779857
44291.24602779857
44291.24602779857
44291.24602779857
44230.44415638018
44230.44415638018
44230.44415638018
44230.44415638018
44230.44415638018
44230.44415638018
44230.44415638018
44230.44415638018
44230.44415638018
44230.44415638018
44230.44415638018
44230.44415638018
44230.44415638018
44230.44415638018
44230.44415638018
44230.44415638018
44230.44415638018
44230.44415638018
44230.44415638018
44230.44415638018
44230.44415638018
44230.44415638018
44230.44415638018
44230.44415638018
44230.44415638018
44230.44415638018
44230.44415638018
44230.44415638018
44230.44415638018
44047.28452655779
44230.44415638018
44230.44415638018
44230.44415638018
44230.44415638018
44230.44415638018
44230.44415638018
44230.44415638018
44230.44415638018
44047.28452655779
44047.28452655779
44047.28452655779
44047.28452655779
44047.28452655779
44047.28452655779
44047.28452655779
44047.28452655779
44047.28452655779
44047.28452655779
44047.28452655779
44047.28452655779
44047.28452655779
44047.28452655779
44047.28452655779
44047.28452655779
44047.28452655779
44047.28452655779
44047.28452655779
44047.28452655779
44047.28452655779
44047.28452655779
44047.28452655779
44047.28452655779
44047.28452655779
44047.28452655779
44047.28452655779
44047.28452655779
44047.28452655779
44047.28452655779
44047.28452655779
44047.28452655779
44047.28452655779
44047.28452655779
44047.28452655779
44047.28452655779
44230.44415638018
44047.28452655779
44047.28452655779
44047.28452655779
43874.080298545116
44047.28452655779
44047.28452655779
44047.28452655779
44047.28452655779
44047.28452655779
44047.28452655779
44047.28452655779
44047.28452655779
44047.28452655779
44047.28452655779
44047.28452655779
44047.28452655779
44047.28452655779
44047.28452655779
44047.28452655779
44047.28452655779
44047.28452655779
44047.28452655779
44047.28452655779
44047.28452655779
44047.28452655779
44047.28452655779
44047.28452655779
44047.28452655779
44047.28452655779
44047.28452655779
44047.28452655779
44047.28452655779
43874.080298545116
44047.28452655779
44047.28452655779
44047.28452655779
44047.28452655779
43874.080298545116
43874.080298545116
43874.080298545116
43874.080298545116
43874.080298545116
43874.080298545116
43874.080298545116
43874.080298545116
43874.080298545116
43874.080298545116
44047.28452655779
43874.080298545116
43874.080298545116
43874.080298545116
43874.080298545116
43874.080298545116
43874.080298545116
43874.080298545116
43874.080298545116
43874.080298545116
43874.080298545116
43874.080298545116
43874.080298545116
43874.080298545116
43874.080298545116
43874.080298545116
43874.080298545116
43874.080298545116
43874.080298545116
43874.080298545116
43874.080298545116
43874.080298545116
43874.080298545116
43874.080298545116
43874.080298545116
43874.080298545116
43874.080298545116
43874.080298545116
43844.2557495589
43844.2557495589
43874.080298545116
42840.08644452527
43844.2557495589
43874.080298545116
43874.080298545116
43874.080298545116
42840.08644452527
43874.080298545116
43844.2557495589
42840.08644452527
43874.080298545116
43874.080298545116
43874.080298545116
43874.080298545116
42840.08644452527
43844.2557495589
43874.080298545116
42840.08644452527
43874.080298545116
43844.2557495589
43874.080298545116
43874.080298545116
43874.080298545116
43844.2557495589
43874.080298545116
42840.08644452527
43874.080298545116
43874.080298545116
43844.2557495589
43874.080298545116
43874.080298545116
43844.2557495589
43874.080298545116
43874.080298545116
42810.26189553905
42840.08644452527
42840.08644452527
42840.08644452527
42810.26189553905
42810.26189553905
42810.26189553905
42810.26189553905
42810.26189553905
42810.26189553905
42810.26189553905
42810.26189553905
42810.26189553905
42810.26189553905
42810.26189553905
42810.26189553905
42810.26189553905
42810.26189553905
42810.26189553905
42810.26189553905
42810.26189553905
42810.26189553905
43844.2557495589
42810.26189553905
42810.26189553905
42810.26189553905
42810.26189553905
42810.26189553905
42810.26189553905
42810.26189553905
42810.26189553905
42810.26189553905
42810.26189553905
42810.26189553905
42810.26189553905
42810.26189553905
42810.26189553905
42810.26189553905
42810.26189553905
42810.26189553905
42810.26189553905
42810.26189553905
42810.26189553905
42810.26189553905
42810.26189553905
42810.26189553905
42810.26189553905
42683.388337334574
42810.26189553905
42810.26189553905
42810.26189553905
42810.26189553905
42810.26189553905
42810.26189553905
42810.26189553905
42683.388337334574
42810.26189553905
42810.26189553905
42810.26189553905
42810.26189553905
42810.26189553905
42810.26189553905
42810.26189553905
42810.26189553905
42810.26189553905
42810.26189553905
42810.26189553905
42810.26189553905
42810.26189553905
42810.26189553905
42810.26189553905
42683.388337334574
42810.26189553905
42683.388337334574
50731.00437156614
42683.388337334574
42683.388337334574
42683.388337334574
42683.388337334574
42683.388337334574
42683.388337334574
42683.388337334574
42683.388337334574
42683.388337334574
42683.388337334574
42810.26189553905
42810.26189553905
42810.26189553905
42810.26189553905
42810.26189553905
42810.26189553905
42810.26189553905
42471.95710644091
42810.26189553905
42810.26189553905
42810.26189553905
42810.26189553905
42810.26189553905
42810.26189553905
42810.26189553905
42810.26189553905
42810.26189553905
42810.26189553905
42734.00479010548
42810.26189553905
42810.26189553905
42810.26189553905
42810.26189553905
42683.388337334574
42810.26189553905
42683.388337334574
42471.95710644091
42471.95710644092
42471.95710644092
42471.95710644092
42471.95710644092
42471.95710644092
42471.95710644092
42471.95710644092
42471.95710644092
42471.95710644092
42471.95710644092
42471.95710644092
42471.95710644092
42471.95710644092
42471.95710644092
42471.95710644092
42471.95710644092
42810.26189553905
42471.95710644091
42471.95710644092
42471.95710644092
42471.95710644092
42471.95710644092
42471.95710644092
42471.95710644092
42471.95710644092
42471.95710644092
42471.95710644092
42471.95710644092
42471.95710644092
42471.95710644092
42471.95710644092
42471.95710644092
42471.95710644092
42471.95710644092
42471.95710644092
42471.95710644091
42471.95710644091
42471.95710644092
42449.665633515484
42471.95710644092
42449.665633515484
42471.95710644092
42471.95710644092
42370.71908795681
42471.95710644092
42471.95710644092
42449.665633515484
42449.665633515484
42471.95710644092
42471.95710644092
42471.95710644092
42449.665633515484
42471.95710644092
42471.95710644092
42471.95710644091
42471.95710644092
42471.95710644092
42471.95710644092
42370.71908795681
42471.95710644092
42449.665633515484
42471.95710644092
42370.71908795681
42471.95710644092
42449.665633515484
42471.95710644092
42449.665633515484
42471.95710644092
42471.95710644092
42471.95710644092
42471.95710644092
42471.95710644092
42471.95710644091
42348.42761503138
42348.42761503138
42348.42761503138
42348.42761503138
42348.42761503138
42348.42761503138
42471.95710644092
42348.42761503138
42348.42761503138
42348.42761503138
42348.42761503138
42348.42761503138
42348.42761503138
42348.42761503138
42348.42761503138
42348.42761503138
42348.42761503138
42348.42761503138
42348.42761503138
42348.42761503138
42348.42761503138
42370.71908795681
42348.42761503138
42348.42761503138
42348.42761503138
42348.42761503138
42348.42761503138
42348.42761503138
42348.42761503138
42348.42761503138
42348.42761503138
42348.42761503138
42348.42761503138
42348.42761503138
42348.42761503138
42348.42761503138
42348.42761503138
42323.769990655346
42348.42761503138
42348.42761503138
42348.42761503138
42348.42761503138
42348.42761503138
42348.42761503138
42323.769990655346
42323.769990655346
42323.769990655346
42323.769990655346
42348.42761503138
42323.769990655346
42323.769990655346
42323.769990655346
42323.769990655346
42323.769990655346
42348.42761503138
42323.769990655346
42323.769990655346
42323.769990655346
42323.769990655346
42323.769990655346
42323.769990655346
42323.769990655346
42323.769990655346
42323.769990655346
42348.42761503138
42323.769990655346
42323.769990655346
42323.769990655346
42323.769990655346
42323.769990655346
42323.769990655346
42323.769990655346
42348.42761503138
42323.769990655346
42323.769990655346
42348.42761503138
42323.769990655346
42323.769990655346
42323.769990655346
42323.769990655346
42323.769990655346
42323.769990655346
42323.769990655346
42323.769990655346
42323.769990655346
42323.769990655346
42323.769990655346
42323.769990655346
42323.769990655346
42153.03999465717
42323.769990655346
42323.769990655346
42323.769990655346
42323.769990655346
42323.769990655346
42323.769990655346
42323.769990655346
42323.769990655346
42323.769990655346
42323.769990655346
42323.769990655346
42323.769990655346
42323.769990655346
42323.769990655346
42323.769990655346
42323.769990655346
42323.769990655346
42323.769990655346
42323.769990655346
42323.769990655346
42323.769990655346
42049.114596445565
42153.03999465717
42153.03999465717
42153.03999465717
42153.03999465717
42153.03999465717
42153.03999465717
42153.03999465717
42153.03999465717
42153.03999465717
42153.03999465717
42049.114596445565
42153.03999465717
42049.114596445565
42153.03999465717
42049.114596445565
41732.97138263209
41732.97138263209
41732.97138263209
41732.97138263209
41732.97138263209
41732.97138263209
41732.97138263209
41732.97138263209
41732.97138263209
41732.97138263209
41732.97138263209
41732.97138263209
42033.4824714344
42323.769990655346
41732.97138263209
41732.97138263209
41732.97138263209
41732.97138263209
41732.97138263209
41732.97138263209
41732.97138263209
41732.97138263209
41732.97138263209
41732.97138263209
41732.97138263209
41732.97138263209
41732.97138263209
41732.97138263209
41732.97138263209
41732.97138263209
41732.97138263209
41732.97138263209
42049.114596445565
41732.97138263209
41732.97138263209
41732.97138263209
42033.4824714344
41732.97138263209
41732.97138263209
41732.97138263209
41732.97138263209
41732.97138263209
41732.97138263209
41732.97138263209
41732.97138263209
41732.97138263209
41732.97138263209
41732.97138263209
41732.97138263209
41732.97138263209
41732.97138263209
41732.97138263209
41732.97138263209
41732.97138263209
41377.73451734414
41732.97138263209
41732.97138263209
41732.97138263209
41377.73451734414
41377.73451734415
41377.73451734415
41377.73451734415
41377.73451734415
41377.73451734415
41377.73451734415
41377.73451734415
41377.73451734415
41377.73451734415
41377.73451734415
41377.73451734415
41732.97138263209
41377.73451734415
41377.73451734415
41377.73451734415
41377.73451734415
41377.73451734415
41377.73451734415
41377.73451734415
41377.73451734415
41377.73451734415
41377.73451734415
41377.73451734415
41377.73451734415
41377.73451734415
41377.73451734415
41377.73451734415
41377.73451734415
41377.73451734415
41732.97138263209
41377.73451734415
41377.73451734415
41377.73451734414
41377.73451734415
41377.73451734414
41732.97138263209
41377.73451734414
41377.73451734415
41377.73451734415
41377.73451734415
41357.72739686468
41377.73451734415
41357.72739686468
41377.73451734415
41377.73451734415
41377.73451734415
41357.72739686468
41357.72739686468
41377.73451734415
41357.72739686468
41066.517047186004
41377.73451734415
41377.73451734415
41377.73451734415
41377.73451734415
41377.73451734415
41377.73451734415
41377.73451734415
41357.72739686468
41377.73451734415
41066.517047186004
41357.72739686468
41377.73451734415
41357.72739686468
41377.73451734415
41357.72739686468
41377.73451734415
41357.72739686468
41377.73451734415
41377.73451734414
41377.73451734415
41377.73451734414
41377.73451734415
41046.50992670654
41066.517047186004
41046.50992670654
41066.517047186004
41066.517047186004
41066.517047186004
41066.517047186004
41066.517047186004
41066.517047186004
41066.517047186004
41066.517047186004
41066.517047186004
41066.517047186004
41066.517047186004
41046.50992670654
41046.50992670654
41046.50992670654
41046.50992670654
41046.50992670654
41046.50992670654
41046.50992670654
41046.50992670654
41357.72739686468
41046.50992670654
40979.52122421629
41046.50992670654
41046.50992670654
41046.50992670654
41046.50992670654
41046.50992670654
41046.50992670654
41046.50992670654
41046.50992670654
41046.50992670654
41046.50992670654
41046.50992670654
41377.73451734415
40979.52122421629
40979.52122421629
40979.52122421629
40979.52122421629
40979.52122421629
40979.52122421629
40979.52122421629
40979.52122421629
40979.52122421629
40979.52122421629
40979.52122421629
40979.52122421629
40979.52122421629
40979.52122421629
40979.52122421629
40979.52122421629
40979.52122421629
40979.52122421629
40979.52122421629
40982.66166402165
40979.52122421629
40979.52122421629
40979.52122421629
40979.52122421629
40979.52122421629
40979.52122421629
40979.52122421629
40979.52122421629
40979.52122421629
40979.52122421629
40979.52122421629
40979.52122421629
40979.52122421629
40979.52122421629
40979.52122421629
40979.52122421629
40979.52122421629
40979.52122421629
40979.52122421629
40979.52122421629
40979.52122421629
40979.52122421629
40979.52122421629
40979.52122421629
40979.52122421629
40979.52122421629
40979.52122421629
40979.52122421629
40979.52122421629
40979.52122421629
40979.52122421629
40979.52122421629
40979.52122421629
40979.52122421629
40979.52122421629
40979.52122421629
40979.52122421629
40979.52122421629
40979.52122421629
40979.52122421629
40979.52122421629
40979.52122421629
40979.52122421629
40979.52122421629
40979.52122421629
40979.52122421629
40979.52122421629
40979.52122421629
40979.52122421629
40979.52122421629
40979.52122421629
40979.52122421629
40979.52122421629
40979.52122421629
40979.52122421629
40979.52122421629
40979.52122421629
40979.52122421629
40979.52122421629
40979.52122421629
40979.52122421629
40979.52122421629
40979.52122421629
40979.52122421629
40979.52122421629
40979.52122421629
40979.52122421629
40979.52122421629
40979.52122421629
40979.52122421629
40979.52122421629
40979.52122421629
40979.52122421629
40979.52122421629
40979.52122421629
40979.52122421629
40979.52122421629
40979.52122421629
40979.52122421629
40979.52122421629
40979.52122421629
40979.52122421629
40979.52122421629
40979.52122421629
40979.52122421629
40979.52122421629
40979.52122421629
40979.52122421629
40979.52122421629
40979.52122421629
40979.52122421629
40979.52122421629
40979.52122421629
40979.52122421629
40979.52122421629
40979.52122421629
40979.52122421629
40979.52122421629
40979.52122421629
40758.7585403073
40979.52122421629
40979.52122421629
40979.52122421629
40979.52122421629
40758.7585403073
40979.52122421629
40979.52122421629
40979.52122421629
40979.52122421629
40979.52122421629
40758.7585403073
40979.52122421629
40979.52122421629
40979.52122421629
40979.52122421629
40979.52122421629
40979.52122421629
40979.52122421629
40979.52122421629
40979.52122421629
40979.52122421629
40783.814152068735
40979.52122421629
40979.52122421629
40979.52122421629
40979.52122421629
40979.52122421629
40979.52122421629
40758.7585403073
40758.7585403073
40758.7585403073
40758.7585403073
40758.7585403073
40758.7585403073
40758.7585403073
40979.52122421629
40758.7585403073
40758.7585403073
40758.7585403073
40758.7585403073
40758.7585403073
40758.7585403073
40758.7585403073
40758.7585403073
40979.52122421629
40758.7585403073
40758.7585403073
40758.7585403073
40758.7585403073
40758.7585403073
40979.52122421629
40758.7585403073
40979.52122421629
40758.7585403073
40758.7585403073
40758.7585403073
40758.7585403073
40758.7585403073
40758.7585403073
40758.7585403073
40979.52122421629
40758.7585403073
40758.7585403073
40758.7585403073
40758.7585403073
40758.7585403073
40758.7585403073
40758.7585403073
40758.7585403073
40758.7585403073
40758.758540307295
40758.7585403073
40758.7585403073
40758.7585403073
40758.758540307295
40758.7585403073
40758.7585403073
40758.7585403073
40758.7585403073
40758.758540307295
40758.7585403073
40758.7585403073
40758.7585403073
40758.7585403073
40758.7585403073
40758.758540307295
40758.7585403073
40758.7585403073
40758.7585403073
40758.7585403073
40758.758540307295
40758.7585403073
40758.7585403073
40758.7585403073
40758.7585403073
40758.758540307295
40758.7585403073
40758.7585403073
40758.7585403073
40758.758540307295
40695.413003406036
40758.7585403073
40695.413003406036
40695.413003406036
40695.413003406036
40695.413003406036
40695.413003406036
40695.413003406036
40695.413003406036
40695.413003406036
40695.413003406036
40695.413003406036
40695.413003406036
40695.413003406036
40695.413003406036
40695.413003406036
40695.413003406036
40695.413003406036
40695.413003406036
40695.413003406036
40695.413003406036
40695.413003406036
40695.413003406036
40695.413003406036
40695.413003406036
40695.413003406036
40695.413003406036
40695.413003406036
40695.413003406036
40758.7585403073
40695.413003406036
40695.413003406036
40695.413003406036
40695.413003406036
40695.413003406036
40695.413003406036
40695.413003406036
40695.413003406036
40695.413003406036
40695.413003406036
40695.413003406036
40695.413003406036
40695.413003406036
40695.413003406036
40695.413003406036
40695.413003406036
40695.413003406036
40695.413003406036
40695.413003406036
40695.413003406036
40695.413003406036
40695.413003406036
40695.413003406036
40695.413003406036
40695.413003406036
40695.413003406036
40695.413003406036
40695.413003406036
40695.413003406036
40695.413003406036
40695.413003406036
40695.413003406036
40613.42904735044
40695.413003406036
40695.413003406036
40695.413003406036
40695.413003406036
40695.413003406036
40695.413003406036
40695.413003406036
40695.413003406036
40695.413003406036
40695.413003406036
40695.413003406036
40695.413003406036
40695.413003406036
40613.42904735044
40613.42904735044
40613.42904735044
40613.42904735044
40695.413003406036
40613.42904735044
40613.42904735044
40613.42904735044
40613.42904735044
40613.42904735044
40613.42904735044
40613.42904735044
40695.413003406036
40613.42904735044
40613.42904735044
40613.42904735044
40613.42904735044
40613.42904735044
40613.42904735044
40613.42904735044
40613.42904735044
40613.42904735044
40613.42904735044
40613.42904735044
40613.42904735044
40613.42904735044
40613.42904735044
40613.42904735044
40613.42904735044
40613.42904735044
40613.42904735044
40613.42904735044
40613.42904735044
40613.42904735044
40613.42904735044
40613.42904735044
40613.42904735044
40613.42904735044
40613.42904735044
40613.42904735044
40613.42904735044
40695.413003406036
40613.42904735044
40613.42904735044
40613.42904735044
40613.42904735044
40312.936336087136
40613.42904735044
40613.42904735044
40613.42904735044
40613.42904735044
40613.42904735044
40613.42904735044
40613.42904735044
40613.42904735044
40613.42904735044
40613.42904735044
40613.42904735044
40613.42904735044
40613.42904735044
40613.42904735044
40613.42904735044
40613.42904735044
40613.42904735044
40613.42904735044
40613.42904735044
40613.42904735044
40613.42904735044
40613.42904735044
40613.42904735044
40613.42904735044
40613.42904735044
40613.42904735044
40613.42904735044
40312.936336087136
40312.936336087136
40312.936336087136
40613.42904735044
40312.936336087136
40312.936336087136
40312.936336087136
40312.936336087136
40312.936336087136
40312.936336087136
40312.936336087136
40312.936336087136
40312.936336087136
40312.936336087136
40312.936336087136
40312.936336087136
40312.936336087136
40613.42904735044
40312.936336087136
40312.936336087136
40613.42904735044
40312.936336087136
40312.936336087136
40312.936336087136
40312.936336087136
40312.936336087136
40312.936336087136
40312.936336087136
40312.936336087136
40312.936336087136
40312.936336087136
40312.936336087136
40312.936336087136
40312.936336087136
40312.936336087136
40312.936336087136
40312.936336087136
40312.936336087136
40312.936336087136
40312.936336087136
40312.936336087136
40312.936336087136
40312.936336087136
40312.936336087136
40312.936336087136
40312.936336087136
40312.936336087136
40312.936336087136
40312.936336087136
40312.936336087136
40312.936336087136
40312.936336087136
40312.936336087136
40312.936336087136
40312.936336087136
40312.936336087136
40312.936336087136
40312.936336087136
40312.936336087136
40312.936336087136
40312.936336087136
40312.936336087136
40312.936336087136
40312.936336087136
40312.936336087136
40312.936336087136
40312.936336087136
40312.936336087136
40312.936336087136
40312.936336087136
40312.936336087136
40312.936336087136
40312.936336087136
40312.936336087136
40312.936336087136
40312.936336087136
40312.936336087136
40312.936336087136
40312.936336087136
40312.936336087136
40312.936336087136
40312.936336087136
40312.936336087136
40312.936336087136
40312.936336087136
40312.936336087136
40312.936336087136
40312.936336087136
40312.936336087136
40312.936336087136
40312.936336087136
40312.936336087136
40312.936336087136
40312.936336087136
40312.936336087136
40312.936336087136
40312.936336087136
40312.936336087136
40312.936336087136
40312.936336087136
40312.936336087136
40312.936336087136
40312.936336087136
40312.936336087136
40312.936336087136
40312.936336087136
40312.936336087136
40312.936336087136
40312.936336087136
40312.936336087136
40312.936336087136
40312.936336087136
40312.936336087136
40312.936336087136
40312.936336087136
40312.936336087136
40312.936336087136
40312.936336087136
40312.936336087136
40312.936336087136
40312.936336087136
40312.936336087136
40312.936336087136
40312.936336087136
40312.936336087136
40312.936336087136
40312.936336087136
40312.936336087136
40312.936336087136
40312.936336087136
40312.936336087136
40312.936336087136
40312.936336087136
40312.936336087136
40312.936336087136
40312.936336087136
40312.936336087136
40312.936336087136
40312.936336087136
40312.936336087136
40312.936336087136
40312.936336087136
40312.936336087136
40312.936336087136
40312.936336087136
40312.936336087136
40312.936336087136
40312.936336087136
40312.936336087136
40312.936336087136
40312.936336087136
40312.936336087136
40312.936336087136
40312.936336087136
40312.936336087136
40312.936336087136
40312.936336087136
40312.936336087136
40312.936336087136
40312.936336087136
40312.936336087136
40312.936336087136
40312.936336087136
40312.936336087136
40312.936336087136
40312.936336087136
40312.936336087136
40312.936336087136
40312.936336087136
40312.936336087136
40312.936336087136
40312.936336087136
40312.936336087136
40312.936336087136
40312.936336087136
40312.936336087136
40312.936336087136
40312.936336087136
40312.936336087136
40312.936336087136
40312.936336087136
40312.936336087136
40312.936336087136
40312.936336087136
40312.936336087136
40312.936336087136
40312.936336087136
40312.936336087136
40312.936336087136
40312.936336087136
40312.936336087136
40312.936336087136
40312.936336087136
40312.936336087136
40312.936336087136
40312.936336087136
40312.936336087136
40312.936336087136
40312.936336087136
40312.936336087136
40312.936336087136
40312.936336087136
40312.936336087136
40312.936336087136
40312.936336087136
40312.936336087136
40312.936336087136
40312.936336087136
40312.936336087136
40312.936336087136
40312.936336087136
40312.936336087136
40312.936336087136
40312.936336087136
40312.936336087136
40312.936336087136
40312.936336087136
40312.936336087136
40312.936336087136
40312.936336087136
40312.936336087136
40312.936336087136
40312.936336087136
40312.936336087136
40312.936336087136
40312.936336087136
40312.936336087136
40312.936336087136
40312.936336087136
40312.936336087136
40312.936336087136
40312.936336087136
40312.936336087136
40312.936336087136
40312.936336087136
40312.936336087136
40312.936336087136
40312.936336087136
40312.936336087136
40312.936336087136
40312.936336087136
40312.936336087136
40312.936336087136
40312.936336087136
40312.936336087136
40312.936336087136
40312.936336087136
40312.936336087136
40312.936336087136
40312.936336087136
40312.936336087136
40312.936336087136
40312.936336087136
40312.936336087136
40312.936336087136
40312.936336087136
40312.936336087136
40312.936336087136
40312.936336087136
40312.936336087136
40312.936336087136
40312.936336087136
40312.936336087136
40312.936336087136
40312.936336087136
40312.936336087136
40312.936336087136
40312.936336087136
40312.936336087136
40312.936336087136
40312.936336087136
40312.936336087136
40312.936336087136
40312.936336087136
40312.936336087136
40312.936336087136
40312.936336087136
40312.936336087136
40312.936336087136
40312.936336087136
40312.936336087136
40312.936336087136
40312.936336087136
40312.936336087136
40312.936336087136
40312.936336087136
40312.936336087136
40312.936336087136
40312.936336087136
40312.936336087136
40312.936336087136
40312.936336087136
40312.936336087136
40312.936336087136
40312.936336087136
40312.936336087136
40312.936336087136
40312.936336087136
40312.936336087136
40312.936336087136
40312.936336087136
40312.936336087136
40312.936336087136
40312.936336087136
40312.936336087136
40312.936336087136
40312.936336087136
40312.936336087136
40312.936336087136
40312.936336087136
40312.936336087136
40312.936336087136
40312.936336087136
40312.936336087136
40312.936336087136
40312.936336087136
40312.936336087136
40312.936336087136
40312.936336087136
40312.936336087136
40312.936336087136
40312.936336087136
40312.936336087136
40312.936336087136
40312.936336087136
40312.936336087136
40312.936336087136
40312.936336087136
40312.936336087136
40312.936336087136
40312.936336087136
40312.936336087136
40312.936336087136
40312.936336087136
40312.936336087136
40312.936336087136
40312.936336087136
40312.936336087136
40312.936336087136
40312.936336087136
40312.936336087136
40312.936336087136
40312.936336087136
40312.936336087136
40312.936336087136
40312.936336087136
40312.936336087136
40312.936336087136
40312.936336087136
40312.936336087136
40312.936336087136
40312.936336087136
40312.936336087136
40312.936336087136
40312.936336087136
40312.936336087136
40312.936336087136
40312.936336087136
40312.936336087136
40312.936336087136
40312.936336087136
40312.936336087136
40312.936336087136
40312.936336087136
40312.936336087136
40312.936336087136
40312.936336087136
40312.936336087136
40312.936336087136
40312.936336087136
40312.936336087136
40312.936336087136
40312.936336087136
40312.936336087136
40312.936336087136
40312.936336087136
40312.936336087136
40312.936336087136
40312.936336087136
40312.936336087136
40312.936336087136
40312.936336087136
40312.936336087136
40312.936336087136
40312.936336087136
40312.936336087136
40312.936336087136
40312.936336087136
40312.936336087136
40312.936336087136
40312.936336087136
40312.936336087136
40312.936336087136
40312.936336087136
40312.936336087136
40312.936336087136
40312.936336087136
40312.936336087136
40312.936336087136
40312.936336087136
40312.936336087136
40312.936336087136
40312.936336087136
40312.936336087136
40312.936336087136
40312.936336087136
40312.936336087136
40312.936336087136
40312.936336087136
40312.936336087136
40312.936336087136
40312.936336087136
40312.936336087136
40312.936336087136
40312.936336087136
40312.936336087136
40312.936336087136
40312.936336087136
40312.936336087136
40312.936336087136
40312.936336087136
40312.936336087136
40312.936336087136
40312.936336087136
40312.936336087136
40312.936336087136
40312.936336087136
40312.936336087136
40312.936336087136
40312.936336087136
40312.936336087136
40312.936336087136
40312.936336087136
40312.936336087136
40312.936336087136
40312.936336087136
40312.936336087136
40312.936336087136
40312.936336087136
40312.936336087136
40312.936336087136
40312.936336087136
40312.936336087136
40312.936336087136
40312.936336087136
40312.936336087136
40312.936336087136
40312.936336087136
40312.936336087136
40312.936336087136
40312.936336087136
40312.936336087136
40312.936336087136
40312.936336087136
40312.936336087136
40312.936336087136
40312.936336087136
40312.936336087136
40312.936336087136
40312.936336087136
40312.936336087136
40312.936336087136
40312.936336087136
40312.936336087136
40312.936336087136
40312.936336087136
40312.936336087136
40312.936336087136
40312.936336087136
40312.936336087136
40312.936336087136
40312.936336087136
40312.936336087136
40312.936336087136
40312.936336087136
40312.936336087136
40312.936336087136
40312.936336087136
40312.936336087136
40312.936336087136
40312.936336087136
40312.936336087136
40312.936336087136
40312.936336087136
40312.936336087136
40312.936336087136
40312.936336087136
40312.936336087136
40312.936336087136
40312.936336087136
40312.936336087136
40312.936336087136
40312.936336087136
40312.936336087136
40312.936336087136
40312.936336087136
40312.936336087136
40312.936336087136
40312.936336087136
40312.936336087136
40312.936336087136
40312.936336087136
40312.936336087136
40312.936336087136
40312.936336087136
40312.936336087136
40312.936336087136
40312.936336087136
40312.936336087136
40312.936336087136
40312.936336087136
40312.936336087136
40312.936336087136
40312.936336087136
40312.936336087136
40312.936336087136
40312.936336087136
40312.936336087136
40312.936336087136
40312.936336087136
40312.936336087136
40312.936336087136
40312.936336087136
40312.936336087136
40312.936336087136
40312.936336087136
40312.936336087136
40312.936336087136
40312.936336087136
40312.936336087136
40312.936336087136
40312.936336087136
40312.936336087136
40312.936336087136
40312.936336087136
40312.936336087136
40312.936336087136
40312.936336087136
40312.936336087136
40312.936336087136
40312.936336087136
40312.936336087136
40312.936336087136
40312.936336087136
40312.936336087136
40312.936336087136
40312.936336087136
40312.936336087136
40312.936336087136
40312.936336087136
40312.936336087136
40312.936336087136
40312.936336087136
40312.936336087136
40312.936336087136
40312.936336087136
40312.936336087136
40312.936336087136
40312.936336087136
40312.936336087136
40312.936336087136
40312.936336087136
40312.936336087136
40312.936336087136
40312.936336087136
40312.936336087136
40312.936336087136
40312.936336087136
40312.936336087136
40312.936336087136
40312.936336087136
40312.936336087136
40312.936336087136
40312.936336087136
40312.936336087136
40312.936336087136
40312.936336087136
40312.936336087136
40312.936336087136
40312.936336087136
40312.936336087136
40312.936336087136
40312.936336087136
40312.936336087136
40312.936336087136
40312.936336087136
40312.936336087136
40312.936336087136
40312.936336087136
40312.936336087136
40312.936336087136
40312.936336087136
40312.936336087136
40312.936336087136
40312.936336087136
40312.936336087136
40312.936336087136
40312.936336087136
40312.936336087136
40312.936336087136
40312.936336087136
40312.936336087136
40312.936336087136
40312.936336087136
40312.936336087136
40312.936336087136
40312.936336087136
40312.936336087136
40312.936336087136
40312.936336087136
40312.936336087136
40312.936336087136
40312.936336087136
40312.936336087136
40312.936336087136
40312.936336087136
40312.936336087136
40312.936336087136
40312.936336087136
40312.936336087136
40312.936336087136
40312.936336087136
40312.936336087136
40312.936336087136
40312.936336087136
40312.936336087136
40312.936336087136
40312.936336087136
40312.936336087136
40312.936336087136
40312.936336087136
40312.936336087136
40312.936336087136
40312.936336087136
40312.936336087136
40312.936336087136
40312.936336087136
40312.936336087136
40312.936336087136
40312.936336087136
40312.936336087136
40312.936336087136
40312.936336087136
40312.936336087136
40312.936336087136
40312.936336087136
40312.936336087136
40312.936336087136
40312.936336087136
40312.936336087136
40312.936336087136
40312.936336087136
40312.936336087136
40312.936336087136
40312.936336087136
40312.936336087136
40312.936336087136
40312.936336087136
40312.936336087136
40312.936336087136
40312.936336087136
40312.936336087136
40312.936336087136
40312.936336087136
40312.936336087136
40312.936336087136
40312.936336087136
40312.936336087136
40312.936336087136
40312.936336087136
40312.936336087136
40312.936336087136
40312.936336087136
40312.936336087136
40312.936336087136
40312.936336087136
40312.936336087136
40312.936336087136
40312.936336087136
40312.936336087136
40312.936336087136
40312.936336087136
40312.936336087136
40312.936336087136
40312.936336087136
40312.936336087136
40312.936336087136
40312.936336087136
40312.936336087136
40312.936336087136
40312.936336087136
40312.936336087136
40312.936336087136
40312.936336087136
40312.936336087136
40312.936336087136
40312.936336087136
40312.936336087136
40312.936336087136
40312.936336087136
40312.936336087136
40312.936336087136
40312.936336087136
42338.64917146842
40312.936336087136
40312.936336087136
40312.936336087136
40312.936336087136
40312.936336087136
40312.936336087136
40312.936336087136
40312.936336087136
40312.936336087136
40312.936336087136
40312.936336087136
40312.936336087136
40312.936336087136
40312.936336087136
40312.936336087136
40312.936336087136
40312.936336087136
40312.936336087136
40312.936336087136
40312.936336087136
40312.936336087136
40312.936336087136
40312.936336087136
40312.936336087136
40312.936336087136
40312.936336087136
40312.936336087136
40312.936336087136
40312.936336087136
40312.936336087136
40312.936336087136
40312.936336087136
40312.936336087136
40312.936336087136
40312.936336087136
40312.936336087136
40312.936336087136
40312.936336087136
40312.936336087136
40312.936336087136
40312.936336087136
40312.936336087136
40312.936336087136
40312.936336087136
40312.936336087136
40312.936336087136
40312.936336087136
40312.936336087136
40312.936336087136
40312.936336087136
40312.936336087136
40312.936336087136
40312.936336087136
40312.936336087136
40312.936336087136
40312.936336087136
40312.936336087136
40312.936336087136
40312.936336087136
40312.936336087136
40312.936336087136
40312.936336087136
40312.936336087136
40312.936336087136
40312.936336087136
40312.936336087136
40312.936336087136
40312.936336087136
40312.936336087136
40312.936336087136
40312.936336087136
40312.936336087136
40312.936336087136
40312.936336087136
40312.936336087136
40312.936336087136
40312.936336087136
40312.936336087136
40312.936336087136
40312.936336087136
40312.936336087136
40312.936336087136
40312.936336087136
40312.936336087136
40312.936336087136
40312.936336087136
40312.936336087136
40312.936336087136
40312.936336087136
40312.936336087136
40312.936336087136
40312.936336087136
40312.936336087136
40312.936336087136
40312.936336087136
40312.936336087136
40312.936336087136
40312.936336087136
40312.936336087136
40312.936336087136
40312.936336087136
40312.936336087136
40312.936336087136
40312.936336087136
40312.936336087136
40312.936336087136
40312.936336087136
40312.936336087136
40312.936336087136
40312.936336087136
40312.936336087136
40312.936336087136
40312.936336087136
40312.936336087136
40312.936336087136
40312.936336087136
40312.936336087136
40312.936336087136
40312.936336087136
40312.936336087136
40312.936336087136
40312.936336087136
40312.936336087136
40312.936336087136
40312.936336087136
40312.936336087136
40312.936336087136
40312.936336087136
40312.936336087136
40312.936336087136
40312.936336087136
40312.936336087136
40312.936336087136
40312.936336087136
40312.936336087136
40312.936336087136
40312.936336087136
40312.936336087136
40312.936336087136
40312.936336087136
40312.936336087136
40312.936336087136
40312.936336087136
40312.936336087136
40312.936336087136
40312.936336087136
40312.936336087136
40312.936336087136
40312.936336087136
40312.936336087136
40312.936336087136
40312.936336087136
40312.936336087136
40312.936336087136
40312.936336087136
40312.936336087136
40312.936336087136
40312.936336087136
40312.936336087136
40312.936336087136
40312.936336087136
40312.936336087136
40312.936336087136
40312.936336087136
40312.936336087136
40312.936336087136
40312.936336087136
40312.936336087136
40312.936336087136
40312.936336087136
40312.936336087136
40312.936336087136
40312.936336087136
40312.936336087136
40312.936336087136
40312.936336087136
40312.936336087136
40312.936336087136
40312.936336087136
40312.936336087136
40312.936336087136
40312.936336087136
40312.936336087136
40312.936336087136
40312.936336087136
40312.936336087136
40312.936336087136
40312.936336087136
40312.936336087136
40312.936336087136
40312.936336087136
40312.936336087136
40312.936336087136
40312.936336087136
40312.936336087136
40312.936336087136
40312.936336087136
40312.936336087136
40312.936336087136
40312.936336087136
40312.936336087136
40312.936336087136
40312.936336087136
40312.936336087136
40312.936336087136
40312.936336087136
40312.936336087136
40312.936336087136
40312.936336087136
40312.936336087136
40312.936336087136
40312.936336087136
40312.936336087136
40312.936336087136
40312.936336087136
40312.936336087136
40312.936336087136
40312.936336087136
40312.936336087136
40312.936336087136
40312.936336087136
40312.936336087136
40312.936336087136
40312.936336087136
40312.936336087136
40312.936336087136
40312.936336087136
40312.936336087136
40312.936336087136
40312.936336087136
40312.936336087136
40312.936336087136
40312.936336087136
40312.936336087136
40312.936336087136
40312.936336087136
40312.936336087136
40312.936336087136
40312.936336087136
40312.936336087136
40312.936336087136
40312.936336087136
40312.936336087136
40312.936336087136
40312.936336087136
40312.936336087136
40312.936336087136
40312.936336087136
40312.936336087136
40312.936336087136
40312.936336087136
40312.936336087136
40312.936336087136
40312.936336087136
40312.936336087136
40312.936336087136
40312.936336087136
40312.936336087136
40312.936336087136
40312.936336087136
40312.936336087136
40312.936336087136
40312.936336087136
40312.936336087136
40312.936336087136
40312.936336087136
40312.936336087136
40312.936336087136
40312.936336087136
40312.936336087136
40312.936336087136
40312.936336087136
40312.936336087136
40312.936336087136
40312.936336087136
40312.936336087136
40312.936336087136
40312.936336087136
40312.936336087136
40312.936336087136
40312.936336087136
40312.936336087136
40312.936336087136
40312.936336087136
40312.936336087136
40312.936336087136
40312.936336087136
40312.936336087136
40312.936336087136
40312.936336087136
40312.936336087136
40312.936336087136
40312.936336087136
40312.936336087136
40312.936336087136
40312.936336087136
40312.936336087136
40312.936336087136
40312.936336087136
40312.936336087136
40312.936336087136
40312.936336087136
40312.936336087136
40312.936336087136
40312.936336087136
40312.936336087136
40312.936336087136
40312.936336087136
40312.936336087136
40312.936336087136
40312.936336087136
40312.936336087136
40312.936336087136
40312.936336087136
40312.936336087136
40312.936336087136
40312.936336087136
40312.936336087136
40312.936336087136
40312.936336087136
40312.936336087136
40312.936336087136
40312.936336087136
40312.936336087136
40312.936336087136
40312.936336087136
40312.936336087136
40312.936336087136
40312.936336087136
40312.936336087136
40312.936336087136
40312.936336087136
40312.936336087136
40312.936336087136
40312.936336087136
40312.936336087136
40312.936336087136
40312.936336087136
40312.936336087136
40312.936336087136
40312.936336087136
40312.936336087136
40312.936336087136
40312.936336087136
40312.936336087136
40312.936336087136
40312.936336087136
40312.936336087136
40312.936336087136
40312.936336087136
40312.936336087136
40312.936336087136
40312.936336087136
40312.936336087136
40312.936336087136
40312.936336087136
40312.936336087136
40312.936336087136
40312.936336087136
40312.936336087136
40312.936336087136
40312.936336087136
40312.936336087136
40312.936336087136
40312.936336087136
40312.936336087136
40312.936336087136
40312.936336087136
40312.936336087136
40312.936336087136
40312.936336087136
40312.936336087136
40312.936336087136
40312.936336087136
40312.936336087136
40312.936336087136
40312.936336087136
40312.936336087136
40312.936336087136
40312.936336087136
40312.936336087136
40312.936336087136
40312.936336087136
40312.936336087136
40312.936336087136
40312.936336087136
40312.936336087136
40312.936336087136
40312.936336087136
40312.936336087136
40312.936336087136
40312.936336087136
40312.936336087136
40312.936336087136
40312.936336087136
40312.936336087136
40312.936336087136
40312.936336087136
40312.936336087136
40312.936336087136
40312.936336087136
40312.936336087136
40312.936336087136
40312.936336087136
40312.936336087136
40312.936336087136
40312.936336087136
40312.936336087136
40312.936336087136
40312.936336087136
40312.936336087136
40312.936336087136
40312.936336087136
40312.936336087136
40312.936336087136
40312.936336087136
40312.936336087136
40312.936336087136
40312.936336087136
40312.936336087136
40312.936336087136
40312.936336087136
40312.936336087136
40312.936336087136
40312.936336087136
40312.936336087136
40312.936336087136
40312.936336087136
40312.936336087136
40312.936336087136
40312.936336087136
40312.936336087136
40312.936336087136
40312.936336087136
40312.936336087136
40312.936336087136
40312.936336087136
40312.936336087136
40312.936336087136
40312.936336087136
40312.936336087136
40312.936336087136
40312.936336087136
40312.936336087136
40312.936336087136
40312.936336087136
40312.936336087136
40312.936336087136
40312.936336087136
40312.936336087136
40312.936336087136
40312.936336087136
40312.936336087136
40312.936336087136
40312.936336087136
40312.936336087136
40312.936336087136
40312.936336087136
40312.936336087136
40312.936336087136
40312.936336087136
40312.936336087136
40312.936336087136
40312.936336087136
40312.936336087136
40312.936336087136
40312.936336087136
40312.936336087136
40312.936336087136
40312.936336087136
40312.936336087136
40312.936336087136
40312.936336087136
40312.936336087136
40312.936336087136
40312.936336087136
40312.936336087136
40312.936336087136
40312.936336087136
40312.936336087136
40312.936336087136
40312.936336087136
40312.936336087136
40312.936336087136
40312.936336087136
40312.936336087136
40312.936336087136
40312.936336087136
40312.936336087136
40312.936336087136
40312.936336087136
40312.936336087136
40312.936336087136
40312.936336087136
40312.936336087136
40312.936336087136
40312.936336087136
40312.936336087136
40312.936336087136
40312.936336087136
40312.936336087136
40312.936336087136
40312.936336087136
40312.936336087136
40312.936336087136
40312.936336087136
40312.936336087136
40312.936336087136
40312.936336087136
40312.936336087136
40312.936336087136
40312.936336087136
40312.936336087136
40312.936336087136
40312.936336087136
40312.936336087136
40312.936336087136
40312.936336087136
40312.936336087136
40312.936336087136
40312.936336087136
40312.936336087136
40312.936336087136
40312.936336087136
40312.936336087136
40312.936336087136
40312.936336087136
40312.936336087136
40312.936336087136
40312.936336087136
40312.936336087136
40312.936336087136
40312.936336087136
40312.936336087136
40312.936336087136
40312.936336087136
40312.936336087136
40312.936336087136
40312.936336087136
40312.936336087136
40312.936336087136
40312.936336087136
40312.936336087136
40312.936336087136
40312.936336087136
40312.936336087136
40312.936336087136
40312.936336087136
40312.936336087136
40312.936336087136
40312.936336087136
40312.936336087136
40312.936336087136
40312.936336087136
40312.936336087136
40312.936336087136
40312.936336087136
40312.936336087136
40312.936336087136
40312.936336087136
40312.936336087136
40312.936336087136
40312.936336087136
40312.936336087136
40312.936336087136
40312.936336087136
40312.936336087136
40312.936336087136
40312.936336087136
40312.936336087136
40312.936336087136
40312.936336087136
40312.936336087136
40312.936336087136
40312.936336087136
40312.936336087136
40312.936336087136
40312.936336087136
40312.936336087136
40312.936336087136
40312.936336087136
40312.936336087136
40312.936336087136
40312.936336087136
40312.936336087136
40312.936336087136
40312.936336087136
40312.936336087136
40312.936336087136
40312.936336087136
40312.936336087136
40312.936336087136
40312.936336087136
40312.936336087136
40312.936336087136
40312.936336087136
40312.936336087136
40312.936336087136
40312.936336087136
40312.936336087136
40312.936336087136
40312.936336087136
40312.936336087136
40312.936336087136
40312.936336087136
40312.936336087136
40312.936336087136
40312.936336087136
40312.936336087136
40312.936336087136
40312.936336087136
40312.936336087136
40312.936336087136
40312.936336087136
40312.936336087136
40312.936336087136
40312.936336087136
40312.936336087136
40312.936336087136
40312.936336087136
40312.936336087136
40312.936336087136
40312.936336087136
40312.936336087136
40312.936336087136
40312.936336087136
40312.936336087136
40312.936336087136
40312.936336087136
40312.936336087136
40312.936336087136
40312.936336087136
40312.936336087136
40312.936336087136
40312.936336087136
40312.936336087136
40312.936336087136
40312.936336087136
40312.936336087136
40312.936336087136
40312.936336087136
40312.936336087136
40312.936336087136
40312.936336087136
40312.936336087136
40312.936336087136
40312.936336087136
40312.936336087136
40312.936336087136
40312.936336087136
40312.936336087136
40312.936336087136
40312.936336087136
40312.936336087136
40312.936336087136
40312.936336087136
40312.936336087136
40312.936336087136
40312.936336087136
40312.936336087136
40312.936336087136
40312.936336087136
40312.936336087136
40312.936336087136
40312.936336087136
40312.936336087136
