17.42
50
22993.62427044188
28377.184437532975
26599.010853980366
26641.866432299154
25678.586820628978
24783.75009910414
24875.21804255574
27006.92829785889
29596.637228676456
24817.942922592203
27951.41065536493
24463.398475039034
22815.066596136363
23671.608714047918
27703.820359842128
25536.53726853988
22527.488894713963
27386.488205513888
26508.485720870405
24507.480620777544
25616.003489460276
21782.308674553315
26849.27265882092
30252.874760283878
27745.930197109064
27834.93501972798
28106.00850366844
25852.422379151223
28032.122919320078
24400.433777069455
28732.22405856424
26115.862599534947
26930.302503592688
26741.77718178661
25533.401617951302
24366.11901741727
24924.46441410726
24068.822426093786
24602.54624158236
25753.720112681152
26565.205746481744
26813.36999864618
24509.151361210745
24473.462947497974
25108.02570669636
25779.365490637898
27906.372791867947
22704.397415816653
25767.705210697775
25181.016129974152
18508.502273295682
20387.609959015634
24832.566577178368
23696.106230888083
23465.585942757887
20089.735685058986
21846.38650592147
21919.49056578928
23866.36745918663
25814.17818819448
21368.779445355423
24334.846376615988
20601.356136765487
20220.205291204576
20551.15386781727
24482.334513833517
22972.12085036292
20012.541475409675
24012.233978148462
22231.232817099346
20932.183058589835
19573.078307774234
18508.502273295682
24099.113010916008
19173.56045150831
24217.509289541264
24297.00282119069
24272.163625922534
23297.817577002334
23197.11877257997
20859.18405691712
24954.30535170098
22620.695317253285
23676.27422207835
17738.99539430154
21329.194077224893
21695.125416120693
22201.61077034
21731.20121221801
21634.08850938307
22779.584779056688
17381.43100580374
17878.28897021954
21220.551331444007
21334.116697797534
21973.42306465173
22445.557737546653
24112.850938444837
19581.22011865437
22662.75013460335
22465.84824756713
16117.284356116239
17330.872537900483
21968.765420898537
21672.591494148044
21417.065325127693
17973.47342188913
19601.12585565851
20231.686586013668
21801.384930787375
22659.111015496037
19867.17569018662
17105.490690051356
17330.872537900483
17192.409800730366
18816.628083174808
22506.72650869045
20299.746628062352
18683.54661546821
21548.272275740354
19967.999947739405
17172.918618360818
17971.72829866505
16882.00797480681
21403.2413683855
16458.20936031605
22252.221196282928
20910.948830625566
21464.55786654555
20919.191537611412
20218.875322999003
20756.53065985816
22478.990866427666
20327.010295147113
20585.87747694948
16835.666127796423
19257.343905415386
17381.43100580374
20019.037332103475
19445.922342508704
19467.66714780416
19894.618459244502
16117.284356116239
16024.644151527393
15956.851230878792
19479.77369199393
15956.851230878792
19670.809928518476
20726.869700405725
17677.826742532783
20272.8240835455
20563.373658867036
15469.268382489256
15792.550855163512
20000.199177022412
19950.06949739647
19564.72436525848
16822.09658773539
18174.463761105144
15956.85123087879
15956.85123087879
19558.484961767637
18314.980921998336
14218.02473511355
15286.43907448987
14880.415088660204
17267.626004495076
15956.85123087879
19572.418776945124
17406.543533245705
15956.85123087879
18390.579016032996
15285.270793758817
15956.85123087879
15816.502507698235
19533.13082458624
15173.402525523337
15956.85123087879
15956.85123087879
15956.85123087879
18909.235090022572
18738.885788405583
18008.24764456824
20758.000428284795
18494.707327825607
18824.776539190298
15764.61647273156
17756.067732881627
15801.803358044363
18356.646314870264
15956.85123087879
15956.85123087879
17547.231372953935
15339.947763764452
14951.779499065326
15469.268382489256
17889.391873143857
15469.268382489256
15469.268382489256
15469.268382489256
16388.800579339884
18556.8927076924
19075.265553888486
13619.677024350967
14642.502109237832
18459.849162127084
14045.171710636972
18380.270005233186
16103.284192648633
17091.743440413058
15450.129200453994
15469.268382489256
18431.41144161532
13523.78077081054
13619.677024350967
13988.932865254854
13228.261052471196
15956.85123087879
15956.85123087879
18428.508523545865
16741.304838919285
15469.268382489256
13619.677024350967
13619.677024350967
15450.129200453994
13619.677024350967
17854.635381182336
14305.707519011914
15469.268382489256
15469.268382489256
15469.268382489256
13619.677024350967
13619.677024350967
16344.82808171276
19227.249552261706
17120.649571516173
17233.706471496305
14998.40899794868
13619.677024350967
15024.466765692576
16879.7306857196
15814.246890044004
13619.677024350967
13619.677024350967
14825.70746740522
14367.162508818948
15020.739324371489
16772.144058784877
15020.739324371489
15020.739324371489
15020.739324371489
13619.677024350967
17274.24001900054
13619.677024350967
12791.02926705637
13228.261052471196
13228.261052471196
13201.977983416771
17493.711646084386
16103.284192648633
15894.236754728738
13228.261052471196
13228.261052471196
17385.043767706593
13151.297199553199
13207.750226694352
13228.261052471196
12791.02926705637
12791.02926705637
12791.02926705637
12791.02926705637
16222.239407495323
12791.02926705637
12791.02926705637
12791.02926705637
15001.600142336227
13207.750226694352
16295.214378659943
13721.090528765539
15020.739324371489
12791.02926705637
15020.739324371489
13207.750226694352
13207.750226694352
15389.16162366142
17754.401580346865
16003.873152362577
16253.981654010935
14419.79390855073
12791.02926705637
14510.226469333345
16167.336673146405
12791.02926705637
13207.750226694352
13207.750226694352
12791.02926705637
14087.901135364611
14374.545686543242
12791.02926705637
14374.545686543244
14374.545686543244
14374.545686543244
13207.750226694352
12791.02926705637
13207.750226694352
12379.102469399755
12791.02926705637
12791.02926705637
12548.295636895222
16736.979529051972
12791.02926705637
14910.272335631824
12789.947877040146
12791.02926705637
12791.02926705637
12630.866046439422
12791.02926705637
12661.027525973303
12379.102469399755
12791.02926705637
12379.102469399755
12378.02107938353
15604.699417898619
12379.102469399755
12378.02107938353
12379.102469399755
12379.102469399755
12379.102469399755
15322.663356677538
12379.102469399755
12379.102469399755
12249.100728316687
14374.545686543244
12833.77312958925
12379.102469399755
14100.576222374508
16786.432683356852
12379.102469399755
12379.102469399755
14051.522455269669
12378.02107938353
12379.102469399755
12379.102469399755
12379.102469399755
12379.102469399755
12833.77312958925
12249.100728316687
13707.921196237698
14061.225324305191
12249.100728316687
14061.225324305191
12379.102469399755
13863.786384130382
12379.102469399755
12379.102469399755
12379.102469399755
11919.829827490934
12379.102469399755
12249.100728316687
12153.164364317008
16736.979529051972
12379.102469399755
12249.100728316687
12249.100728316687
12379.102469399755
12249.100728316687
12116.641608990754
12249.100728316687
12249.100728316687
11972.299195180536
12249.100728316687
11972.299195180538
12249.100728316687
12249.100728316687
12249.100728316687
12249.100728316687
12249.100728316687
11972.299195180538
12249.100728316687
12249.100728316687
11972.299195180538
12249.100728316687
11919.829827490934
11919.829827490934
11919.829827490934
11919.829827490934
11919.829827490934
15881.520707387534
11971.217805164311
11919.829827490934
11919.829827490934
11971.217805164311
11972.299195180538
11971.217805164311
11972.299195180538
12292.659208026422
11919.829827490934
11919.829827490934
12886.24454874292
11919.829827490934
11919.829827490934
13781.963950850852
11919.829827490934
11919.829827490934
11919.829827490934
12379.102469399755
11919.829827490934
11640.189804935666
11919.829827490934
11919.829827490934
11919.829827490934
11919.829827490934
11972.299195180538
11919.829827490934
11919.829827490934
11971.217805164311
11919.829827490934
11704.714811334139
12249.100728316687
11919.829827490934
11691.577782609045
11919.829827490934
11919.829827490934
11919.829827490934
11919.829827490934
11919.829827490934
11919.829827490934
11919.829827490934
11919.829827490934
11919.829827490934
12249.100728316687
11919.829827490934
11919.829827490934
11640.189804935666
11640.18980493567
11640.18980493567
11640.18980493567
11640.18980493567
11640.18980493567
11640.18980493567
11640.18980493567
11640.18980493567
11640.18980493567
11972.299195180538
11640.18980493567
11640.18980493567
11640.18980493567
11640.18980493567
11640.189804935666
11640.18980493567
11640.18980493567
11640.189804935666
11640.18980493567
11919.829827490934
11640.18980493567
11640.18980493567
11972.299195180538
11640.18980493567
11445.980486896015
11640.18980493567
11640.18980493567
11640.18980493567
11640.18980493567
11640.18980493567
11640.18980493567
11640.18980493567
11691.577782609045
11640.18980493567
11491.899656040938
11640.18980493567
11640.18980493567
11497.368464569394
11640.189804935666
11640.18980493567
11640.18980493567
11640.18980493567
11640.18980493567
11640.18980493567
11640.18980493567
11640.18980493567
11919.829827490934
11674.90732500897
11640.18980493567
11640.18980493567
11445.980486896015
11445.980486896016
11445.980486896016
11445.980486896016
11445.980486896016
11445.980486896016
11445.980486896016
11445.980486896016
11445.980486896016
11445.980486896016
11445.980486896016
11640.18980493567
11445.980486896016
11445.980486896016
11445.980486896016
11445.980486896015
11445.980486896016
11445.980486896016
11445.980486896015
11445.980486896016
11445.980486896016
11445.980486896016
11445.980486896016
11692.65917262527
11445.980486896016
11445.980486896015
11445.980486896016
11445.980486896016
11445.980486896016
11445.980486896016
11445.980486896016
11445.980486896016
11640.18980493567
11445.980486896016
11445.980486896016
11123.105769932683
11445.980486896016
11445.980486896016
11316.644257403654
11445.980486896015
11445.980486896016
11445.980486896016
11445.980486896016
11445.980486896016
11445.980486896016
11445.980486896016
11445.980486896016
11445.980486896016
11445.045664549245
11445.980486896016
11445.980486896016
11445.980486896015
11346.494173671592
11445.980486896016
11346.494173671592
11445.980486896016
11346.494173671592
11346.494173671592
11346.494173671592
11445.980486896016
11346.494173671592
11346.494173671592
11445.980486896016
11346.494173671592
11445.980486896016
11346.494173671592
11346.49417367159
11346.494173671592
11445.980486896016
11346.49417367159
11445.980486896016
11445.980486896016
11445.980486896016
11346.494173671592
11445.980486896016
11346.494173671592
11123.105769932683
11346.494173671592
11123.105769932683
11123.105769932683
11123.105769932683
11123.105769932683
11123.105769932683
11123.105769932683
11123.105769932683
11123.105769932683
11123.105769932683
11346.494173671592
11123.105769932683
11123.105769932683
11123.105769932683
11123.105769932683
11123.105769932683
11123.105769932683
11123.105769932683
11123.105769932683
11123.105769932683
11346.494173671592
11123.105769932683
11123.105769932683
11123.105769932683
11123.105769932683
11346.49417367159
11123.105769932683
11123.105769932683
11123.105769932683
11123.105769932683
11123.105769932683
11216.850151607563
11216.850151607563
11346.494173671592
11123.105769932683
11123.105769932683
11123.105769932683
11123.105769932683
11123.105769932683
11123.105769932683
11123.105769932683
11123.105769932683
11123.105769932683
11216.850151607561
11123.105769932683
11123.105769932683
11346.494173671592
11123.105769932683
11123.105769932683
11123.105769932683
10691.323917085985
11216.850151607563
11123.105769932683
11123.105769932683
11123.105769932683
11123.105769932683
10691.323917085987
11123.105769932683
11123.105769932683
10691.323917085987
10691.323917085985
11346.494173671592
10691.323917085987
10691.323917085987
10691.323917085987
10691.323917085987
11123.105769932683
10691.323917085987
10691.323917085987
10691.323917085987
10691.323917085987
10691.323917085987
10691.323917085987
10691.323917085987
10691.323917085987
10691.323917085987
10691.323917085987
10691.323917085987
10691.323917085987
10691.323917085987
10691.323917085987
10691.323917085987
10691.323917085987
11216.850151607563
10691.323917085987
10691.323917085987
10691.323917085987
10691.323917085987
10691.323917085987
10691.323917085987
10691.323917085987
10691.323917085987
10691.323917085987
10691.323917085987
10691.323917085987
10691.323917085987
10691.323917085987
10691.323917085987
10691.323917085987
10691.323917085987
10691.323917085987
10586.074924436722
10691.323917085987
10691.323917085987
10691.323917085987
10691.323917085987
10691.323917085987
10586.074924436723
10691.323917085987
10691.323917085987
10586.074924436723
10586.074924436722
10586.074924436723
10586.074924436723
10586.074924436723
10586.074924436723
10586.074924436723
10691.323917085987
10586.074924436723
10586.074924436723
10586.074924436723
10586.074924436723
10586.074924436723
10586.074924436723
10586.074924436723
10586.074924436723
10586.074924436723
10586.074924436723
10586.074924436723
10586.074924436723
10691.323917085987
10586.074924436723
10586.074924436723
10586.074924436723
10586.074924436723
10586.074924436723
10586.074924436723
10691.323917085987
10586.074924436723
10586.074924436723
10586.074924436723
10586.074924436723
10586.074924436723
10586.074924436723
10586.074924436723
10586.074924436723
10586.074924436723
10586.074924436723
10586.074924436723
10586.074924436723
10586.074924436723
10586.074924436723
10455.911460266749
10586.074924436723
10586.074924436723
10691.323917085987
10586.074924436723
10586.074924436723
10455.911460266749
10586.074924436723
10586.074924436723
10586.074924436723
10455.911460266749
10455.911460266749
10455.911460266749
10455.911460266749
10455.911460266749
10455.911460266749
10586.074924436723
10586.074924436723
10455.911460266749
10455.911460266749
10455.911460266749
10586.074924436723
10455.911460266749
10455.911460266749
10455.911460266749
10455.911460266749
10455.911460266749
10455.911460266749
10455.911460266749
10455.911460266749
10455.911460266749
10455.911460266749
10455.911460266749
10455.911460266749
10455.911460266749
10455.911460266749
10455.911460266749
10455.911460266749
10455.911460266749
10455.911460266749
10455.911460266749
10455.911460266749
10455.911460266749
10455.911460266749
10455.911460266749
10455.911460266749
10455.911460266749
10455.911460266749
10455.911460266749
10455.911460266749
10455.911460266749
10356.308437201498
10455.911460266749
10455.911460266749
10455.911460266749
10455.911460266749
10455.911460266749
10356.3084372015
10455.911460266749
10455.911460266749
10455.911460266749
10356.308437201498
10356.3084372015
10356.3084372015
10356.3084372015
10356.3084372015
10356.3084372015
10356.3084372015
10356.3084372015
10356.3084372015
10356.3084372015
10356.3084372015
10356.3084372015
10356.3084372015
10356.3084372015
10356.3084372015
10356.3084372015
10356.3084372015
10356.3084372015
10356.3084372015
10356.3084372015
10356.3084372015
10356.3084372015
10356.3084372015
10356.3084372015
10356.3084372015
10356.3084372015
10356.3084372015
10356.3084372015
10356.3084372015
10356.3084372015
10356.3084372015
10356.3084372015
10356.3084372015
10356.3084372015
10455.911460266749
10356.3084372015
10356.3084372015
10356.3084372015
10356.3084372015
10356.3084372015
10356.3084372015
10356.308437201498
10356.3084372015
10356.3084372015
10356.3084372015
10356.3084372015
10356.3084372015
10356.308437201498
10356.3084372015
10356.3084372015
10455.911460266749
10356.308437201498
10244.312320185867
10244.312320185867
10244.312320185867
10356.308437201498
10356.308437201498
10244.312320185867
10244.312320185867
10244.312320185867
10356.3084372015
10356.308437201498
10244.312320185867
10356.3084372015
10356.3084372015
10244.312320185867
10356.3084372015
10356.3084372015
10244.312320185867
10356.3084372015
10244.312320185867
10356.3084372015
10356.3084372015
10356.3084372015
10356.308437201498
10244.312320185867
10356.3084372015
10356.3084372015
10244.312320185867
10244.312320185867
10244.312320185867
10356.3084372015
10356.3084372015
10244.312320185867
10244.312320185867
10356.3084372015
10244.312320185867
10356.308437201498
10356.3084372015
10356.3084372015
10244.312320185867
10356.3084372015
10244.312320185865
10244.312320185865
10244.312320185865
10244.312320185865
10244.312320185865
10244.312320185865
10244.312320185865
10244.312320185865
10356.3084372015
10244.312320185865
10244.312320185865
10244.312320185865
10244.312320185867
10244.312320185867
10244.312320185867
10244.312320185867
10244.312320185865
10189.619690742538
10244.312320185867
10244.312320185867
10244.312320185865
10189.619690742538
10244.312320185867
10356.3084372015
10244.312320185865
10244.312320185867
10244.312320185867
10244.312320185867
10244.312320185867
10189.619690742538
10244.312320185867
10356.3084372015
10244.312320185867
10244.312320185867
10189.619690742538
10244.312320185867
10244.312320185867
10244.312320185865
10244.312320185867
10189.619690742538
10244.312320185867
10244.312320185867
10244.312320185867
10244.312320185867
10244.312320185867
10189.619690742538
10244.312320185867
10244.312320185867
10244.312320185867
10244.312320185867
10244.312320185867
10225.272033162611
10189.619690742538
10189.619690742538
10189.619690742538
10189.619690742538
10189.619690742538
10189.619690742538
10189.619690742538
10189.619690742538
10189.619690742538
10189.619690742538
10189.619690742538
10189.619690742538
10189.619690742538
10189.619690742538
10189.619690742538
10189.619690742538
10189.619690742538
10225.272033162611
10225.272033162611
10189.619690742538
10189.619690742538
10225.272033162611
10225.272033162611
10225.272033162611
10244.312320185867
10189.619690742538
10225.272033162611
10225.272033162611
10189.619690742538
10189.619690742538
10225.272033162611
10189.619690742538
10189.619690742538
10189.619690742538
10225.272033162611
10225.272033162611
10244.312320185865
10225.272033162611
10189.619690742538
10225.272033162611
10189.619690742538
10225.272033162611
10189.619690742538
10189.619690742538
10189.619690742538
10189.619690742538
10189.619690742538
10189.619690742538
10189.619690742538
10189.619690742538
10189.619690742538
10189.619690742538
10189.619690742538
10189.619690742538
10189.619690742538
10189.619690742538
10189.619690742538
10189.619690742538
10189.619690742538
10189.619690742538
10189.619690742538
10189.619690742538
10189.619690742538
10189.619690742538
10189.619690742538
10189.619690742538
10189.619690742538
10189.619690742538
10225.272033162611
10169.580535372535
10189.619690742538
10189.619690742538
10169.580535372535
10225.272033162611
10189.619690742538
10189.619690742538
10189.619690742538
10169.580535372535
10189.619690742538
10189.619690742538
10189.619690742538
10189.619690742538
10189.619690742538
10189.619690742538
10189.619690742538
10169.580535372535
10189.619690742538
10189.619690742538
10169.580535372535
10189.619690742538
10189.619690742538
10189.619690742538
10169.580535372535
10189.619690742538
10189.619690742538
10169.580535372535
10189.619690742538
10189.619690742538
10189.619690742538
10189.619690742538
10189.619690742538
10224.273164815862
10169.580535372535
10169.580535372535
10169.580535372535
10169.580535372535
10169.580535372535
10169.580535372535
10169.580535372535
10169.580535372535
10169.580535372535
10169.580535372535
10169.580535372535
10169.580535372535
10169.580535372535
10169.580535372535
10169.580535372535
10169.580535372535
10189.619690742538
10169.580535372535
10169.580535372535
10189.619690742538
10189.619690742538
10169.580535372535
10224.273164815862
10189.619690742538
10189.619690742538
10189.619690742538
10169.580535372535
10189.619690742538
10189.619690742538
10189.619690742538
10189.619690742538
10189.619690742538
10189.619690742538
10189.619690742538
10169.580535372535
10189.619690742538
10189.619690742538
10169.580535372535
10189.619690742538
10189.619690742538
10189.619690742538
10169.580535372535
10189.619690742538
10189.619690742538
10169.580535372535
10189.619690742538
10189.619690742538
10189.619690742538
10189.619690742538
10189.619690742538
10224.273164815862
10169.580535372535
10169.580535372535
10169.580535372535
10169.580535372535
10169.580535372535
10169.580535372535
10169.580535372535
10169.580535372535
10169.580535372535
10169.580535372535
10169.580535372535
10169.580535372535
10169.580535372535
10169.580535372535
10169.580535372535
10169.580535372535
10189.619690742538
10169.580535372535
10169.580535372535
10189.619690742538
10189.619690742538
10169.580535372535
10169.580535372535
10189.619690742538
10189.619690742538
10189.619690742538
10169.580535372535
10189.619690742538
10189.619690742538
10189.619690742538
10189.619690742538
10189.619690742538
10189.619690742538
10189.619690742538
10169.580535372535
10189.619690742538
10189.619690742538
10169.580535372535
10169.580535372535
10189.619690742538
10189.619690742538
10169.580535372535
10189.619690742538
10189.619690742538
10169.580535372535
10189.619690742538
10189.619690742538
10189.619690742538
10189.619690742538
10189.619690742538
10169.580535372535
10169.580535372535
10169.580535372535
10169.580535372535
10169.580535372535
10169.580535372535
10169.580535372535
10169.580535372535
10169.580535372535
10169.580535372535
10169.580535372535
10169.580535372535
10169.580535372535
10169.580535372535
10169.580535372535
10169.580535372535
10169.580535372535
10169.580535372535
10169.580535372535
10169.580535372535
10169.580535372535
10169.580535372535
10169.580535372535
10169.580535372535
10189.619690742538
10169.580535372535
10189.619690742538
10169.580535372535
10169.580535372535
10169.580535372535
10169.580535372535
10169.580535372535
10169.580535372535
10189.619690742538
10169.580535372535
10169.580535372535
10169.580535372535
10169.580535372535
10169.580535372535
10169.580535372535
10169.580535372535
10169.580535372535
10169.580535372535
10169.580535372535
10169.580535372535
10169.580535372535
10169.580535372535
10169.580535372535
10169.580535372535
10189.619690742538
10169.580535372535
10169.580535372535
10169.580535372535
10169.580535372535
10169.580535372535
10169.580535372535
10169.580535372535
10169.580535372535
10169.580535372535
10169.580535372535
10169.580535372535
10169.580535372535
10169.580535372535
10169.580535372535
10169.580535372535
10169.580535372535
10169.580535372535
10169.580535372535
10169.580535372535
10169.580535372535
10169.580535372535
10169.580535372535
10169.580535372535
10169.580535372535
10169.580535372535
10169.580535372535
10169.580535372535
10169.580535372535
10169.580535372535
10169.580535372535
10169.580535372535
10169.580535372535
10169.580535372535
10169.580535372535
10169.580535372535
10169.580535372535
10169.580535372535
10169.580535372535
10169.580535372535
10169.580535372535
10169.580535372535
10169.580535372535
10169.580535372535
10169.580535372535
10169.580535372535
10169.580535372535
10169.580535372535
10169.580535372535
10169.580535372535
10169.580535372535
10169.580535372535
10169.580535372535
10224.273164815862
10169.580535372535
10169.580535372535
10169.580535372535
10169.580535372535
10169.580535372535
10169.580535372535
10169.580535372535
10169.580535372535
10169.580535372535
10169.580535372535
10169.580535372535
10169.580535372535
10169.580535372535
10169.580535372535
10169.580535372535
10169.580535372535
10169.580535372535
10169.580535372535
10169.580535372535
10169.580535372535
10169.580535372535
10169.580535372535
10169.580535372535
10169.580535372535
10169.580535372535
10169.580535372535
10169.580535372535
10169.580535372535
10169.580535372535
10169.580535372535
10169.580535372535
10169.580535372535
10169.580535372535
10169.580535372535
10169.580535372535
10169.580535372535
10169.580535372535
10169.580535372535
10169.580535372535
10169.580535372535
10169.580535372535
10169.580535372535
10169.580535372535
10169.580535372535
10169.580535372535
10169.580535372535
10169.580535372535
10169.580535372535
10169.580535372535
10169.580535372535
10169.580535372535
10169.580535372535
10169.580535372535
10169.580535372535
10169.580535372535
10169.580535372535
10169.580535372535
10169.580535372535
10169.580535372535
10169.580535372535
10169.580535372535
10169.580535372535
10169.580535372535
10169.580535372535
10169.580535372535
10169.580535372535
10169.580535372535
10169.580535372535
10169.580535372535
10169.580535372535
10169.580535372535
10169.580535372535
10169.580535372535
10169.580535372535
10169.580535372535
10169.580535372535
10169.580535372535
10169.580535372535
10169.580535372535
10169.580535372535
10169.580535372535
10169.580535372535
10169.580535372535
10169.580535372535
10169.580535372535
10169.580535372535
10169.580535372535
10169.580535372535
10169.580535372535
10169.580535372535
10169.580535372535
10169.580535372535
10169.580535372535
10169.580535372535
10169.580535372535
10169.580535372535
10169.580535372535
10169.580535372535
10169.580535372535
10169.580535372535
10169.580535372535
10169.580535372535
10169.580535372535
10169.580535372535
10169.580535372535
10169.580535372535
10169.580535372535
10169.580535372535
10169.580535372535
10169.580535372535
10169.580535372535
10169.580535372535
10169.580535372535
10169.580535372535
10169.580535372535
10169.580535372535
10169.580535372535
10169.580535372535
10169.580535372535
10169.580535372535
10169.580535372535
10169.580535372535
10169.580535372535
10169.580535372535
10169.580535372535
10169.580535372535
10169.580535372535
10169.580535372535
10169.580535372535
10169.580535372535
10169.580535372535
10169.580535372535
10169.580535372535
10169.580535372535
10169.580535372535
10169.580535372535
10169.580535372535
10169.580535372535
10169.580535372535
10169.580535372535
10169.580535372535
10169.580535372535
10169.580535372535
10169.580535372535
10169.580535372535
10169.580535372535
10169.580535372535
10169.580535372535
10169.580535372535
10169.580535372535
10169.580535372535
10169.580535372535
10169.580535372535
10169.580535372535
10169.580535372535
10169.580535372535
10169.580535372535
10169.580535372535
10169.580535372535
10169.580535372535
10169.580535372535
10169.580535372535
10169.580535372535
10169.580535372535
10169.580535372535
10169.580535372535
10169.580535372535
10169.580535372535
10169.580535372535
10169.580535372535
10169.580535372535
10169.580535372535
10169.580535372535
10169.580535372535
10169.580535372535
10169.580535372535
10169.580535372535
10169.580535372535
10169.580535372535
10169.580535372535
10169.580535372535
10169.580535372535
10169.580535372535
10169.580535372535
10169.580535372535
10169.580535372535
10169.580535372535
10169.580535372535
10169.580535372535
10169.580535372535
10169.580535372535
10169.580535372535
10169.580535372535
10169.580535372535
10169.580535372535
10169.580535372535
10169.580535372535
10169.580535372535
10169.580535372535
10169.580535372535
10169.580535372535
10169.580535372535
10169.580535372535
10224.273164815862
10169.580535372535
10169.580535372535
10169.580535372535
10169.580535372535
10169.580535372535
10169.580535372535
10169.580535372535
10169.580535372535
10169.580535372535
10169.580535372535
10169.580535372535
10169.580535372535
10169.580535372535
10169.580535372535
10169.580535372535
10169.580535372535
10169.580535372535
10169.580535372535
10169.580535372535
10169.580535372535
10169.580535372535
10169.580535372535
10169.580535372535
10169.580535372535
10169.580535372535
10169.580535372535
10169.580535372535
10169.580535372535
10169.580535372535
10169.580535372535
10169.580535372535
10169.580535372535
10169.580535372535
10169.580535372535
10169.580535372535
10169.580535372535
10169.580535372535
10169.580535372535
10169.580535372535
10169.580535372535
10169.580535372535
10169.580535372535
10169.580535372535
10169.580535372535
10169.580535372535
10169.580535372535
10169.580535372535
10169.580535372535
10169.580535372535
10169.580535372535
10224.273164815862
10169.580535372535
10169.580535372535
10169.580535372535
10169.580535372535
10169.580535372535
10169.580535372535
10169.580535372535
10169.580535372535
10169.580535372535
10169.580535372535
10169.580535372535
10169.580535372535
10169.580535372535
10169.580535372535
10169.580535372535
10169.580535372535
10169.580535372535
10169.580535372535
10169.580535372535
10169.580535372535
10169.580535372535
10169.580535372535
10169.580535372535
10169.580535372535
10169.580535372535
10169.580535372535
10169.580535372535
10169.580535372535
10169.580535372535
10169.580535372535
10169.580535372535
10169.580535372535
10169.580535372535
10169.580535372535
10169.580535372535
10169.580535372535
10169.580535372535
10169.580535372535
10169.580535372535
10169.580535372535
10169.580535372535
10169.580535372535
10169.580535372535
10169.580535372535
10169.580535372535
10169.580535372535
10169.580535372535
10169.580535372535
10169.580535372535
10169.580535372535
10169.580535372535
10169.580535372535
10169.580535372535
10169.580535372535
10169.580535372535
10169.580535372535
10169.580535372535
10169.580535372535
10169.580535372535
10169.580535372535
10169.580535372535
10169.580535372535
10169.580535372535
10169.580535372535
10169.580535372535
10169.580535372535
10169.580535372535
10169.580535372535
10169.580535372535
10169.580535372535
10169.580535372535
10169.580535372535
10169.580535372535
10169.580535372535
10169.580535372535
10169.580535372535
10169.580535372535
10169.580535372535
10169.580535372535
10169.580535372535
10169.580535372535
10169.580535372535
10169.580535372535
10169.580535372535
10169.580535372535
10169.580535372535
10169.580535372535
10169.580535372535
10169.580535372535
10169.580535372535
10169.580535372535
10169.580535372535
10169.580535372535
10169.580535372535
10169.580535372535
10169.580535372535
10169.580535372535
10169.580535372535
10169.580535372535
10169.580535372535
10169.580535372535
10169.580535372535
10169.580535372535
10169.580535372535
10169.580535372535
10169.580535372535
10169.580535372535
10169.580535372535
10169.580535372535
10169.580535372535
10169.580535372535
10169.580535372535
10169.580535372535
10169.580535372535
10169.580535372535
10169.580535372535
10169.580535372535
10169.580535372535
10169.580535372535
10169.580535372535
10169.580535372535
10169.580535372535
10169.580535372535
10169.580535372535
10169.580535372535
10169.580535372535
10169.580535372535
10169.580535372535
10169.580535372535
10169.580535372535
10169.580535372535
10169.580535372535
10169.580535372535
10169.580535372535
10169.580535372535
10169.580535372535
10169.580535372535
10169.580535372535
10169.580535372535
10169.580535372535
10169.580535372535
10169.580535372535
10169.580535372535
10169.580535372535
10169.580535372535
10169.580535372535
10169.580535372535
10169.580535372535
10169.580535372535
10169.580535372535
10169.580535372535
10169.580535372535
10169.580535372535
10169.580535372535
10169.580535372535
10169.580535372535
10169.580535372535
10169.580535372535
10169.580535372535
10169.580535372535
10169.580535372535
10169.580535372535
10169.580535372535
10169.580535372535
10169.580535372535
10169.580535372535
10169.580535372535
10169.580535372535
10169.580535372535
10169.580535372535
10169.580535372535
10169.580535372535
10169.580535372535
10169.580535372535
10169.580535372535
10169.580535372535
10169.580535372535
10169.580535372535
10169.580535372535
10169.580535372535
10169.580535372535
10169.580535372535
10169.580535372535
10169.580535372535
10169.580535372535
10169.580535372535
10169.580535372535
10169.580535372535
10169.580535372535
10169.580535372535
10169.580535372535
10169.580535372535
10169.580535372535
10169.580535372535
10169.580535372535
10169.580535372535
10169.580535372535
10169.580535372535
10169.580535372535
10169.580535372535
10169.580535372535
10169.580535372535
10169.580535372535
10169.580535372535
10169.580535372535
10169.580535372535
10169.580535372535
10169.580535372535
10169.580535372535
10169.580535372535
10169.580535372535
10169.580535372535
10169.580535372535
10169.580535372535
10169.580535372535
10169.580535372535
10169.580535372535
10169.580535372535
10169.580535372535
10169.580535372535
10169.580535372535
10169.580535372535
10169.580535372535
10169.580535372535
10169.580535372535
10169.580535372535
10169.580535372535
10169.580535372535
10169.580535372535
10169.580535372535
10169.580535372535
10169.580535372535
10169.580535372535
10169.580535372535
10169.580535372535
10169.580535372535
10169.580535372535
10169.580535372535
10169.580535372535
10169.580535372535
10169.580535372535
10169.580535372535
10169.580535372535
10169.580535372535
10169.580535372535
10169.580535372535
10169.580535372535
10169.580535372535
10169.580535372535
10169.580535372535
10169.580535372535
10169.580535372535
10169.580535372535
10169.580535372535
10169.580535372535
10169.580535372535
10169.580535372535
10169.580535372535
10169.580535372535
10169.580535372535
10169.580535372535
10169.580535372535
10169.580535372535
10169.580535372535
10169.580535372535
10169.580535372535
10169.580535372535
10169.580535372535
10169.580535372535
10169.580535372535
10169.580535372535
10169.580535372535
10169.580535372535
10169.580535372535
10169.580535372535
10169.580535372535
10169.580535372535
10169.580535372535
10169.580535372535
10169.580535372535
10169.580535372535
10169.580535372535
10169.580535372535
10169.580535372535
10169.580535372535
10169.580535372535
10169.580535372535
10169.580535372535
10169.580535372535
10169.580535372535
10169.580535372535
10169.580535372535
10169.580535372535
10169.580535372535
10169.580535372535
10169.580535372535
10169.580535372535
10169.580535372535
10169.580535372535
10169.580535372535
10169.580535372535
10169.580535372535
10169.580535372535
10169.580535372535
10169.580535372535
10169.580535372535
10169.580535372535
10169.580535372535
10169.580535372535
10169.580535372535
10169.580535372535
10169.580535372535
10169.580535372535
10169.580535372535
10169.580535372535
10169.580535372535
10169.580535372535
10169.580535372535
10169.580535372535
10169.580535372535
10169.580535372535
10169.580535372535
10169.580535372535
10169.580535372535
10169.580535372535
10169.580535372535
10169.580535372535
10169.580535372535
10169.580535372535
10169.580535372535
10169.580535372535
10169.580535372535
10169.580535372535
10169.580535372535
10169.580535372535
10169.580535372535
10169.580535372535
10169.580535372535
10169.580535372535
10169.580535372535
10169.580535372535
10169.580535372535
10169.580535372535
10169.580535372535
10169.580535372535
10169.580535372535
10169.580535372535
10169.580535372535
10169.580535372535
10169.580535372535
10169.580535372535
10169.580535372535
10169.580535372535
10169.580535372535
10169.580535372535
10169.580535372535
10169.580535372535
10169.580535372535
10169.580535372535
10169.580535372535
10169.580535372535
10169.580535372535
10169.580535372535
10169.580535372535
10169.580535372535
10169.580535372535
10169.580535372535
10169.580535372535
10169.580535372535
10169.580535372535
10169.580535372535
10169.580535372535
10169.580535372535
10169.580535372535
10169.580535372535
10169.580535372535
10169.580535372535
10169.580535372535
10169.580535372535
10169.580535372535
10169.580535372535
10169.580535372535
10169.580535372535
10169.580535372535
10169.580535372535
10169.580535372535
10169.580535372535
10169.580535372535
10169.580535372535
10169.580535372535
10169.580535372535
10169.580535372535
10169.580535372535
10169.580535372535
10169.580535372535
10169.580535372535
10169.580535372535
10169.580535372535
10169.580535372535
10169.580535372535
10169.580535372535
10169.580535372535
10169.580535372535
10169.580535372535
10169.580535372535
10169.580535372535
10169.580535372535
10169.580535372535
10169.580535372535
10169.580535372535
10169.580535372535
10169.580535372535
10169.580535372535
10169.580535372535
10169.580535372535
10169.580535372535
10169.580535372535
10169.580535372535
10169.580535372535
10169.580535372535
10169.580535372535
10169.580535372535
10169.580535372535
10169.580535372535
10169.580535372535
10169.580535372535
10169.580535372535
10169.580535372535
10169.580535372535
10169.580535372535
10169.580535372535
10169.580535372535
10169.580535372535
10169.580535372535
10169.580535372535
10169.580535372535
10169.580535372535
10169.580535372535
10169.580535372535
10169.580535372535
10169.580535372535
10169.580535372535
10169.580535372535
10169.580535372535
10169.580535372535
10169.580535372535
10169.580535372535
10169.580535372535
10169.580535372535
10169.580535372535
10169.580535372535
10169.580535372535
10169.580535372535
10169.580535372535
10169.580535372535
10169.580535372535
10169.580535372535
10169.580535372535
10224.273164815862
10169.580535372535
10169.580535372535
10169.580535372535
10169.580535372535
10169.580535372535
10169.580535372535
10169.580535372535
10169.580535372535
10169.580535372535
10169.580535372535
10169.580535372535
10169.580535372535
10169.580535372535
10169.580535372535
10169.580535372535
10169.580535372535
10169.580535372535
10169.580535372535
10169.580535372535
10169.580535372535
10169.580535372535
10169.580535372535
10169.580535372535
10169.580535372535
10169.580535372535
10169.580535372535
10169.580535372535
10169.580535372535
10169.580535372535
10169.580535372535
10169.580535372535
10169.580535372535
10169.580535372535
10169.580535372535
10169.580535372535
10169.580535372535
10169.580535372535
10169.580535372535
10169.580535372535
10169.580535372535
10169.580535372535
10169.580535372535
10169.580535372535
10169.580535372535
10169.580535372535
10169.580535372535
10169.580535372535
10169.580535372535
10169.580535372535
10169.580535372535
10169.580535372535
10169.580535372535
10169.580535372535
10169.580535372535
10169.580535372535
10169.580535372535
10169.580535372535
10169.580535372535
10169.580535372535
10169.580535372535
10169.580535372535
10169.580535372535
10169.580535372535
10169.580535372535
10169.580535372535
10169.580535372535
10169.580535372535
10169.580535372535
10169.580535372535
10169.580535372535
10169.580535372535
10169.580535372535
10169.580535372535
10169.580535372535
10169.580535372535
10169.580535372535
10169.580535372535
10169.580535372535
10169.580535372535
10169.580535372535
10169.580535372535
10169.580535372535
10169.580535372535
10169.580535372535
10169.580535372535
10169.580535372535
10169.580535372535
10169.580535372535
10169.580535372535
10169.580535372535
10169.580535372535
10169.580535372535
10169.580535372535
10169.580535372535
10169.580535372535
10169.580535372535
10169.580535372535
10169.580535372535
10169.580535372535
10169.580535372535
10169.580535372535
10224.273164815862
10169.580535372535
10169.580535372535
10169.580535372535
10169.580535372535
10169.580535372535
10169.580535372535
10169.580535372535
10169.580535372535
10169.580535372535
10169.580535372535
10169.580535372535
10169.580535372535
10169.580535372535
10169.580535372535
10169.580535372535
10169.580535372535
10169.580535372535
10169.580535372535
10169.580535372535
10169.580535372535
10169.580535372535
10169.580535372535
10169.580535372535
10169.580535372535
10169.580535372535
10169.580535372535
10169.580535372535
10169.580535372535
10169.580535372535
10169.580535372535
10169.580535372535
10169.580535372535
10169.580535372535
10169.580535372535
10169.580535372535
10169.580535372535
10169.580535372535
10169.580535372535
10169.580535372535
10169.580535372535
10169.580535372535
10169.580535372535
10169.580535372535
10169.580535372535
10169.580535372535
10169.580535372535
10169.580535372535
10169.580535372535
10169.580535372535
10169.580535372535
10169.580535372535
10169.580535372535
10169.580535372535
10169.580535372535
10169.580535372535
10169.580535372535
10169.580535372535
10169.580535372535
10169.580535372535
10169.580535372535
10169.580535372535
10169.580535372535
10169.580535372535
10169.580535372535
10169.580535372535
10169.580535372535
10169.580535372535
10169.580535372535
10169.580535372535
10169.580535372535
10169.580535372535
10169.580535372535
10169.580535372535
10169.580535372535
10169.580535372535
10169.580535372535
10169.580535372535
10169.580535372535
10169.580535372535
10169.580535372535
10169.580535372535
10169.580535372535
10169.580535372535
10169.580535372535
10169.580535372535
10169.580535372535
10169.580535372535
10169.580535372535
10169.580535372535
10169.580535372535
10169.580535372535
10169.580535372535
10169.580535372535
10169.580535372535
10169.580535372535
10169.580535372535
10169.580535372535
10169.580535372535
10169.580535372535
10169.580535372535
10169.580535372535
10169.580535372535
10169.580535372535
10169.580535372535
10169.580535372535
10169.580535372535
10169.580535372535
10169.580535372535
10169.580535372535
10169.580535372535
10169.580535372535
10169.580535372535
10169.580535372535
10169.580535372535
10169.580535372535
10169.580535372535
10169.580535372535
10169.580535372535
10169.580535372535
10169.580535372535
10169.580535372535
10169.580535372535
10169.580535372535
10169.580535372535
10169.580535372535
10169.580535372535
10169.580535372535
10169.580535372535
10169.580535372535
10169.580535372535
10169.580535372535
10169.580535372535
10169.580535372535
10169.580535372535
10169.580535372535
10169.580535372535
10169.580535372535
10169.580535372535
10169.580535372535
10169.580535372535
10169.580535372535
10169.580535372535
10169.580535372535
10169.580535372535
10169.580535372535
10169.580535372535
10169.580535372535
10169.580535372535
10169.580535372535
10169.580535372535
10169.580535372535
10169.580535372535
10169.580535372535
10169.580535372535
10169.580535372535
10169.580535372535
10169.580535372535
10169.580535372535
10169.580535372535
10169.580535372535
10169.580535372535
10169.580535372535
10169.580535372535
10169.580535372535
10169.580535372535
10169.580535372535
10169.580535372535
10169.580535372535
10169.580535372535
10169.580535372535
10169.580535372535
10169.580535372535
10169.580535372535
10169.580535372535
10169.580535372535
10169.580535372535
10169.580535372535
10169.580535372535
10169.580535372535
10169.580535372535
10169.580535372535
10169.580535372535
10169.580535372535
10169.580535372535
10169.580535372535
10169.580535372535
10169.580535372535
10169.580535372535
10169.580535372535
10169.580535372535
10169.580535372535
10169.580535372535
10169.580535372535
10169.580535372535
10169.580535372535
10169.580535372535
10169.580535372535
10169.580535372535
10169.580535372535
10169.580535372535
10169.580535372535
10169.580535372535
10169.580535372535
10169.580535372535
10169.580535372535
10169.580535372535
10169.580535372535
10169.580535372535
10169.580535372535
10169.580535372535
10169.580535372535
10169.580535372535
10169.580535372535
10169.580535372535
10169.580535372535
10169.580535372535
10169.580535372535
10169.580535372535
10169.580535372535
10169.580535372535
10169.580535372535
10169.580535372535
10169.580535372535
10169.580535372535
10169.580535372535
10169.580535372535
10169.580535372535
10169.580535372535
10169.580535372535
10169.580535372535
10169.580535372535
10169.580535372535
10169.580535372535
10169.580535372535
10169.580535372535
10169.580535372535
10169.580535372535
10169.580535372535
10169.580535372535
10169.580535372535
10169.580535372535
10169.580535372535
10169.580535372535
10169.580535372535
10169.580535372535
10169.580535372535
10169.580535372535
10169.580535372535
10169.580535372535
10169.580535372535
10169.580535372535
10169.580535372535
10169.580535372535
10169.580535372535
10169.580535372535
10169.580535372535
10169.580535372535
10169.580535372535
10169.580535372535
10169.580535372535
10169.580535372535
10169.580535372535
10169.580535372535
10169.580535372535
10169.580535372535
10169.580535372535
10169.580535372535
10169.580535372535
10169.580535372535
10169.580535372535
10169.580535372535
10169.580535372535
10169.580535372535
10169.580535372535
10169.580535372535
10169.580535372535
10169.580535372535
10169.580535372535
10169.580535372535
10169.580535372535
10169.580535372535
10169.580535372535
10169.580535372535
10169.580535372535
10169.580535372535
10169.580535372535
10169.580535372535
10169.580535372535
10169.580535372535
10169.580535372535
10169.580535372535
10169.580535372535
10169.580535372535
10169.580535372535
10169.580535372535
10169.580535372535
10169.580535372535
10169.580535372535
10169.580535372535
10169.580535372535
10169.580535372535
10169.580535372535
10169.580535372535
10169.580535372535
10169.580535372535
10169.580535372535
10169.580535372535
10169.580535372535
10169.580535372535
10169.580535372535
10169.580535372535
10169.580535372535
10169.580535372535
10169.580535372535
10169.580535372535
10169.580535372535
10169.580535372535
10169.580535372535
10169.580535372535
10169.580535372535
10169.580535372535
10169.580535372535
10169.580535372535
10169.580535372535
10169.580535372535
10169.580535372535
10169.580535372535
10169.580535372535
10169.580535372535
10169.580535372535
10169.580535372535
10169.580535372535
10169.580535372535
10169.580535372535
10169.580535372535
10169.580535372535
10169.580535372535
10169.580535372535
10169.580535372535
10169.580535372535
10169.580535372535
10169.580535372535
10169.580535372535
10169.580535372535
10169.580535372535
10169.580535372535
10169.580535372535
10169.580535372535
10169.580535372535
10169.580535372535
10169.580535372535
10169.580535372535
10169.580535372535
10169.580535372535
10169.580535372535
10169.580535372535
10169.580535372535
10169.580535372535
10169.580535372535
10169.580535372535
10169.580535372535
10169.580535372535
10169.580535372535
10169.580535372535
10169.580535372535
10169.580535372535
10169.580535372535
10169.580535372535
10169.580535372535
10169.580535372535
10169.580535372535
10169.580535372535
10169.580535372535
10169.580535372535
10169.580535372535
10169.580535372535
10169.580535372535
10169.580535372535
10169.580535372535
10169.580535372535
10169.580535372535
10169.580535372535
10169.580535372535
10169.580535372535
10169.580535372535
10169.580535372535
10169.580535372535
10169.580535372535
10169.580535372535
10169.580535372535
10169.580535372535
10169.580535372535
10169.580535372535
10169.580535372535
10169.580535372535
10169.580535372535
10169.580535372535
10169.580535372535
10169.580535372535
10169.580535372535
10169.580535372535
10169.580535372535
10169.580535372535
10169.580535372535
10169.580535372535
10169.580535372535
10169.580535372535
10169.580535372535
10169.580535372535
10169.580535372535
10169.580535372535
10169.580535372535
10169.580535372535
10169.580535372535
10169.580535372535
10169.580535372535
10169.580535372535
10169.580535372535
10169.580535372535
10169.580535372535
10169.580535372535
10169.580535372535
10169.580535372535
10169.580535372535
10169.580535372535
10169.580535372535
10169.580535372535
10169.580535372535
10169.580535372535
10169.580535372535
10169.580535372535
10169.580535372535
10169.580535372535
10169.580535372535
10169.580535372535
10169.580535372535
10169.580535372535
10169.580535372535
10169.580535372535
10169.580535372535
10169.580535372535
10169.580535372535
10169.580535372535
10169.580535372535
10169.580535372535
10169.580535372535
10169.580535372535
10169.580535372535
10169.580535372535
10169.580535372535
10169.580535372535
10169.580535372535
10169.580535372535
10169.580535372535
10169.580535372535
10169.580535372535
10169.580535372535
10169.580535372535
10169.580535372535
10169.580535372535
10169.580535372535
10169.580535372535
10169.580535372535
10169.580535372535
10169.580535372535
10169.580535372535
10169.580535372535
10169.580535372535
10169.580535372535
10169.580535372535
10169.580535372535
10169.580535372535
10169.580535372535
10169.580535372535
10169.580535372535
10169.580535372535
10169.580535372535
10169.580535372535
10169.580535372535
10169.580535372535
10169.580535372535
10169.580535372535
10169.580535372535
10169.580535372535
10169.580535372535
10169.580535372535
10169.580535372535
10169.580535372535
10169.580535372535
10169.580535372535
10169.580535372535
10169.580535372535
10169.580535372535
10169.580535372535
10169.580535372535
10169.580535372535
10169.580535372535
10169.580535372535
10169.580535372535
10169.580535372535
10169.580535372535
10169.580535372535
10169.580535372535
10169.580535372535
10169.580535372535
10169.580535372535
10169.580535372535
10169.580535372535
10169.580535372535
10169.580535372535
10169.580535372535
10169.580535372535
10169.580535372535
10169.580535372535
10169.580535372535
10169.580535372535
10169.580535372535
10169.580535372535
10169.580535372535
10169.580535372535
10169.580535372535
10169.580535372535
10169.580535372535
10169.580535372535
10169.580535372535
10169.580535372535
10169.580535372535
10169.580535372535
10169.580535372535
10169.580535372535
10169.580535372535
10169.580535372535
10169.580535372535
10169.580535372535
10169.580535372535
10169.580535372535
10169.580535372535
10169.580535372535
10169.580535372535
10169.580535372535
10169.580535372535
10169.580535372535
10169.580535372535
10169.580535372535
10169.580535372535
10169.580535372535
10169.580535372535
10169.580535372535
10169.580535372535
10169.580535372535
10169.580535372535
10169.580535372535
10169.580535372535
10169.580535372535
10169.580535372535
10169.580535372535
10169.580535372535
10169.580535372535
10169.580535372535
10169.580535372535
10169.580535372535
10169.580535372535
10169.580535372535
10169.580535372535
10169.580535372535
10169.580535372535
10169.580535372535
10169.580535372535
10169.580535372535
10169.580535372535
10169.580535372535
10169.580535372535
10169.580535372535
10169.580535372535
10169.580535372535
10169.580535372535
10169.580535372535
10169.580535372535
10169.580535372535
10169.580535372535
10169.580535372535
10169.580535372535
10169.580535372535
10169.580535372535
10169.580535372535
10169.580535372535
10169.580535372535
10169.580535372535
10169.580535372535
10169.580535372535
10169.580535372535
10169.580535372535
10169.580535372535
10169.580535372535
10169.580535372535
10169.580535372535
10169.580535372535
10169.580535372535
10169.580535372535
10169.580535372535
10169.580535372535
10169.580535372535
10169.580535372535
10169.580535372535
10169.580535372535
10169.580535372535
10169.580535372535
10169.580535372535
10169.580535372535
10169.580535372535
10169.580535372535
10169.580535372535
10169.580535372535
10169.580535372535
10169.580535372535
10169.580535372535
10169.580535372535
10169.580535372535
10169.580535372535
10169.580535372535
10169.580535372535
10169.580535372535
10169.580535372535
10169.580535372535
10169.580535372535
10169.580535372535
10169.580535372535
10169.580535372535
10169.580535372535
10169.580535372535
10169.580535372535
10169.580535372535
10169.580535372535
10169.580535372535
10169.580535372535
10169.580535372535
10169.580535372535
10169.580535372535
10169.580535372535
10169.580535372535
10169.580535372535
10169.580535372535
10169.580535372535
10169.580535372535
10169.580535372535
10169.580535372535
10169.580535372535
10169.580535372535
10169.580535372535
10169.580535372535
10169.580535372535
10169.580535372535
10169.580535372535
10169.580535372535
10169.580535372535
10169.580535372535
10169.580535372535
10169.580535372535
10169.580535372535
10169.580535372535
10169.580535372535
10169.580535372535
10169.580535372535
10169.580535372535
10169.580535372535
10169.580535372535
10169.580535372535
10169.580535372535
10169.580535372535
10169.580535372535
10169.580535372535
10169.580535372535
10169.580535372535
10169.580535372535
10169.580535372535
10169.580535372535
10169.580535372535
10169.580535372535
10169.580535372535
10169.580535372535
10169.580535372535
10169.580535372535
10169.580535372535
10169.580535372535
10169.580535372535
10169.580535372535
10169.580535372535
10169.580535372535
10169.580535372535
10169.580535372535
10169.580535372535
10169.580535372535
10169.580535372535
10169.580535372535
10169.580535372535
10169.580535372535
10169.580535372535
10169.580535372535
10169.580535372535
10169.580535372535
10169.580535372535
10169.580535372535
10169.580535372535
10169.580535372535
10169.580535372535
10169.580535372535
10169.580535372535
10169.580535372535
10169.580535372535
10169.580535372535
10169.580535372535
10169.580535372535
10169.580535372535
10169.580535372535
10169.580535372535
10169.580535372535
10169.580535372535
10169.580535372535
10169.580535372535
10169.580535372535
10169.580535372535
10169.580535372535
10169.580535372535
10169.580535372535
10169.580535372535
10169.580535372535
10169.580535372535
10169.580535372535
10169.580535372535
10169.580535372535
10169.580535372535
10169.580535372535
10169.580535372535
10169.580535372535
10169.580535372535
10169.580535372535
10169.580535372535
10169.580535372535
10169.580535372535
10169.580535372535
10169.580535372535
10169.580535372535
10169.580535372535
10169.580535372535
10169.580535372535
10169.580535372535
10169.580535372535
10169.580535372535
10169.580535372535
10169.580535372535
10169.580535372535
10169.580535372535
10169.580535372535
10169.580535372535
10169.580535372535
10169.580535372535
10169.580535372535
10169.580535372535
10169.580535372535
10169.580535372535
10169.580535372535
10169.580535372535
10169.580535372535
10169.580535372535
10169.580535372535
10169.580535372535
10169.580535372535
10169.580535372535
10169.580535372535
10169.580535372535
10169.580535372535
10169.580535372535
10169.580535372535
10169.580535372535
10169.580535372535
10169.580535372535
10169.580535372535
10169.580535372535
10169.580535372535
10169.580535372535
10169.580535372535
10169.580535372535
10169.580535372535
10169.580535372535
10169.580535372535
10169.580535372535
10169.580535372535
10169.580535372535
10169.580535372535
10169.580535372535
10169.580535372535
10169.580535372535
10169.580535372535
10169.580535372535
10169.580535372535
10169.580535372535
10169.580535372535
10169.580535372535
10169.580535372535
10169.580535372535
10169.580535372535
10169.580535372535
10169.580535372535
10169.580535372535
10169.580535372535
10169.580535372535
10169.580535372535
10169.580535372535
10169.580535372535
10169.580535372535
10169.580535372535
10169.580535372535
10169.580535372535
10169.580535372535
10169.580535372535
10224.273164815862
10169.580535372535
10169.580535372535
10169.580535372535
10169.580535372535
10169.580535372535
10169.580535372535
10169.580535372535
10169.580535372535
10169.580535372535
10169.580535372535
10169.580535372535
10169.580535372535
10169.580535372535
10169.580535372535
10169.580535372535
10169.580535372535
10169.580535372535
10169.580535372535
10169.580535372535
10169.580535372535
10169.580535372535
10169.580535372535
10169.580535372535
10169.580535372535
10169.580535372535
10169.580535372535
10169.580535372535
10169.580535372535
10169.580535372535
10169.580535372535
10169.580535372535
10169.580535372535
10169.580535372535
10169.580535372535
10169.580535372535
10169.580535372535
10169.580535372535
10169.580535372535
10169.580535372535
10169.580535372535
10169.580535372535
10169.580535372535
10169.580535372535
10169.580535372535
10169.580535372535
10169.580535372535
10169.580535372535
10169.580535372535
10169.580535372535
10169.580535372535
11115.647037642051
10169.580535372535
10169.580535372535
10169.580535372535
10169.580535372535
10169.580535372535
10169.580535372535
10169.580535372535
10169.580535372535
10169.580535372535
10169.580535372535
10169.580535372535
10169.580535372535
10169.580535372535
10169.580535372535
10169.580535372535
10169.580535372535
10169.580535372535
10169.580535372535
10169.580535372535
10169.580535372535
10169.580535372535
10169.580535372535
10169.580535372535
10169.580535372535
10169.580535372535
10169.580535372535
10169.580535372535
10169.580535372535
10169.580535372535
10169.580535372535
10169.580535372535
10169.580535372535
10169.580535372535
10169.580535372535
10169.580535372535
10169.580535372535
10169.580535372535
10169.580535372535
10169.580535372535
10169.580535372535
10169.580535372535
10169.580535372535
10169.580535372535
10169.580535372535
10169.580535372535
10169.580535372535
10169.580535372535
10169.580535372535
10169.580535372535
10169.580535372535
10169.580535372535
10169.580535372535
10169.580535372535
10169.580535372535
10169.580535372535
10169.580535372535
10169.580535372535
10169.580535372535
10169.580535372535
10169.580535372535
10169.580535372535
10169.580535372535
10169.580535372535
10169.580535372535
10169.580535372535
10169.580535372535
10169.580535372535
10169.580535372535
10169.580535372535
10169.580535372535
10169.580535372535
10169.580535372535
10169.580535372535
10169.580535372535
10169.580535372535
10169.580535372535
10169.580535372535
10169.580535372535
10169.580535372535
10169.580535372535
10169.580535372535
10169.580535372535
10169.580535372535
10169.580535372535
10169.580535372535
10169.580535372535
10169.580535372535
10169.580535372535
10169.580535372535
10169.580535372535
10169.580535372535
10169.580535372535
10169.580535372535
10169.580535372535
10169.580535372535
10169.580535372535
10169.580535372535
10169.580535372535
10169.580535372535
10169.580535372535
10169.580535372535
10169.580535372535
10169.580535372535
10169.580535372535
10169.580535372535
10169.580535372535
10169.580535372535
10169.580535372535
10169.580535372535
10169.580535372535
10169.580535372535
10169.580535372535
10169.580535372535
10169.580535372535
10169.580535372535
10169.580535372535
10169.580535372535
10169.580535372535
10169.580535372535
10169.580535372535
10169.580535372535
10169.580535372535
10169.580535372535
10169.580535372535
10169.580535372535
10169.580535372535
10169.580535372535
10169.580535372535
10169.580535372535
10169.580535372535
10169.580535372535
10169.580535372535
10169.580535372535
10169.580535372535
10169.580535372535
10169.580535372535
10169.580535372535
10169.580535372535
10169.580535372535
10169.580535372535
10169.580535372535
10169.580535372535
10169.580535372535
10169.580535372535
10169.580535372535
10169.580535372535
10169.580535372535
10169.580535372535
10169.580535372535
10169.580535372535
10169.580535372535
10169.580535372535
10169.580535372535
10169.580535372535
10169.580535372535
10169.580535372535
10169.580535372535
10169.580535372535
10169.580535372535
10169.580535372535
10169.580535372535
10169.580535372535
10169.580535372535
10169.580535372535
10169.580535372535
10169.580535372535
10169.580535372535
10169.580535372535
10169.580535372535
10169.580535372535
10169.580535372535
10169.580535372535
10169.580535372535
10169.580535372535
10169.580535372535
10169.580535372535
10169.580535372535
10169.580535372535
10169.580535372535
10169.580535372535
10169.580535372535
10169.580535372535
10169.580535372535
10169.580535372535
10169.580535372535
10169.580535372535
10169.580535372535
10169.580535372535
10169.580535372535
10169.580535372535
10169.580535372535
10169.580535372535
10169.580535372535
10169.580535372535
10169.580535372535
10169.580535372535
10169.580535372535
10169.580535372535
10169.580535372535
10169.580535372535
10169.580535372535
10169.580535372535
10169.580535372535
10169.580535372535
10169.580535372535
10169.580535372535
10169.580535372535
10169.580535372535
10169.580535372535
10169.580535372535
10169.580535372535
10169.580535372535
10169.580535372535
10169.580535372535
10169.580535372535
10169.580535372535
10169.580535372535
10169.580535372535
10169.580535372535
10169.580535372535
10169.580535372535
10169.580535372535
10169.580535372535
10169.580535372535
10169.580535372535
10169.580535372535
10169.580535372535
10169.580535372535
10169.580535372535
10169.580535372535
10169.580535372535
10169.580535372535
10169.580535372535
10169.580535372535
10169.580535372535
10169.580535372535
10169.580535372535
10169.580535372535
10169.580535372535
10169.580535372535
10169.580535372535
10169.580535372535
10169.580535372535
10169.580535372535
10169.580535372535
10169.580535372535
10169.580535372535
10169.580535372535
10169.580535372535
10169.580535372535
10169.580535372535
10169.580535372535
10169.580535372535
10169.580535372535
10169.580535372535
10169.580535372535
10169.580535372535
10169.580535372535
10169.580535372535
10169.580535372535
10169.580535372535
10169.580535372535
10169.580535372535
10169.580535372535
10169.580535372535
10169.580535372535
10169.580535372535
10169.580535372535
10169.580535372535
10169.580535372535
10169.580535372535
10169.580535372535
10169.580535372535
10169.580535372535
10169.580535372535
10169.580535372535
10169.580535372535
10169.580535372535
10169.580535372535
10169.580535372535
10169.580535372535
10169.580535372535
10169.580535372535
10169.580535372535
10169.580535372535
10169.580535372535
10169.580535372535
10169.580535372535
10169.580535372535
10169.580535372535
10169.580535372535
10169.580535372535
10169.580535372535
10169.580535372535
10169.580535372535
10169.580535372535
10169.580535372535
10169.580535372535
10169.580535372535
10169.580535372535
10169.580535372535
10169.580535372535
10169.580535372535
10169.580535372535
10169.580535372535
10169.580535372535
10169.580535372535
10169.580535372535
10169.580535372535
10169.580535372535
10169.580535372535
10169.580535372535
10169.580535372535
10169.580535372535
10169.580535372535
10169.580535372535
10169.580535372535
10169.580535372535
10169.580535372535
10169.580535372535
10169.580535372535
10169.580535372535
10169.580535372535
10169.580535372535
10169.580535372535
10169.580535372535
10169.580535372535
10169.580535372535
10169.580535372535
10169.580535372535
10169.580535372535
10169.580535372535
10169.580535372535
10169.580535372535
10169.580535372535
10169.580535372535
10169.580535372535
10169.580535372535
10169.580535372535
10169.580535372535
10169.580535372535
10169.580535372535
10169.580535372535
10169.580535372535
10169.580535372535
10169.580535372535
10169.580535372535
10169.580535372535
10169.580535372535
10169.580535372535
10169.580535372535
10169.580535372535
10169.580535372535
10169.580535372535
10169.580535372535
10169.580535372535
10169.580535372535
10169.580535372535
10169.580535372535
10169.580535372535
10169.580535372535
10169.580535372535
10169.580535372535
10169.580535372535
10169.580535372535
10169.580535372535
10169.580535372535
10169.580535372535
10169.580535372535
10169.580535372535
10169.580535372535
10169.580535372535
10169.580535372535
10169.580535372535
10169.580535372535
10169.580535372535
10169.580535372535
10169.580535372535
10169.580535372535
10169.580535372535
10169.580535372535
10169.580535372535
10169.580535372535
10169.580535372535
10169.580535372535
10169.580535372535
10169.580535372535
10169.580535372535
10169.580535372535
10169.580535372535
10169.580535372535
10169.580535372535
10169.580535372535
10169.580535372535
10169.580535372535
10169.580535372535
10169.580535372535
10169.580535372535
10169.580535372535
10169.580535372535
10169.580535372535
10169.580535372535
10169.580535372535
10169.580535372535
10169.580535372535
10169.580535372535
10169.580535372535
10169.580535372535
10169.580535372535
10169.580535372535
10169.580535372535
10169.580535372535
10169.580535372535
10169.580535372535
10169.580535372535
10169.580535372535
10169.580535372535
10169.580535372535
10169.580535372535
10169.580535372535
10169.580535372535
10169.580535372535
10169.580535372535
10169.580535372535
10169.580535372535
10169.580535372535
10169.580535372535
10169.580535372535
10169.580535372535
10169.580535372535
10169.580535372535
10169.580535372535
10169.580535372535
10169.580535372535
10169.580535372535
10169.580535372535
10169.580535372535
10169.580535372535
10169.580535372535
10169.580535372535
10169.580535372535
10169.580535372535
10169.580535372535
10169.580535372535
10169.580535372535
10169.580535372535
10169.580535372535
10169.580535372535
10169.580535372535
10169.580535372535
10169.580535372535
10169.580535372535
10169.580535372535
10169.580535372535
10169.580535372535
10169.580535372535
10169.580535372535
10169.580535372535
10169.580535372535
10169.580535372535
10169.580535372535
10169.580535372535
10169.580535372535
10169.580535372535
10169.580535372535
10169.580535372535
10169.580535372535
10169.580535372535
10169.580535372535
10169.580535372535
10169.580535372535
10169.580535372535
10169.580535372535
10169.580535372535
10169.580535372535
10169.580535372535
10169.580535372535
10169.580535372535
10169.580535372535
10169.580535372535
10169.580535372535
10169.580535372535
10169.580535372535
10169.580535372535
10169.580535372535
10169.580535372535
10169.580535372535
10169.580535372535
10169.580535372535
10169.580535372535
10169.580535372535
10169.580535372535
10169.580535372535
10169.580535372535
10169.580535372535
10169.580535372535
10169.580535372535
10169.580535372535
10169.580535372535
10169.580535372535
10169.580535372535
10169.580535372535
10169.580535372535
10169.580535372535
10169.580535372535
10169.580535372535
10169.580535372535
10169.580535372535
10169.580535372535
10169.580535372535
10169.580535372535
10169.580535372535
10169.580535372535
10169.580535372535
10169.580535372535
10169.580535372535
10169.580535372535
10169.580535372535
10169.580535372535
10169.580535372535
10169.580535372535
10169.580535372535
10169.580535372535
10169.580535372535
10169.580535372535
10169.580535372535
10169.580535372535
10169.580535372535
10169.580535372535
10169.580535372535
10169.580535372535
10169.580535372535
10169.580535372535
10169.580535372535
10169.580535372535
10169.580535372535
10169.580535372535
10169.580535372535
10169.580535372535
10169.580535372535
10169.580535372535
10169.580535372535
10169.580535372535
10169.580535372535
10169.580535372535
10169.580535372535
10169.580535372535
10169.580535372535
10169.580535372535
10169.580535372535
10169.580535372535
10169.580535372535
10169.580535372535
10169.580535372535
10169.580535372535
10169.580535372535
10169.580535372535
10169.580535372535
10169.580535372535
10169.580535372535
10169.580535372535
10169.580535372535
10169.580535372535
10169.580535372535
10169.580535372535
10169.580535372535
10169.580535372535
10169.580535372535
10169.580535372535
10169.580535372535
10169.580535372535
10169.580535372535
10169.580535372535
10169.580535372535
10169.580535372535
10169.580535372535
10169.580535372535
10169.580535372535
10169.580535372535
10169.580535372535
10169.580535372535
10169.580535372535
10169.580535372535
10169.580535372535
10169.580535372535
10169.580535372535
10169.580535372535
10169.580535372535
10169.580535372535
10169.580535372535
10169.580535372535
10169.580535372535
10169.580535372535
10169.580535372535
10169.580535372535
10169.580535372535
10169.580535372535
10169.580535372535
10169.580535372535
10169.580535372535
10169.580535372535
10169.580535372535
10169.580535372535
10169.580535372535
10169.580535372535
10169.580535372535
10169.580535372535
10169.580535372535
10169.580535372535
10169.580535372535
10169.580535372535
10169.580535372535
10169.580535372535
10169.580535372535
10169.580535372535
10169.580535372535
10169.580535372535
10169.580535372535
10169.580535372535
10169.580535372535
10169.580535372535
10169.580535372535
10169.580535372535
10169.580535372535
10169.580535372535
10169.580535372535
10169.580535372535
10169.580535372535
10169.580535372535
10169.580535372535
10169.580535372535
10169.580535372535
10169.580535372535
10169.580535372535
10169.580535372535
10169.580535372535
10169.580535372535
10169.580535372535
10169.580535372535
10169.580535372535
10169.580535372535
10169.580535372535
10169.580535372535
10169.580535372535
10169.580535372535
10169.580535372535
10169.580535372535
10169.580535372535
10169.580535372535
10169.580535372535
10169.580535372535
10169.580535372535
10169.580535372535
10169.580535372535
10169.580535372535
10169.580535372535
10169.580535372535
10169.580535372535
10169.580535372535
10169.580535372535
10169.580535372535
10169.580535372535
10169.580535372535
10169.580535372535
10169.580535372535
10169.580535372535
10169.580535372535
10169.580535372535
10169.580535372535
10169.580535372535
10169.580535372535
10169.580535372535
10169.580535372535
10169.580535372535
10169.580535372535
10169.580535372535
10169.580535372535
10169.580535372535
10169.580535372535
10169.580535372535
10169.580535372535
10169.580535372535
10169.580535372535
10169.580535372535
10169.580535372535
10169.580535372535
10169.580535372535
10169.580535372535
10169.580535372535
10169.580535372535
10169.580535372535
10169.580535372535
10169.580535372535
10169.580535372535
10169.580535372535
10169.580535372535
10169.580535372535
10169.580535372535
10169.580535372535
10169.580535372535
10169.580535372535
10169.580535372535
10169.580535372535
10169.580535372535
10169.580535372535
10169.580535372535
10169.580535372535
10169.580535372535
10169.580535372535
10169.580535372535
10169.580535372535
10169.580535372535
10169.580535372535
10169.580535372535
10169.580535372535
10169.580535372535
10169.580535372535
10169.580535372535
10169.580535372535
10169.580535372535
10169.580535372535
10169.580535372535
10169.580535372535
10169.580535372535
10169.580535372535
10169.580535372535
10169.580535372535
10169.580535372535
10169.580535372535
10169.580535372535
10169.580535372535
10169.580535372535
10169.580535372535
10169.580535372535
10169.580535372535
10169.580535372535
10169.580535372535
10169.580535372535
10169.580535372535
10169.580535372535
10169.580535372535
10169.580535372535
10169.580535372535
10169.580535372535
10169.580535372535
10169.580535372535
10169.580535372535
10169.580535372535
10169.580535372535
10169.580535372535
10169.580535372535
10169.580535372535
10169.580535372535
10169.580535372535
10169.580535372535
10169.580535372535
10169.580535372535
10169.580535372535
10169.580535372535
10169.580535372535
10169.580535372535
10169.580535372535
10169.580535372535
10169.580535372535
10169.580535372535
10169.580535372535
10169.580535372535
10169.580535372535
10169.580535372535
10169.580535372535
10169.580535372535
10169.580535372535
10169.580535372535
10169.580535372535
10169.580535372535
10169.580535372535
10169.580535372535
10169.580535372535
10169.580535372535
10169.580535372535
10169.580535372535
10169.580535372535
10169.580535372535
10169.580535372535
10169.580535372535
10169.580535372535
10169.580535372535
10169.580535372535
10169.580535372535
10169.580535372535
10169.580535372535
10169.580535372535
10169.580535372535
10169.580535372535
10169.580535372535
10169.580535372535
10169.580535372535
10169.580535372535
10169.580535372535
10169.580535372535
10169.580535372535
10169.580535372535
10169.580535372535
10169.580535372535
10169.580535372535
10169.580535372535
10169.580535372535
10169.580535372535
10169.580535372535
10169.580535372535
10169.580535372535
10169.580535372535
10169.580535372535
10169.580535372535
10169.580535372535
10224.273164815862
10169.580535372535
10169.580535372535
10169.580535372535
10169.580535372535
10169.580535372535
10169.580535372535
10169.580535372535
10169.580535372535
10169.580535372535
10169.580535372535
10169.580535372535
10169.580535372535
10169.580535372535
10169.580535372535
10169.580535372535
10169.580535372535
10169.580535372535
10169.580535372535
10169.580535372535
10169.580535372535
10169.580535372535
10169.580535372535
10169.580535372535
10169.580535372535
10169.580535372535
10169.580535372535
10169.580535372535
10169.580535372535
10169.580535372535
10169.580535372535
10169.580535372535
10169.580535372535
10169.580535372535
10169.580535372535
10169.580535372535
10169.580535372535
10169.580535372535
10169.580535372535
10169.580535372535
10169.580535372535
10169.580535372535
10169.580535372535
10169.580535372535
10169.580535372535
10169.580535372535
10169.580535372535
10169.580535372535
10169.580535372535
10169.580535372535
10169.580535372535
10169.580535372534
10169.580535372535
10169.580535372534
10169.580535372534
10169.580535372534
10169.580535372534
10169.580535372535
10169.580535372534
10169.580535372534
10169.580535372534
10169.580535372534
10169.580535372535
10169.580535372534
10169.580535372534
10169.580535372534
10169.580535372534
10169.580535372534
10147.684894870146
10169.580535372534
10169.580535372535
10169.580535372534
10169.580535372534
10169.580535372534
10169.580535372534
10169.580535372534
10169.580535372534
10169.580535372534
10169.580535372534
10169.580535372535
10169.580535372534
10169.580535372534
10147.684894870146
10147.684894870146
10169.580535372535
10169.580535372534
10169.580535372534
10169.580535372534
10169.580535372534
10169.580535372534
10169.580535372534
10169.580535372534
10169.580535372534
10169.580535372534
10169.580535372535
10169.580535372534
10169.580535372534
10169.580535372534
10169.580535372534
10169.580535372534
10169.580535372534
10169.580535372534
11365.667580552263
10147.684894870148
10147.684894870148
10147.684894870148
10147.684894870148
10147.684894870148
10147.684894870148
10147.684894870148
10147.684894870148
10147.684894870148
10147.684894870148
10147.684894870148
10147.684894870148
10147.684894870148
10147.684894870148
10147.684894870148
10147.684894870148
10147.684894870146
10169.580535372534
10169.580535372535
10169.580535372534
10169.580535372534
10169.580535372534
10169.580535372534
10169.580535372534
10169.580535372534
10169.580535372534
10169.580535372534
10169.580535372535
10169.580535372534
10169.580535372534
10147.684894870146
10147.684894870146
10169.580535372535
10169.580535372534
10169.580535372534
10169.580535372534
10169.580535372534
10169.580535372534
10169.580535372534
10169.580535372534
10169.580535372534
10169.580535372534
10169.580535372535
10169.580535372534
10169.580535372534
10169.580535372534
10169.580535372534
10169.580535372534
10169.580535372534
10169.580535372534
10147.684894870146
10147.684894870148
10147.684894870148
10147.684894870148
10147.684894870148
10147.684894870148
10147.684894870148
10147.684894870148
10147.684894870148
10147.684894870148
10147.684894870148
10147.684894870148
10147.684894870148
10147.684894870148
10147.684894870148
10147.684894870148
10147.684894870148
10147.684894870146
10147.684894870148
10147.684894870148
10147.684894870148
10147.684894870148
10169.580535372534
10147.684894870148
10147.684894870148
10147.684894870148
10147.684894870148
10147.684894870148
10147.684894870148
10147.684894870148
10147.684894870148
10147.684894870146
10147.684894870146
10147.684894870148
10147.684894870148
10147.684894870148
10169.580535372534
10147.684894870148
10147.684894870148
10147.684894870148
10147.684894870148
10169.580535372534
10169.580535372534
10147.684894870148
10147.684894870148
10147.684894870148
10147.684894870148
10147.684894870148
10147.684894870148
10147.684894870148
10147.684894870148
10147.684894870146
10147.684894870148
10147.684894870148
10147.684894870148
10147.684894870148
10147.684894870148
10147.684894870148
10147.684894870148
10147.684894870148
10147.684894870148
10147.684894870148
10147.684894870148
10147.684894870148
10147.684894870148
10147.684894870148
10147.684894870148
10147.684894870148
10147.684894870146
10147.684894870148
10147.684894870148
10147.684894870148
10147.684894870148
10147.684894870148
10147.684894870148
10147.684894870148
10147.684894870148
10147.684894870148
10147.684894870148
10147.684894870148
10147.684894870148
10147.684894870148
10147.684894870146
10147.684894870146
10147.684894870148
10147.684894870148
10147.684894870148
10147.684894870148
10147.684894870148
10147.684894870148
10147.684894870148
10147.684894870148
10147.684894870148
10147.684894870148
10147.684894870148
10147.684894870148
10147.684894870148
10147.684894870148
10147.684894870148
10147.684894870148
10147.684894870148
10147.684894870148
10147.684894870146
10147.684894870148
10147.684894870148
10147.684894870148
10147.684894870148
10147.684894870148
10147.684894870148
10147.684894870148
10147.684894870148
10147.684894870148
10147.684894870148
10147.684894870148
10147.684894870148
10147.684894870148
10147.684894870148
10147.684894870148
10147.684894870148
10147.684894870146
10147.684894870148
10147.684894870148
10147.684894870148
10147.684894870148
10147.684894870148
10147.684894870148
10147.684894870148
10147.684894870148
10147.684894870148
10147.684894870148
10147.684894870148
10147.684894870148
10147.684894870148
10147.684894870146
10147.684894870146
10147.684894870148
10147.684894870148
10147.684894870148
10147.684894870148
10147.684894870148
10147.684894870148
10147.684894870148
10147.684894870148
10147.684894870148
10147.684894870148
10147.684894870148
10147.684894870148
10147.684894870148
10147.684894870148
10147.684894870148
10147.684894870148
10147.684894870148
10147.684894870148
10147.684894870146
10147.684894870148
10147.684894870148
10147.684894870148
10147.684894870148
10147.684894870148
10147.684894870148
10147.684894870148
10147.684894870148
10147.684894870148
10147.684894870148
10147.684894870148
10147.684894870148
10147.684894870148
10147.684894870148
10147.684894870148
10147.684894870148
10147.684894870146
10147.684894870148
10147.684894870148
10147.684894870148
10147.684894870148
10147.684894870148
10147.684894870148
10147.684894870148
10147.684894870148
10147.684894870148
10147.684894870148
10147.684894870148
10147.684894870148
10147.684894870148
10147.684894870146
10147.684894870146
10147.684894870148
10147.684894870148
10147.684894870148
10147.684894870148
10147.684894870148
10147.684894870148
10147.684894870148
10147.684894870148
10147.684894870148
10147.684894870148
10147.684894870148
10147.684894870148
10147.684894870148
10147.684894870148
10147.684894870148
10147.684894870148
10147.684894870148
10147.684894870148
10147.684894870146
10147.684894870148
10147.684894870148
10147.684894870148
10147.684894870148
10147.684894870148
10147.684894870148
10147.684894870148
10147.684894870148
10147.684894870148
10147.684894870148
10147.684894870148
10147.684894870148
10147.684894870148
10147.684894870148
10147.684894870148
10147.684894870148
10147.684894870146
10147.684894870148
10147.684894870148
10147.684894870148
10147.684894870148
10147.684894870148
10147.684894870148
10147.684894870148
10147.684894870148
10147.684894870148
10147.684894870148
10147.684894870148
10147.684894870148
10147.684894870148
10147.684894870146
10147.684894870146
10147.684894870148
10147.684894870148
10147.684894870148
10147.684894870148
10147.684894870148
10147.684894870148
10147.684894870148
10147.684894870148
10147.684894870148
10147.684894870148
10147.684894870148
10147.684894870148
10147.684894870148
10147.684894870148
10147.684894870148
10147.684894870148
10147.684894870148
10147.684894870148
10147.684894870146
10147.684894870148
10147.684894870148
10147.684894870148
10147.684894870148
10147.684894870148
10147.684894870148
10147.684894870148
10147.684894870148
10147.684894870148
10147.684894870148
10147.684894870148
10147.684894870148
10147.684894870148
10147.684894870148
10147.684894870148
10147.684894870148
10147.684894870146
10147.684894870148
10147.684894870148
10147.684894870148
10147.684894870148
10147.684894870148
10147.684894870148
10147.684894870148
10147.684894870148
10147.684894870148
10147.684894870148
10147.684894870148
10147.684894870148
10147.684894870148
10147.684894870146
10147.684894870146
10147.684894870148
10147.684894870148
10147.684894870148
10147.684894870148
10147.684894870148
10147.684894870148
10147.684894870148
10147.684894870148
10147.684894870148
10147.684894870148
10147.684894870148
10147.684894870148
10147.684894870148
10147.684894870148
10147.684894870148
10147.684894870148
10147.684894870148
10147.684894870148
14159.112926550142
10147.684894870148
10147.684894870148
10147.684894870148
10147.684894870148
10147.684894870148
10147.684894870148
10147.684894870148
10147.684894870148
10147.684894870148
10147.684894870148
10147.684894870148
10147.684894870148
10147.684894870148
10147.684894870148
10147.684894870148
10147.684894870148
10147.684894870146
10147.684894870148
10147.684894870148
10147.684894870148
10147.684894870148
10147.684894870148
10147.684894870148
10147.684894870148
10147.684894870148
10147.684894870148
10147.684894870148
10147.684894870148
10147.684894870148
10147.684894870148
10147.684894870146
10147.684894870146
10147.684894870148
10147.684894870148
10147.684894870148
10147.684894870148
10147.684894870148
10147.684894870148
10147.684894870148
10147.684894870148
10147.684894870148
10147.684894870148
10147.684894870148
10147.684894870148
10147.684894870148
10147.684894870148
10147.684894870148
10147.684894870148
10147.684894870148
10147.684894870148
10147.684894870146
10147.684894870146
10147.684894870146
10147.684894870146
10147.684894870146
10147.684894870146
10147.684894870146
10147.684894870146
10147.684894870146
10147.684894870146
10147.684894870146
10147.684894870148
10147.684894870146
10147.684894870146
10147.684894870148
10147.684894870146
10147.684894870146
10147.684894870146
10147.684894870146
10147.684894870146
10147.684894870146
10147.684894870146
10147.684894870146
10147.684894870146
10147.684894870146
10147.684894870146
10147.684894870146
10147.684894870146
10147.684894870146
10147.684894870146
10147.684894870148
10147.684894870146
10147.684894870146
10147.684894870146
10147.684894870146
10147.684894870148
10147.684894870146
10147.684894870146
10147.684894870146
10147.684894870146
10147.684894870146
10147.684894870146
10147.684894870146
10147.684894870146
10147.684894870146
10147.684894870146
10147.684894870146
10147.684894870146
10147.684894870146
10147.684894870146
10147.684894870146
10147.684894870146
10147.684894870146
10147.684894870146
10147.684894870146
10147.684894870146
10147.684894870146
10147.684894870146
10147.684894870146
10147.684894870146
10147.684894870146
10147.684894870146
10147.684894870146
10147.684894870146
10147.684894870146
10147.684894870146
10147.684894870146
10147.684894870146
10147.684894870146
10147.684894870146
10147.684894870146
10147.684894870146
10147.684894870146
10147.684894870146
10147.684894870146
10147.684894870146
10147.684894870146
10147.684894870146
10147.684894870146
10147.684894870146
10147.684894870146
10147.684894870146
10147.684894870146
10147.684894870146
10147.684894870146
10147.684894870146
10147.684894870146
10147.684894870146
10147.684894870146
10147.684894870146
10147.684894870146
10147.684894870146
10147.684894870146
10147.684894870146
10147.684894870146
10147.684894870146
10147.684894870146
10147.684894870146
10147.684894870146
10147.684894870146
10147.684894870146
10147.684894870146
10147.684894870146
10147.684894870146
10147.684894870146
10147.684894870146
10147.684894870146
10147.684894870146
10147.684894870146
10147.684894870146
10147.684894870146
10147.684894870146
10147.684894870146
10147.684894870146
10147.684894870146
10147.684894870146
10147.684894870146
10147.684894870146
10147.684894870146
10147.684894870146
10147.684894870146
10147.684894870146
10147.684894870146
10147.684894870146
10147.684894870146
10147.684894870146
10147.684894870146
10147.684894870146
10147.684894870146
10147.684894870146
10147.684894870146
10147.684894870146
10147.684894870146
10147.684894870146
10147.684894870146
10147.684894870146
10147.684894870146
10147.684894870146
10147.684894870146
10147.684894870146
10147.684894870146
10147.684894870146
10147.684894870146
10147.684894870146
10147.684894870146
10147.684894870146
10147.684894870146
10147.684894870146
10147.684894870146
10147.684894870146
10147.684894870146
10147.684894870146
10147.684894870146
10147.684894870146
10147.684894870146
10147.684894870146
10147.684894870146
10147.684894870146
10147.684894870146
10147.684894870146
10147.684894870146
10147.684894870146
10147.684894870146
10147.684894870146
10147.684894870146
10147.684894870146
10147.684894870146
10147.684894870146
10147.684894870146
10147.684894870146
10147.684894870146
10147.684894870146
10147.684894870146
10147.684894870146
10147.684894870146
10147.684894870146
10147.684894870146
10147.684894870146
10147.684894870146
10147.684894870146
10147.684894870146
10147.684894870146
10147.684894870146
10147.684894870146
10147.684894870146
10147.684894870146
10147.684894870146
10147.684894870146
10147.684894870146
10147.684894870146
10147.684894870146
10147.684894870146
10147.684894870146
10147.684894870146
10147.684894870146
10147.684894870146
10147.684894870146
10147.684894870146
10147.684894870146
10147.684894870146
10147.684894870146
10147.684894870146
10147.684894870146
10147.684894870146
10147.684894870146
10147.684894870146
10147.684894870146
10147.684894870146
10147.684894870146
10147.684894870146
10147.684894870146
10147.684894870146
10147.684894870146
10147.684894870146
10147.684894870146
10147.684894870146
10147.684894870146
10147.684894870146
10147.684894870146
10147.684894870146
10147.684894870146
10147.684894870146
10147.684894870146
10147.684894870146
10147.684894870146
10147.684894870146
10147.684894870146
10147.684894870146
10147.684894870146
10147.684894870146
10147.684894870146
10147.684894870146
10147.684894870146
10147.684894870146
10147.684894870146
10147.684894870146
10147.684894870146
10147.684894870146
10147.684894870146
10147.684894870146
10147.684894870146
10147.684894870146
10147.684894870146
10147.684894870146
10147.684894870146
10147.684894870146
10147.684894870146
10147.684894870146
10147.684894870146
10147.684894870146
10147.684894870146
10147.684894870146
10147.684894870146
10147.684894870146
10147.684894870146
10147.684894870146
10147.684894870146
10147.684894870146
10147.684894870146
10147.684894870146
10147.684894870146
10147.684894870146
10147.684894870146
10147.684894870146
10147.684894870146
10147.684894870146
10147.684894870146
10147.684894870146
10147.684894870146
10147.684894870146
10147.684894870146
10147.684894870146
10147.684894870146
10147.684894870146
10147.684894870146
10147.684894870146
10147.684894870146
10147.684894870146
10147.684894870146
10147.684894870146
10147.684894870146
10147.684894870146
10147.684894870146
10147.684894870146
10147.684894870146
10147.684894870146
10147.684894870146
10147.684894870146
10147.684894870146
10147.684894870146
10147.684894870146
10147.684894870146
10147.684894870146
10147.684894870146
10147.684894870146
10147.684894870146
10147.684894870146
10147.684894870146
10147.684894870146
10147.684894870146
10147.684894870146
10147.684894870146
10147.684894870146
10147.684894870146
10147.684894870146
10147.684894870146
10147.684894870146
10147.684894870146
10147.684894870146
10147.684894870146
10147.684894870146
10147.684894870146
10147.684894870146
10147.684894870146
10147.684894870146
10147.684894870146
10147.684894870146
10147.684894870146
10147.684894870146
10147.684894870146
10147.684894870146
10147.684894870146
10147.684894870146
10147.684894870146
10147.684894870146
10147.684894870146
10147.684894870146
10147.684894870146
10147.684894870146
10147.684894870146
10147.684894870146
10147.684894870146
10147.684894870146
10147.684894870146
10147.684894870146
10147.684894870146
10147.684894870146
10147.684894870146
10147.684894870146
10147.684894870146
10147.684894870146
10147.684894870146
10147.684894870146
10147.684894870146
10147.684894870146
10147.684894870146
10147.684894870146
10147.684894870146
10147.684894870146
10147.684894870146
10147.684894870146
10147.684894870146
10147.684894870146
10147.684894870146
10147.684894870146
10147.684894870146
10147.684894870146
10147.684894870146
10147.684894870146
10147.684894870146
10147.684894870146
10147.684894870146
10147.684894870146
10147.684894870146
10147.684894870146
10147.684894870146
10147.684894870146
10147.684894870146
10147.684894870146
10147.684894870146
10147.684894870146
10147.684894870146
10147.684894870146
10147.684894870146
10147.684894870146
10147.684894870146
10147.684894870146
10147.684894870146
10147.684894870146
10147.684894870146
10147.684894870146
10147.684894870146
10147.684894870146
10147.684894870146
10147.684894870146
10147.684894870146
10147.684894870146
10147.684894870146
10147.684894870146
10147.684894870146
10147.684894870146
10147.684894870146
10147.684894870146
10147.684894870146
10147.684894870146
10147.684894870146
10147.684894870146
10147.684894870146
10147.684894870146
10147.684894870146
10147.684894870146
10147.684894870146
10147.684894870146
10147.684894870146
10147.684894870146
10147.684894870146
10147.684894870146
10147.684894870146
10147.684894870146
10147.684894870146
10147.684894870146
10147.684894870146
10147.684894870146
10147.684894870146
10147.684894870146
10147.684894870146
10147.684894870146
10147.684894870146
10147.684894870146
10147.684894870146
10147.684894870146
10147.684894870146
10147.684894870146
10147.684894870146
10147.684894870146
10147.684894870146
10147.684894870146
10147.684894870146
10147.684894870146
10147.684894870146
10147.684894870146
10147.684894870146
10147.684894870146
10147.684894870146
10147.684894870146
10147.684894870146
10147.684894870146
10147.684894870146
10147.684894870146
10147.684894870146
10147.684894870146
10147.684894870146
10147.684894870146
10147.684894870146
10147.684894870146
10147.684894870146
10147.684894870146
10147.684894870146
10147.684894870146
10147.684894870146
10147.684894870146
10147.684894870146
10147.684894870146
10147.684894870146
10147.684894870146
10147.684894870146
10147.684894870146
10147.684894870146
10147.684894870146
10147.684894870146
10147.684894870146
10147.684894870146
10147.684894870146
10147.684894870146
10147.684894870146
10147.684894870146
10147.684894870146
10147.684894870146
10147.684894870146
10147.684894870146
10147.684894870146
10147.684894870146
10147.684894870146
10147.684894870146
10147.684894870146
10147.684894870146
10147.684894870146
10147.684894870146
10147.684894870146
10147.684894870146
10147.684894870146
10147.684894870146
10147.684894870146
10147.684894870146
10147.684894870146
10147.684894870146
10147.684894870146
10147.684894870146
10147.684894870146
10147.684894870146
10147.684894870146
10147.684894870146
10147.684894870146
10147.684894870146
10147.684894870146
10147.684894870146
10147.684894870146
10147.684894870146
10147.684894870146
10147.684894870146
10147.684894870146
10147.684894870146
10147.684894870146
10147.684894870146
10147.684894870146
10147.684894870146
10147.684894870146
10147.684894870146
10147.684894870146
10147.684894870146
10147.684894870146
10147.684894870146
10147.684894870146
10147.684894870146
10147.684894870146
10147.684894870146
10147.684894870146
10147.684894870146
10147.684894870146
10147.684894870146
10147.684894870146
10147.684894870146
10147.684894870146
10147.684894870146
10147.684894870146
10147.684894870146
10147.684894870146
10147.684894870146
10147.684894870146
10147.684894870146
10147.684894870146
10147.684894870146
10147.684894870146
10147.684894870146
10147.684894870146
10147.684894870146
10147.684894870146
10147.684894870146
10147.684894870146
10147.684894870146
10147.684894870146
10147.684894870146
10147.684894870146
10147.684894870146
10147.684894870146
10147.684894870146
10147.684894870146
10147.684894870146
10147.684894870146
10147.684894870146
10147.684894870146
10147.684894870146
10147.684894870146
10147.684894870146
10147.684894870146
10147.684894870146
10147.684894870146
10147.684894870146
10147.684894870146
10147.684894870146
10147.684894870146
10147.684894870146
10147.684894870146
10147.684894870146
10147.684894870146
10147.684894870146
10147.684894870146
10147.684894870146
10147.684894870146
10147.684894870146
10147.684894870146
10147.684894870146
10147.684894870146
10147.684894870146
10147.684894870146
10147.684894870146
10147.684894870146
10147.684894870146
10147.684894870146
10147.684894870146
10147.684894870146
10147.684894870146
10147.684894870146
10147.684894870146
10147.684894870146
10147.684894870146
10147.684894870146
10147.684894870146
10147.684894870146
10147.684894870146
10147.684894870146
10147.684894870146
10147.684894870146
10147.684894870146
10147.684894870146
10147.684894870146
10147.684894870146
10147.684894870146
10147.684894870146
10147.684894870146
10147.684894870146
10147.684894870146
10147.684894870146
10147.684894870146
10147.684894870146
10147.684894870146
10147.684894870146
10147.684894870146
10147.684894870146
10147.684894870146
10147.684894870146
10147.684894870146
10147.684894870146
10147.684894870146
10147.684894870146
10147.684894870146
10147.684894870146
10147.684894870146
10147.684894870146
10147.684894870146
10147.684894870146
10147.684894870146
10147.684894870146
10147.684894870146
10147.684894870146
10147.684894870146
10147.684894870146
10147.684894870146
10147.684894870146
10147.684894870146
10147.684894870146
10147.684894870146
10147.684894870146
10147.684894870146
10147.684894870146
10147.684894870146
10147.684894870146
10147.684894870146
10147.684894870146
10147.684894870146
10147.684894870146
10147.684894870146
10147.684894870146
10147.684894870146
10147.684894870146
10147.684894870146
10147.684894870146
10147.684894870146
10147.684894870146
10147.684894870146
10147.684894870146
10147.684894870146
10147.684894870146
10147.684894870146
10147.684894870146
10147.684894870146
10147.684894870146
10147.684894870146
10147.684894870146
10147.684894870146
10147.684894870146
10147.684894870146
10147.684894870146
10147.684894870146
10147.684894870146
10147.684894870146
10147.684894870146
10147.684894870146
10147.684894870146
10147.684894870146
10147.684894870146
10147.684894870146
10147.684894870146
10147.684894870146
10147.684894870146
10147.684894870146
10147.684894870146
10147.684894870146
10147.684894870146
10147.684894870146
10147.684894870146
10147.684894870146
10147.684894870146
10147.684894870146
10147.684894870146
10147.684894870146
10147.684894870146
10147.684894870146
10147.684894870146
10147.684894870146
10147.684894870146
10147.684894870146
10147.684894870146
10147.684894870146
10147.684894870146
10147.684894870146
10147.684894870146
10147.684894870146
10147.684894870146
10147.684894870146
10147.684894870146
10147.684894870146
10147.684894870146
10147.684894870146
10147.684894870146
10147.684894870146
10147.684894870146
10147.684894870146
10147.684894870146
10147.684894870146
10147.684894870146
10147.684894870146
10147.684894870146
10147.684894870146
12756.829443772052
10147.684894870146
10147.684894870146
10147.684894870146
10147.684894870146
10147.684894870146
10147.684894870146
10147.684894870146
10147.684894870146
10147.684894870146
10147.684894870146
10147.684894870146
10147.684894870146
10147.684894870146
10147.684894870146
10147.684894870146
10147.684894870146
10147.684894870146
10147.684894870146
10147.684894870146
10147.684894870146
10147.684894870146
10147.684894870146
10147.684894870146
10147.684894870146
10147.684894870146
10147.684894870146
10147.684894870146
10147.684894870146
10147.684894870146
10147.684894870146
10147.684894870146
10147.684894870146
10147.684894870146
10147.684894870146
10147.684894870146
10147.684894870146
10147.684894870146
10147.684894870146
10147.684894870146
10147.684894870146
10147.684894870146
10147.684894870146
10147.684894870146
10147.684894870146
10147.684894870146
10147.684894870146
10147.684894870146
10147.684894870146
10147.684894870146
10147.684894870146
10147.684894870146
10147.684894870146
10147.684894870146
10147.684894870146
10147.684894870146
10147.684894870146
10147.684894870146
10147.684894870146
10147.684894870146
10147.684894870146
10147.684894870146
10147.684894870146
10147.684894870146
10147.684894870146
10147.684894870146
10147.684894870146
10147.684894870146
10147.684894870146
10147.684894870146
10147.684894870146
10147.684894870146
10147.684894870146
10147.684894870146
10147.684894870146
10147.684894870146
10147.684894870146
10147.684894870146
10147.684894870146
10147.684894870146
10147.684894870146
10147.684894870146
10147.684894870146
10147.684894870146
10147.684894870146
10147.684894870146
10147.684894870146
10147.684894870146
10147.684894870146
10147.684894870146
10147.684894870146
10147.684894870146
10147.684894870146
10147.684894870146
10147.684894870146
10147.684894870146
10147.684894870146
10147.684894870146
10147.684894870146
10147.684894870146
10147.684894870146
10147.684894870146
10147.684894870146
10147.684894870146
10147.684894870146
10147.684894870146
10147.684894870146
10147.684894870146
10147.684894870146
10147.684894870146
10147.684894870146
10147.684894870146
10147.684894870146
10147.684894870146
10147.684894870146
10147.684894870146
10147.684894870146
10147.684894870146
10147.684894870146
10147.684894870146
10147.684894870146
10147.684894870146
10147.684894870146
10147.684894870146
10147.684894870146
10147.684894870146
10147.684894870146
10147.684894870146
10147.684894870146
10147.684894870146
10147.684894870146
10147.684894870146
10147.684894870146
10147.684894870146
10147.684894870146
10147.684894870146
10147.684894870146
10147.684894870146
10147.684894870146
10147.684894870146
10147.684894870146
10147.684894870146
10147.684894870146
10147.684894870146
10147.684894870146
10147.684894870146
10147.684894870146
10147.684894870146
10147.684894870146
10147.684894870146
10147.684894870146
10147.684894870146
10147.684894870146
10147.684894870146
