12.94
36
25391.976550982155
26820.774823271353
26864.612001567908
26141.784779908045
27087.435282773025
26648.034943255592
29509.653497475723
26161.68177649947
23261.01408469174
25379.03459942113
28598.19019623885
26615.371764126416
23991.14547592052
28128.474425434673
27816.23792605622
21927.664445637787
26923.626765584093
23853.13694009725
26772.667321600165
23095.99176668817
23430.919936618004
25150.55311375284
22957.17110894085
27937.5482706434
27275.337643488514
27952.692467448665
28040.98336937702
21702.296122995125
26116.295855564207
28701.433873218128
26990.703319663582
28200.48714788044
27044.245812580357
29276.72974023209
25422.016157228736
24272.086569444284
20097.11817195572
20893.48752607942
23637.864092700336
22803.124231049645
21353.73691350303
21702.29612299512
23039.69849204966
25757.716491524778
23583.370520626704
21751.905143071242
21623.627082541287
21403.727332030165
22190.13734581752
19550.39702074954
23994.333876810702
23670.146296114297
19216.239028082044
24059.839994820817
21101.50412106091
23193.93198146876
19765.80368444345
20688.08522848194
19812.437313402774
20574.39976991763
23132.27270046239
21553.517089494417
23975.347399700175
19940.625255287527
20097.11817195572
22975.51604739323
20097.118171955717
23936.080554121472
24353.00146236324
24030.002799761773
25792.80287092047
22006.250648080862
21591.622583439985
17619.16590646916
19707.429628760146
21032.172848621074
19216.239028082047
17503.671910079138
19216.239028082047
19216.239028082047
22506.29094260357
18601.64088324506
20387.318128939754
20018.449131501882
19308.371682982437
18992.740024474057
17525.222960670268
21321.46809394063
20442.71971260632
17619.16590646916
21446.74498842968
19311.41211584291
17619.165906469163
18035.325042389064
19517.589868352337
17304.684297088108
17619.165906469163
20858.469730815264
19863.96930852714
21844.85301729147
18095.0119308139
18507.906355298834
20914.58574965698
17619.165906469163
21423.190774425988
22202.90941065254
17619.165906469163
17864.19865484577
20208.153684412853
19780.88399793285
16111.989024342403
17304.684297088108
19046.15375275269
17619.165906469163
16538.2068559829
17304.684297088108
17619.165906469163
20101.77929759321
17004.56776163218
17304.684297088108
18483.51095234539
17999.68985036488
16305.640442934477
17304.684297088108
17189.259176193904
18077.920121495295
16347.827248746573
19178.429698228872
17965.040431084908
16347.827248746571
16648.119996831756
18356.896603880385
16111.989024342403
16111.989024342405
16111.989024342405
18414.140085200055
16111.989024342405
16460.88311666086
16111.989024342405
16111.989024342405
16347.827248746571
19877.21847394672
20538.809230870884
17619.165906469163
16592.859997123185
19132.063780006334
18100.538882459816
14944.057898945084
16111.989024342405
19046.15375275269
16111.989024342405
15730.539002828682
15224.476534276158
16347.827248746571
17811.279928352946
15733.229103909594
16111.989024342405
16480.161512175848
16915.799431864692
15375.962980701677
15224.476534276158
16131.543063179808
16563.676211132097
15161.166214179713
17417.70062409847
16111.989024342405
15161.166214179711
15512.684243727152
16111.989024342405
14944.057898945084
14348.42049396185
14944.057898945082
17325.79924527128
16021.650391129993
15619.177707892048
14348.42049396185
14944.057898945082
15161.166214179711
19877.21847394672
19313.583132938835
16111.989024342405
14944.057898945082
14944.057898945082
16517.9235760235
13848.351570900959
14140.79060245196
14140.79060245196
14944.057898945082
14390.84679852793
14526.888782821648
14140.79060245196
16511.63224511247
14140.79060245196
14944.057898945082
15826.38457758218
15537.123095884936
14140.79060245196
14526.888782821648
15347.375649346275
14140.79060245196
14658.498009053646
14140.79060245196
14944.057898945082
14658.498009053646
14533.281241615281
14140.79060245196
14472.935293849107
13848.351570900959
13640.721679391068
13640.721679391068
14719.65215458621
14921.589956437534
13848.351570900959
13640.721679391068
13640.721679391068
13640.721679391068
18805.65686037167
13640.721679391068
13640.721679391068
13640.721679391068
15384.599480075402
13640.721679391068
13640.721679391068
13640.721679391068
14472.935293849108
13855.64295226762
14526.888782821648
13640.721679391068
13640.721679391068
13640.721679391068
14944.057898945082
13640.721679391068
13640.721679391068
13640.721679391068
13640.721679391068
14570.500540080278
13640.721679391068
13640.721679391068
14130.636216631026
13640.721679391068
13640.721679391068
13640.721679391068
13640.721679391068
13723.400871139776
13640.721679391068
13640.721679391068
13640.721679391068
13537.057006556304
14332.85381267423
13536.431344837056
13328.801453327167
13328.801453327167
13328.801453327167
13640.721679391068
13328.801453327167
13640.721679391068
13640.721679391068
13640.721679391068
13036.902566249884
13325.393242106784
13328.801453327167
13328.801453327167
13328.801453327167
13328.801453327167
13328.801453327167
13328.801453327167
13325.393242106784
13328.801453327167
13325.393242106784
13328.801453327167
13328.801453327167
13325.393242106784
13328.801453327167
13328.801453327167
13325.393242106784
13632.420188371916
13325.393242106784
13325.393242106784
13328.801453327167
13325.393242106784
13281.18700309172
13328.801453327167
13328.801453327167
13328.801453327167
13094.843138508248
13328.801453327167
13244.532457759773
13036.902566249884
13328.801453327167
13036.902566249884
13328.801453327167
13036.902566249884
13036.902566249884
13036.902566249884
13036.902566249884
12731.085044410946
12678.79628218698
13036.902566249884
13036.902566249884
13036.902566249884
13036.902566249884
13033.4943550295
13033.4943550295
12850.333658670252
13036.902566249884
13025.235599694237
13036.902566249884
13036.902566249884
12850.333658670252
13036.902566249884
13328.801453327167
12850.333658670252
13036.902566249884
12678.79628218698
12678.79628218698
13033.4943550295
13325.393242106784
12939.347864759668
13036.902566249884
12850.333658670252
13036.902566249884
12753.259359235308
13036.902566249884
13036.902566249884
12731.085044410946
12731.085044410947
12624.31629500357
12731.085044410947
12731.085044410947
12734.49325563133
12624.31629500357
12734.49325563133
13263.349273142605
12154.499834156313
12485.658820740147
12624.316295003571
12485.658820740147
12624.316295003571
12731.085044410946
12624.316295003571
12050.6723475629
12485.658820740147
12733.336712616952
12624.316295003571
13036.902566249884
12209.348009794176
12485.658820740147
12678.784269525235
12209.348009794176
12624.316295003571
12154.499834156313
12570.166112858384
12624.316295003571
12624.316295003571
12602.418006296208
12624.31629500357
12624.316295003571
12485.658820740147
12403.380113400543
12485.658820740147
12734.49325563133
12624.316295003571
12430.9274019984
12624.31629500357
12430.9274019984
12430.9274019984
12362.272986801456
12362.272986801456
12362.272986801456
11635.006068860826
11521.789603169334
11755.032961100029
12362.272986801456
12172.02119062424
12050.672347562899
11462.126314293864
12624.316295003571
11635.006068860826
11635.006068860826
11216.907509320263
11635.006068860826
11462.126314293864
11635.006068860826
11635.006068860826
11635.006068860826
11635.006068860826
12362.272986801456
11573.354001073985
11635.006068860826
12362.272986801456
11635.006068860826
11635.006068860826
11635.006068860826
11635.006068860826
12172.02119062424
12159.266375204059
11635.006068860826
11635.006068860826
11635.006068860826
12186.813663801917
11635.006068860826
12186.813663801917
12186.813663801917
11635.006068860826
12118.159248604972
11635.006068860826
10972.79377112378
11216.907509320261
11510.919222903545
11216.907509320261
11927.907452427757
11216.907509320261
11216.907509320261
12050.672347562899
11053.860235778502
11053.8602357785
10972.79377112378
10972.793771123777
11218.01257609738
10972.793771123777
11053.8602357785
10972.793771123777
11053.8602357785
10972.793771123777
10972.793771123777
10972.793771123777
12118.159248604972
11635.006068860826
11053.8602357785
10972.793771123777
10972.793771123777
10972.793771123777
10972.793771123777
11053.8602357785
10972.793771123777
10972.793771123777
11951.19669067386
10972.793771123777
10972.793771123777
10972.793771123777
10972.793771123777
10972.793771123777
10972.793771123777
10734.727486091866
10972.793771123777
10972.793771123781
10972.793771123777
10972.793771123781
10972.793771123777
10972.793771123777
10972.793771123781
10972.793771123781
10798.774659309855
10734.727486091866
10734.727486091866
10734.727486091868
10734.727486091868
11053.8602357785
10734.727486091866
10734.727486091868
10734.727486091868
10734.727486091866
10734.727486091866
10734.727486091868
10972.793771123777
10734.727486091868
10734.727486091868
10734.727486091866
10734.727486091868
10734.727486091866
10734.727486091868
10734.727486091866
10734.727486091868
11728.289275453466
10734.727486091868
10734.727486091868
10734.727486091866
10734.727486091868
10734.727486091866
10734.727486091866
10734.727486091866
10972.793771123777
10734.727486091868
10734.727486091866
10972.793771123781
10734.727486091868
10734.727486091868
10734.727486091868
10734.727486091868
10647.812831280897
10734.727486091866
10734.727486091866
10499.11051296381
10734.727486091868
10734.727486091868
10499.110512963809
10499.11051296381
10499.11051296381
10499.110512963809
10499.110512963809
10734.727486091868
10734.727486091868
10734.727486091868
10734.727486091868
10734.727486091866
10734.727486091868
10499.110512963809
10499.11051296381
10499.110512963809
10734.727486091868
10734.727486091868
10734.727486091868
10734.727486091868
10734.727486091866
10734.727486091868
10499.110512963809
10499.110512963809
10456.95927114449
10499.11051296381
10499.11051296381
10499.110512963809
10499.11051296381
10499.11051296381
10499.11051296381
10499.11051296381
10499.11051296381
10499.11051296381
10499.11051296381
10499.11051296381
10456.959271144491
10499.11051296381
10499.11051296381
10456.95927114449
10456.959271144491
10456.959271144491
10456.95927114449
10456.95927114449
10456.959271144491
10456.959271144491
10499.11051296381
10499.11051296381
10456.959271144491
10499.11051296381
10456.959271144491
10456.959271144491
10456.95927114449
10456.959271144491
10456.959271144491
10499.11051296381
10456.959271144491
10456.959271144491
10456.959271144491
10456.95927114449
10456.959271144491
10433.442110162763
10456.959271144491
10499.11051296381
10456.95927114449
10456.959271144491
10456.959271144491
10456.959271144491
10456.959271144491
10456.959271144491
10456.959271144491
10456.959271144491
10456.959271144491
10456.959271144491
10456.959271144491
10456.959271144491
10433.442110162763
10433.442110162765
10433.442110162765
10456.95927114449
10433.442110162763
10433.442110162765
10456.959271144491
10433.442110162765
10433.442110162765
10433.442110162765
10433.442110162765
10433.442110162765
10433.442110162765
10433.442110162765
10433.442110162765
10433.442110162765
10499.11051296381
10433.442110162765
10433.442110162765
10433.442110162765
10433.442110162763
10433.442110162765
10433.442110162763
10433.442110162765
10433.442110162765
10433.442110162763
10433.442110162765
10433.442110162765
10433.442110162765
10433.442110162765
10433.442110162765
10433.442110162765
10433.442110162765
10433.442110162765
10433.442110162765
10433.442110162765
10433.442110162765
10433.442110162763
10433.442110162765
10433.442110162765
10433.442110162765
10433.442110162763
10433.442110162765
10433.442110162765
10433.442110162765
10433.442110162765
10414.820990941435
10433.442110162765
10433.442110162765
10414.820990941435
10433.442110162765
10433.442110162765
10414.820990941435
10433.442110162765
10433.442110162765
10433.442110162765
10433.442110162765
10433.442110162763
10414.820990941435
10433.442110162765
10414.820990941435
10414.820990941435
10414.820990941435
10433.442110162765
10414.820990941435
10414.820990941435
10414.820990941435
10414.820990941435
10414.820990941435
10414.820990941435
10414.820990941435
10414.820990941435
10414.820990941435
10414.820990941435
10414.820990941435
10414.820990941435
10414.820990941435
10414.820990941435
10414.820990941435
10414.820990941435
10414.820990941435
10414.820990941435
10414.820990941435
10414.820990941435
10433.442110162765
10414.820990941435
10414.820990941435
10433.442110162765
10433.442110162765
10414.820990941435
10433.442110162765
10414.820990941435
10433.442110162765
10433.442110162765
10414.820990941435
10414.820990941435
10414.820990941435
10414.820990941435
10414.820990941435
10414.820990941435
10414.820990941435
10414.820990941435
10414.820990941435
10414.820990941435
10414.820990941435
10414.820990941435
10414.820990941435
10414.820990941435
10414.820990941435
10414.820990941435
10414.820990941435
10414.820990941435
10414.820990941435
10414.820990941435
10414.820990941435
10414.820990941435
10414.820990941435
10414.820990941435
10414.820990941435
10414.820990941435
10414.820990941435
10414.820990941435
10414.820990941435
10414.820990941435
10414.820990941435
10414.820990941435
10414.820990941435
10414.820990941435
10414.820990941435
10414.820990941435
10414.820990941435
10414.820990941435
10414.820990941435
10433.442110162765
10414.820990941435
10414.820990941435
10414.820990941435
10414.820990941435
10414.820990941435
10414.820990941435
10414.820990941435
10414.820990941435
10414.820990941435
10414.820990941435
10414.820990941435
10414.820990941435
10414.820990941435
10414.820990941435
10414.820990941435
10414.820990941435
10414.820990941435
10414.820990941435
10414.820990941435
10414.820990941435
10414.820990941435
10414.820990941435
10414.820990941435
10414.820990941435
10414.820990941435
10414.820990941435
10414.820990941435
10414.820990941435
10414.820990941435
10414.820990941435
10414.820990941435
10414.820990941435
10414.820990941435
10414.820990941435
10414.820990941435
10414.820990941435
13586.675562121696
10414.820990941435
10414.820990941435
10414.820990941435
10414.820990941435
10414.820990941435
10414.820990941435
10414.820990941435
10414.820990941435
10414.820990941435
10414.820990941435
10414.820990941435
10414.820990941435
10414.820990941435
10414.820990941435
10414.820990941435
10414.820990941435
10414.820990941435
10414.820990941435
10414.820990941435
10414.820990941435
10414.820990941435
10414.820990941435
10414.820990941435
10414.820990941435
10414.820990941435
10414.820990941435
10414.820990941435
10414.820990941435
10414.820990941435
10414.820990941435
10414.820990941435
10414.820990941435
10414.820990941435
10414.820990941435
10414.820990941435
10414.820990941435
10433.442110162765
10414.820990941435
10414.820990941435
10414.820990941435
10414.820990941435
10414.820990941435
10414.820990941435
10414.820990941435
10414.820990941435
10414.820990941435
10414.820990941435
10414.820990941435
10414.820990941435
10414.820990941435
10414.820990941435
10414.820990941435
10414.820990941435
10414.820990941435
10414.820990941435
10414.820990941435
10414.820990941435
10414.820990941435
10414.820990941435
10414.820990941435
10414.820990941435
10414.820990941435
10414.820990941435
10414.820990941435
10414.820990941435
10414.820990941435
10414.820990941435
10414.820990941435
10414.820990941435
10414.820990941435
10414.820990941435
10414.820990941435
10414.820990941435
10414.820990941435
10414.820990941435
10414.820990941435
10414.820990941435
10414.820990941435
10414.820990941435
10414.820990941435
10414.820990941435
10414.820990941435
10414.820990941435
10414.820990941435
10414.820990941435
10414.820990941435
10414.820990941435
10414.820990941435
10414.820990941435
10414.820990941435
10414.820990941435
10414.820990941435
10414.820990941435
10414.820990941435
10414.820990941435
10414.820990941435
10414.820990941435
10414.820990941435
10414.820990941435
10414.820990941435
10414.820990941435
10414.820990941435
10414.820990941435
10414.820990941435
10414.820990941435
10414.820990941435
10414.820990941435
10414.820990941435
10414.820990941435
10414.820990941435
10414.820990941435
10414.820990941435
10414.820990941435
10414.820990941435
10414.820990941435
10414.820990941435
10414.820990941435
10414.820990941435
10414.820990941435
10414.820990941435
10414.820990941435
10414.820990941435
10414.820990941435
10414.820990941435
10414.820990941435
10414.820990941435
10414.820990941435
10414.820990941435
10414.820990941435
10414.820990941435
10414.820990941435
10414.820990941435
10414.820990941435
10414.820990941435
10414.820990941435
10414.820990941435
10414.820990941435
10414.820990941435
10414.820990941435
10414.820990941435
10414.820990941435
10414.820990941435
10414.820990941435
10414.820990941435
10414.820990941435
10414.820990941435
10414.820990941435
10414.820990941435
10414.820990941435
10414.820990941435
10414.820990941435
10414.820990941435
10414.820990941435
10414.820990941435
10414.820990941435
10414.820990941435
10414.820990941435
10414.820990941435
10414.820990941435
10414.820990941435
10414.820990941435
10414.820990941435
10414.820990941435
10414.820990941435
10414.820990941435
10414.820990941435
10414.820990941435
10414.820990941435
10414.820990941435
10414.820990941435
10414.820990941435
10414.820990941435
10414.820990941435
10414.820990941435
10414.820990941435
10414.820990941435
10414.820990941435
10414.820990941435
10414.820990941435
10414.820990941435
10414.820990941435
10414.820990941435
10414.820990941435
10414.820990941435
10414.820990941435
10414.820990941435
10414.820990941435
10414.820990941435
10414.820990941435
10414.820990941435
10414.820990941435
10414.820990941435
10414.820990941435
10414.820990941435
10414.820990941435
10414.820990941435
10414.820990941435
10414.820990941435
10414.820990941435
10414.820990941435
10414.820990941435
10414.820990941435
10414.820990941435
10414.820990941435
10414.820990941435
10414.820990941435
10414.820990941435
10414.820990941435
10414.820990941435
10414.820990941435
10414.820990941435
10414.820990941435
10414.820990941435
10414.820990941435
10414.820990941435
10414.820990941435
10414.820990941435
10414.820990941435
10414.820990941435
10414.820990941435
10414.820990941435
10414.820990941435
10414.820990941435
10414.820990941435
10414.820990941435
10414.820990941435
10414.820990941435
10414.820990941435
10414.820990941435
10414.820990941435
10414.820990941435
10414.820990941435
10414.820990941435
10414.820990941435
10414.820990941435
10414.820990941435
10414.820990941435
10414.820990941435
10414.820990941435
10414.820990941435
10414.820990941435
10414.820990941435
10414.820990941435
10414.820990941435
10414.820990941435
10414.820990941435
10414.820990941435
10414.820990941435
10414.820990941435
10414.820990941435
10414.820990941435
10414.820990941435
10414.820990941435
10414.820990941435
10414.820990941435
10414.820990941435
10414.820990941435
10414.820990941435
10414.820990941435
10414.820990941435
10414.820990941435
10414.820990941435
10414.820990941435
10414.820990941435
10414.820990941435
10414.820990941435
10414.820990941435
10414.820990941435
10414.820990941435
10414.820990941435
10414.820990941435
10414.820990941435
10414.820990941435
10414.820990941435
10414.820990941435
10414.820990941435
10414.820990941435
10414.820990941435
10414.820990941435
10414.820990941435
10414.820990941435
10414.820990941435
10414.820990941435
10414.820990941435
10414.820990941435
10414.820990941435
10414.820990941435
10414.820990941435
10414.820990941435
10414.820990941435
10414.820990941435
10414.820990941435
10414.820990941435
10414.820990941435
10414.820990941435
10433.442110162765
10414.820990941435
10414.820990941435
10414.820990941435
10414.820990941435
10414.820990941435
10414.820990941435
10414.820990941435
10414.820990941435
10414.820990941435
10414.820990941435
10414.820990941435
10414.820990941435
10414.820990941435
10414.820990941435
10414.820990941435
10414.820990941435
10414.820990941435
10414.820990941435
10414.820990941435
10414.820990941435
10414.820990941435
10414.820990941435
10414.820990941435
10414.820990941435
10414.820990941435
10414.820990941435
10414.820990941435
10414.820990941435
10414.820990941435
10414.820990941435
10414.820990941435
10414.820990941435
10414.820990941435
10414.820990941435
10414.820990941435
10414.820990941435
10414.820990941435
10414.820990941435
10414.820990941435
10414.820990941435
10414.820990941435
10414.820990941435
10414.820990941435
10414.820990941435
10414.820990941435
10414.820990941435
10414.820990941435
10414.820990941435
10414.820990941435
10414.820990941435
10414.820990941435
10414.820990941435
10414.820990941435
10414.820990941435
10414.820990941435
10414.820990941435
10414.820990941435
10414.820990941435
10414.820990941435
10414.820990941435
10414.820990941435
10414.820990941435
10414.820990941435
10414.820990941435
10414.820990941435
10414.820990941435
10414.820990941435
10414.820990941435
10414.820990941435
10414.820990941435
10414.820990941435
10414.820990941435
10414.820990941435
10414.820990941435
10414.820990941435
10414.820990941435
10414.820990941435
10414.820990941435
10414.820990941435
10414.820990941435
10414.820990941435
10414.820990941435
10414.820990941435
10414.820990941435
10414.820990941435
10414.820990941435
10414.820990941435
10414.820990941435
10414.820990941435
10414.820990941435
10414.820990941435
10414.820990941435
10414.820990941435
10414.820990941435
10414.820990941435
10414.820990941435
10414.820990941435
10414.820990941435
10414.820990941435
10414.820990941435
10414.820990941435
10414.820990941435
10414.820990941435
10414.820990941435
10414.820990941435
10414.820990941435
10414.820990941435
10414.820990941435
10414.820990941435
10414.820990941435
10414.820990941435
10414.820990941435
10414.820990941435
10414.820990941435
10414.820990941435
10414.820990941435
10414.820990941435
10414.820990941435
10414.820990941435
10414.820990941435
10414.820990941435
10414.820990941435
10414.820990941435
10414.820990941435
10414.820990941435
10414.820990941435
10414.820990941435
10414.820990941435
10414.820990941435
10414.820990941435
10414.820990941435
10414.820990941435
10414.820990941435
10414.820990941435
10414.820990941435
10414.820990941435
10414.820990941435
10414.820990941435
10414.820990941435
10414.820990941435
10414.820990941435
10414.820990941435
10414.820990941435
10414.820990941435
10414.820990941435
10414.820990941435
10414.820990941435
10414.820990941435
10414.820990941435
10414.820990941435
10414.820990941435
10414.820990941435
10414.820990941435
10414.820990941435
10414.820990941435
10414.820990941435
10414.820990941435
10414.820990941435
10414.820990941435
10414.820990941435
10414.820990941435
10414.820990941435
10414.820990941435
10414.820990941435
10414.820990941435
10414.820990941435
10414.820990941435
10414.820990941435
10414.820990941435
10414.820990941435
10414.820990941435
10414.820990941435
10414.820990941435
10414.820990941435
10414.820990941435
10414.820990941435
10414.820990941435
10414.820990941435
10414.820990941435
10414.820990941435
10414.820990941435
10414.820990941435
10414.820990941435
10414.820990941435
10414.820990941435
10414.820990941435
10414.820990941435
10414.820990941435
10414.820990941435
10414.820990941435
10414.820990941435
10414.820990941435
10414.820990941435
10414.820990941435
10414.820990941435
10414.820990941435
10414.820990941435
10414.820990941435
10414.820990941435
10414.820990941435
10414.820990941435
10414.820990941435
10414.820990941435
10414.820990941435
10414.820990941435
10414.820990941435
10414.820990941435
10414.820990941435
10414.820990941435
10414.820990941435
10414.820990941435
10414.820990941435
10414.820990941435
10414.820990941435
10414.820990941435
10414.820990941435
10414.820990941435
10414.820990941435
10414.820990941435
10414.820990941435
10414.820990941435
10414.820990941435
10414.820990941435
10414.820990941435
10414.820990941435
10414.820990941435
10414.820990941435
10414.820990941435
10414.820990941435
10414.820990941435
10414.820990941435
10414.820990941435
10414.820990941435
10414.820990941435
10414.820990941435
10414.820990941435
10414.820990941435
10414.820990941435
10414.820990941435
10414.820990941435
10414.820990941435
10414.820990941435
10414.820990941435
10414.820990941435
10414.820990941435
10414.820990941435
10414.820990941435
10414.820990941435
10414.820990941435
10414.820990941435
10414.820990941435
10414.820990941435
10414.820990941435
10414.820990941435
10414.820990941435
10414.820990941435
10414.820990941435
10414.820990941435
10414.820990941435
10414.820990941435
10414.820990941435
10414.820990941435
10414.820990941435
10414.820990941435
10414.820990941435
10414.820990941435
10414.820990941435
10414.820990941435
10414.820990941435
10414.820990941435
10414.820990941435
10414.820990941435
10414.820990941435
10414.820990941435
10414.820990941435
10414.820990941435
10414.820990941435
10414.820990941435
10414.820990941435
10414.820990941435
10414.820990941435
10414.820990941435
10414.820990941435
10414.820990941435
10414.820990941435
10414.820990941435
10414.820990941435
10414.820990941435
10414.820990941435
10414.820990941435
10414.820990941435
10414.820990941435
10414.820990941435
10414.820990941435
10414.820990941435
10414.820990941435
10414.820990941435
10414.820990941435
10414.820990941435
10414.820990941435
10414.820990941435
10414.820990941435
10414.820990941435
10414.820990941435
10414.820990941435
10414.820990941435
10414.820990941435
10414.820990941435
10414.820990941435
10414.820990941435
10414.820990941435
10414.820990941435
10414.820990941435
10414.820990941435
10414.820990941435
10414.820990941435
10414.820990941435
10414.820990941435
10414.820990941435
10414.820990941435
10414.820990941435
10414.820990941435
10414.820990941435
10414.820990941435
10414.820990941435
10414.820990941435
10414.820990941435
10414.820990941435
10414.820990941435
10414.820990941435
10414.820990941435
10414.820990941435
10414.820990941435
10414.820990941435
10414.820990941435
10414.820990941435
10414.820990941435
10414.820990941435
10414.820990941435
10414.820990941435
10414.820990941435
10414.820990941435
10414.820990941435
10414.820990941435
10414.820990941435
10414.820990941435
10414.820990941435
10414.820990941435
10414.820990941435
10414.820990941435
10414.820990941435
10414.820990941435
10414.820990941435
10414.820990941435
10414.820990941435
10414.820990941435
10414.820990941435
10414.820990941435
10414.820990941435
10414.820990941435
10414.820990941435
10414.820990941435
10414.820990941435
10414.820990941435
10414.820990941435
10414.820990941435
10414.820990941435
10414.820990941435
10414.820990941435
10414.820990941435
10414.820990941435
10414.820990941435
10414.820990941435
10414.820990941435
10414.820990941435
10414.820990941435
10414.820990941435
10414.820990941435
10414.820990941435
10414.820990941435
10414.820990941435
10414.820990941435
10414.820990941435
10414.820990941435
10414.820990941435
10414.820990941435
10414.820990941435
10414.820990941435
10414.820990941435
10414.820990941435
10414.820990941435
10414.820990941435
10414.820990941435
10414.820990941435
10414.820990941435
10414.820990941435
10414.820990941435
10414.820990941435
10414.820990941435
10414.820990941435
10414.820990941435
10414.820990941435
10414.820990941435
10414.820990941435
10414.820990941435
10414.820990941435
10414.820990941435
10414.820990941435
10414.820990941435
10414.820990941435
10414.820990941435
10414.820990941435
10414.820990941435
10414.820990941435
10414.820990941435
10414.820990941435
10414.820990941435
10414.820990941435
10414.820990941435
10414.820990941435
10414.820990941435
10414.820990941435
10414.820990941435
10414.820990941435
10414.820990941435
10414.820990941435
10414.820990941435
10414.820990941435
10414.820990941435
10414.820990941435
10414.820990941435
10414.820990941435
10414.820990941435
10414.820990941435
10414.820990941435
10414.820990941435
10414.820990941435
10414.820990941435
10414.820990941435
10414.820990941435
10414.820990941435
10414.820990941435
10414.820990941435
10414.820990941435
10414.820990941435
10414.820990941435
10414.820990941435
10414.820990941435
10414.820990941435
10414.820990941435
10414.820990941435
10414.820990941435
10414.820990941435
10414.820990941435
10414.820990941435
10414.820990941435
10414.820990941435
10414.820990941435
10414.820990941435
10414.820990941435
10414.820990941435
10414.820990941435
10414.820990941435
10414.820990941435
10414.820990941435
10414.820990941435
10414.820990941435
10414.820990941435
10414.820990941435
10414.820990941435
10414.820990941435
10414.820990941435
10414.820990941435
10414.820990941435
10414.820990941435
10414.820990941435
10414.820990941435
10414.820990941435
10414.820990941435
10414.820990941435
10414.820990941435
10414.820990941435
10414.820990941435
10414.820990941435
10414.820990941435
10414.820990941435
10414.820990941435
10414.820990941435
10414.820990941435
10414.820990941435
10414.820990941435
10414.820990941435
10414.820990941435
10414.820990941435
10414.820990941435
10414.820990941435
10414.820990941435
10414.820990941435
10414.820990941435
10414.820990941435
10414.820990941435
10414.820990941435
10414.820990941435
10414.820990941435
10414.820990941435
10414.820990941435
10414.820990941435
10414.820990941435
10414.820990941435
10414.820990941435
10414.820990941435
10414.820990941435
10414.820990941435
10414.820990941435
10414.820990941435
10414.820990941435
10414.820990941435
10414.820990941435
10414.820990941435
10414.820990941435
10414.820990941435
10414.820990941435
10414.820990941435
10414.820990941435
10414.820990941435
10414.820990941435
10414.820990941435
10414.820990941435
10414.820990941435
10414.820990941435
10414.820990941435
10414.820990941435
10414.820990941435
10414.820990941435
10414.820990941435
10414.820990941435
10414.820990941435
10414.820990941435
10414.820990941435
10414.820990941435
10414.820990941435
10414.820990941435
10414.820990941435
10414.820990941435
10414.820990941435
10414.820990941435
10414.820990941435
10414.820990941435
10414.820990941435
10414.820990941435
10414.820990941435
10414.820990941435
10414.820990941435
10414.820990941435
10414.820990941435
10414.820990941435
10414.820990941435
10414.820990941435
10414.820990941435
10414.820990941435
10414.820990941435
10414.820990941435
10414.820990941435
10414.820990941435
10414.820990941435
10414.820990941435
10414.820990941435
10414.820990941435
10414.820990941435
10414.820990941435
10414.820990941435
10414.820990941435
10414.820990941435
10414.820990941435
10414.820990941435
10414.820990941435
10414.820990941435
10414.820990941435
10414.820990941435
10414.820990941435
10414.820990941435
10414.820990941435
10414.820990941435
10414.820990941435
10414.820990941435
10414.820990941435
10414.820990941435
10414.820990941435
10414.820990941435
10414.820990941435
10414.820990941435
10414.820990941435
10414.820990941435
10414.820990941435
10414.820990941435
10414.820990941435
10414.820990941435
10414.820990941435
10414.820990941435
10414.820990941435
10414.820990941435
10414.820990941435
10414.820990941435
10414.820990941435
10414.820990941435
10414.820990941435
10414.820990941435
10414.820990941435
10414.820990941435
10414.820990941435
10414.820990941435
10414.820990941435
10414.820990941435
10414.820990941435
10414.820990941435
10414.820990941435
10414.820990941435
10414.820990941435
10414.820990941435
10414.820990941435
10414.820990941435
10414.820990941435
10414.820990941435
10414.820990941435
10414.820990941435
10414.820990941435
10414.820990941435
10414.820990941435
10414.820990941435
10414.820990941435
10414.820990941435
10414.820990941435
10414.820990941435
10414.820990941435
10414.820990941435
10414.820990941435
10414.820990941435
10414.820990941435
10414.820990941435
10414.820990941435
10414.820990941435
10414.820990941435
10414.820990941435
10414.820990941435
10414.820990941435
10414.820990941435
10414.820990941435
10414.820990941435
10414.820990941435
10414.820990941435
10414.820990941435
10414.820990941435
10414.820990941435
10414.820990941435
10414.820990941435
10414.820990941435
10414.820990941435
10414.820990941435
10414.820990941435
10414.820990941435
10414.820990941435
10414.820990941435
10414.820990941435
10414.820990941435
10414.820990941435
10414.820990941435
10414.820990941435
10414.820990941435
10414.820990941435
10414.820990941435
10414.820990941435
10414.820990941435
10414.820990941435
10414.820990941435
10414.820990941435
10414.820990941435
10414.820990941435
10414.820990941435
10414.820990941435
10414.820990941435
10414.820990941435
10414.820990941435
10414.820990941435
10414.820990941435
10414.820990941435
10414.820990941435
10414.820990941435
10414.820990941435
10414.820990941435
10414.820990941435
10414.820990941435
10414.820990941435
10414.820990941435
10414.820990941435
10414.820990941435
10414.820990941435
10414.820990941435
10414.820990941435
10414.820990941435
10414.820990941435
10414.820990941435
10414.820990941435
10414.820990941435
10414.820990941435
10414.820990941435
10414.820990941435
10414.820990941435
10414.820990941435
10414.820990941435
10414.820990941435
10414.820990941435
10414.820990941435
10414.820990941435
10414.820990941435
10414.820990941435
10414.820990941435
10414.820990941435
10414.820990941435
10414.820990941435
10414.820990941435
10414.820990941435
10414.820990941435
10414.820990941435
10414.820990941435
10414.820990941435
10414.820990941435
10414.820990941435
10414.820990941435
10414.820990941435
10414.820990941435
10414.820990941435
10414.820990941435
10414.820990941435
10414.820990941435
10414.820990941435
10414.820990941435
10414.820990941435
10414.820990941435
10414.820990941435
10414.820990941435
10414.820990941435
10414.820990941435
10414.820990941435
10414.820990941435
10414.820990941435
10414.820990941435
10414.820990941435
10414.820990941435
10414.820990941435
10414.820990941435
10414.820990941435
10414.820990941435
10414.820990941435
10414.820990941435
10414.820990941435
10414.820990941435
10414.820990941435
10414.820990941435
10414.820990941435
10414.820990941435
10414.820990941435
10414.820990941435
10414.820990941435
10414.820990941435
10414.820990941435
10414.820990941435
10414.820990941435
10414.820990941435
10414.820990941435
10414.820990941435
10414.820990941435
10414.820990941435
10414.820990941435
10414.820990941435
10414.820990941435
10414.820990941435
10414.820990941435
10414.820990941435
10414.820990941435
10414.820990941435
10414.820990941435
10414.820990941435
10414.820990941435
10414.820990941435
10414.820990941435
10414.820990941435
10414.820990941435
10414.820990941435
10414.820990941435
10414.820990941435
10414.820990941435
10414.820990941435
10414.820990941435
10414.820990941435
10414.820990941435
10414.820990941435
10414.820990941435
10414.820990941435
10414.820990941435
10414.820990941435
10414.820990941435
10414.820990941435
10414.820990941435
10414.820990941435
10414.820990941435
10414.820990941435
10414.820990941435
10414.820990941435
10414.820990941435
10414.820990941435
10414.820990941435
10414.820990941435
10414.820990941435
10414.820990941435
10414.820990941435
10414.820990941435
10414.820990941435
10414.820990941435
10414.820990941435
10414.820990941435
10414.820990941435
10414.820990941435
10414.820990941435
10414.820990941435
10414.820990941435
10414.820990941435
10414.820990941435
10414.820990941435
10414.820990941435
10414.820990941435
10414.820990941435
10414.820990941435
10414.820990941435
10414.820990941435
10414.820990941435
10414.820990941435
10414.820990941435
10414.820990941435
10414.820990941435
10414.820990941435
10414.820990941435
10414.820990941435
10414.820990941435
10414.820990941435
10414.820990941435
10414.820990941435
10414.820990941435
10414.820990941435
10414.820990941435
10414.820990941435
10414.820990941435
10414.820990941435
10414.820990941435
10414.820990941435
10414.820990941435
10414.820990941435
10414.820990941435
10414.820990941435
10414.820990941435
10414.820990941435
10414.820990941435
10414.820990941435
10414.820990941435
10414.820990941435
10414.820990941435
10414.820990941435
10414.820990941435
10414.820990941435
10414.820990941435
10414.820990941435
10414.820990941435
10414.820990941435
10414.820990941435
10414.820990941435
10414.820990941435
10414.820990941435
10414.820990941435
10414.820990941435
10414.820990941435
10414.820990941435
10414.820990941435
10414.820990941435
10414.820990941435
10414.820990941435
10414.820990941435
10414.820990941435
10414.820990941435
10414.820990941435
10414.820990941435
10414.820990941435
10414.820990941435
10414.820990941435
10414.820990941435
10414.820990941435
10414.820990941435
10414.820990941435
10414.820990941435
10414.820990941435
10414.820990941435
10414.820990941435
10414.820990941435
10414.820990941435
10414.820990941435
10414.820990941435
10414.820990941435
10414.820990941435
10414.820990941435
10414.820990941435
10414.820990941435
10414.820990941435
10414.820990941435
10414.820990941435
10414.820990941435
10414.820990941435
10414.820990941435
10414.820990941435
10414.820990941435
10414.820990941435
10414.820990941435
10414.820990941435
10414.820990941435
10414.820990941435
10414.820990941435
10414.820990941435
10414.820990941435
10414.820990941435
10414.820990941435
10414.820990941435
10414.820990941435
10414.820990941435
10414.820990941435
10414.820990941435
10414.820990941435
10414.820990941435
10414.820990941435
10414.820990941435
10414.820990941435
10414.820990941435
10414.820990941435
10414.820990941435
10414.820990941435
10414.820990941435
10414.820990941435
10414.820990941435
10414.820990941435
10414.820990941435
10414.820990941435
10414.820990941435
10414.820990941435
10414.820990941435
10414.820990941435
10414.820990941435
10414.820990941435
10414.820990941435
10414.820990941435
10414.820990941435
10414.820990941435
10414.820990941435
10414.820990941435
10414.820990941435
10414.820990941435
10414.820990941435
10414.820990941435
10414.820990941435
10414.820990941435
10414.820990941435
10414.820990941435
10414.820990941435
10414.820990941435
10414.820990941435
10414.820990941435
10414.820990941435
10414.820990941435
10414.820990941435
10414.820990941435
10414.820990941435
10414.820990941435
10414.820990941435
10414.820990941435
10414.820990941435
10414.820990941435
10414.820990941435
10414.820990941435
10414.820990941435
10414.820990941435
10414.820990941435
10414.820990941435
10414.820990941435
10414.820990941435
10414.820990941435
10414.820990941435
10414.820990941435
10414.820990941435
10414.820990941435
10414.820990941435
10414.820990941435
10414.820990941435
10414.820990941435
10414.820990941435
10414.820990941435
10414.820990941435
10414.820990941435
10414.820990941435
10414.820990941435
10414.820990941435
10414.820990941435
10414.820990941435
10414.820990941435
10414.820990941435
10414.820990941435
10414.820990941435
10414.820990941435
10414.820990941435
10414.820990941435
10414.820990941435
10414.820990941435
10414.820990941435
10414.820990941435
10414.820990941435
10414.820990941435
10414.820990941435
10414.820990941435
10414.820990941435
10414.820990941435
10414.820990941435
10414.820990941435
10414.820990941435
10414.820990941435
10414.820990941435
10414.820990941435
10414.820990941435
10414.820990941435
10414.820990941435
10414.820990941435
10414.820990941435
10414.820990941435
10414.820990941435
10414.820990941435
10414.820990941435
10414.820990941435
10414.820990941435
10414.820990941435
10414.820990941435
10414.820990941435
10414.820990941435
10414.820990941435
10414.820990941435
10414.820990941435
10414.820990941435
10414.820990941435
10414.820990941435
10414.820990941435
10414.820990941435
10414.820990941435
10414.820990941435
10414.820990941435
10414.820990941435
10414.820990941435
10414.820990941435
10414.820990941435
10414.820990941435
10414.820990941435
10414.820990941435
10414.820990941435
10414.820990941435
10414.820990941435
10414.820990941435
10414.820990941435
10414.820990941435
10414.820990941435
10414.820990941435
10414.820990941435
10414.820990941435
10414.820990941435
10414.820990941435
10414.820990941435
10414.820990941435
10414.820990941435
10414.820990941435
10414.820990941435
10414.820990941435
10414.820990941435
10414.820990941435
10414.820990941435
10414.820990941435
10414.820990941435
10414.820990941435
10414.820990941435
10414.820990941435
10414.820990941435
10414.820990941435
10414.820990941435
10414.820990941435
10414.820990941435
10414.820990941435
10414.820990941435
10414.820990941435
10414.820990941435
10414.820990941435
10414.820990941435
10414.820990941435
10414.820990941435
10414.820990941435
10414.820990941435
10414.820990941435
10414.820990941435
10414.820990941435
10414.820990941435
10414.820990941435
10414.820990941435
10414.820990941435
10414.820990941435
10414.820990941435
10414.820990941435
10414.820990941435
10414.820990941435
10414.820990941435
10414.820990941435
10414.820990941435
10414.820990941435
10414.820990941435
10414.820990941435
10414.820990941435
10414.820990941435
10414.820990941435
10414.820990941435
10414.820990941435
10414.820990941435
10414.820990941435
10414.820990941435
10414.820990941435
10414.820990941435
10414.820990941435
10414.820990941435
10414.820990941435
10414.820990941435
10414.820990941435
10414.820990941435
10414.820990941435
10414.820990941435
10414.820990941435
10414.820990941435
10414.820990941435
10414.820990941435
10414.820990941435
10414.820990941435
10414.820990941435
10414.820990941435
10414.820990941435
10414.820990941435
10414.820990941435
10414.820990941435
10414.820990941435
10414.820990941435
10414.820990941435
10414.820990941435
10414.820990941435
10414.820990941435
10414.820990941435
10414.820990941435
10414.820990941435
10414.820990941435
10414.820990941435
10414.820990941435
10414.820990941435
10414.820990941435
10414.820990941435
10414.820990941435
10414.820990941435
10414.820990941435
10414.820990941435
10414.820990941435
10414.820990941435
10414.820990941435
10414.820990941435
10414.820990941435
10414.820990941435
10414.820990941435
10414.820990941435
10414.820990941435
10414.820990941435
10414.820990941435
10414.820990941435
10414.820990941435
10414.820990941435
10414.820990941435
10414.820990941435
10414.820990941435
10414.820990941435
10414.820990941435
10414.820990941435
10414.820990941435
10414.820990941435
10414.820990941435
10414.820990941435
10414.820990941435
10414.820990941435
10414.820990941435
10414.820990941435
10414.820990941435
10414.820990941435
10414.820990941435
10414.820990941435
10414.820990941435
10414.820990941435
10414.820990941435
10414.820990941435
10414.820990941435
10414.820990941435
10414.820990941435
10414.820990941435
10414.820990941435
10414.820990941435
10414.820990941435
10414.820990941435
10414.820990941435
10414.820990941435
10414.820990941435
10414.820990941435
10414.820990941435
10414.820990941435
10414.820990941435
10414.820990941435
10414.820990941435
10414.820990941435
10414.820990941435
10414.820990941435
10414.820990941435
10414.820990941435
10414.820990941435
10414.820990941435
10414.820990941435
10414.820990941435
10414.820990941435
10414.820990941435
10414.820990941435
10414.820990941435
10414.820990941435
10414.820990941435
10414.820990941435
10414.820990941435
10414.820990941435
10414.820990941435
10414.820990941435
10414.820990941435
10414.820990941435
10414.820990941435
10414.820990941435
10414.820990941435
10414.820990941435
10414.820990941435
10414.820990941435
10414.820990941435
10414.820990941435
10414.820990941435
10414.820990941435
10414.820990941435
10433.442110162765
10414.820990941435
10414.820990941435
10414.820990941435
10414.820990941435
10414.820990941435
10414.820990941435
10414.820990941435
10414.820990941435
10414.820990941435
10414.820990941435
10414.820990941435
10414.820990941435
10414.820990941435
10414.820990941435
10414.820990941435
10414.820990941435
10414.820990941435
10414.820990941435
10414.820990941435
10414.820990941435
10414.820990941435
10414.820990941435
10414.820990941435
10414.820990941435
10414.820990941435
10414.820990941435
10414.820990941435
10414.820990941435
10414.820990941435
10414.820990941435
10414.820990941435
10414.820990941435
10414.820990941435
10414.820990941435
10414.820990941435
10414.820990941435
10414.820990941435
10414.820990941435
10414.820990941435
10414.820990941435
10414.820990941435
10414.820990941435
10414.820990941435
10414.820990941435
10414.820990941435
10414.820990941435
10414.820990941435
10414.820990941435
10414.820990941435
10414.820990941435
10414.820990941435
10414.820990941435
10414.820990941435
10414.820990941435
10414.820990941435
10414.820990941435
10414.820990941435
10414.820990941435
10414.820990941435
10414.820990941435
10414.820990941435
10414.820990941435
10414.820990941435
10414.820990941435
10414.820990941435
10414.820990941435
10414.820990941435
10414.820990941435
10414.820990941435
10414.820990941435
10414.820990941435
10414.820990941435
10414.820990941435
10414.820990941435
10414.820990941435
10414.820990941435
10414.820990941435
10414.820990941435
10414.820990941435
10414.820990941435
10414.820990941435
10414.820990941435
10414.820990941435
10414.820990941435
10414.820990941435
10414.820990941435
10414.820990941435
10414.820990941435
10414.820990941435
10414.820990941435
10414.820990941435
10414.820990941435
10414.820990941435
10414.820990941435
10414.820990941435
10414.820990941435
10414.820990941435
10414.820990941435
10414.820990941435
10414.820990941435
10414.820990941435
10414.820990941435
10414.820990941435
10414.820990941435
10414.820990941435
10414.820990941435
10414.820990941435
10414.820990941435
10414.820990941435
10414.820990941435
10414.820990941435
10414.820990941435
10414.820990941435
10414.820990941435
10414.820990941435
10414.820990941435
10414.820990941435
10414.820990941435
10414.820990941435
10414.820990941435
10414.820990941435
10414.820990941435
10414.820990941435
10414.820990941435
10414.820990941435
10414.820990941435
10414.820990941435
10414.820990941435
10414.820990941435
10414.820990941435
10414.820990941435
10414.820990941435
10414.820990941435
10414.820990941435
10414.820990941435
10414.820990941435
10414.820990941435
10414.820990941435
10414.820990941435
10414.820990941435
10414.820990941435
10414.820990941435
10414.820990941435
10414.820990941435
10414.820990941435
10414.820990941435
10414.820990941435
10414.820990941435
10414.820990941435
10414.820990941435
10414.820990941435
10414.820990941435
10414.820990941435
10414.820990941435
10414.820990941435
10414.820990941435
10414.820990941435
10414.820990941435
10414.820990941435
10414.820990941435
10414.820990941435
10414.820990941435
10414.820990941435
10414.820990941435
10414.820990941435
10414.820990941435
10414.820990941435
10414.820990941435
10414.820990941435
10414.820990941435
10414.820990941435
10414.820990941435
10414.820990941435
10414.820990941435
10414.820990941435
10414.820990941435
10414.820990941435
10414.820990941435
10414.820990941435
10414.820990941435
10414.820990941435
10414.820990941435
10414.820990941435
10414.820990941435
10414.820990941435
10414.820990941435
10414.820990941435
10414.820990941435
10414.820990941435
10414.820990941435
10414.820990941435
10414.820990941435
10414.820990941435
10414.820990941435
10414.820990941435
10414.820990941435
10414.820990941435
10414.820990941435
10414.820990941435
10414.820990941435
10414.820990941435
10414.820990941435
10414.820990941435
10414.820990941435
10414.820990941435
10414.820990941435
10414.820990941435
10414.820990941435
10414.820990941435
10414.820990941435
10414.820990941435
10414.820990941435
10414.820990941435
10414.820990941435
10414.820990941435
10414.820990941435
10414.820990941435
10414.820990941435
10414.820990941435
10414.820990941435
10414.820990941435
10414.820990941435
10414.820990941435
10414.820990941435
10414.820990941435
10414.820990941435
10414.820990941435
10414.820990941435
10414.820990941435
10414.820990941435
10414.820990941435
10414.820990941435
10414.820990941435
10414.820990941435
10414.820990941435
10414.820990941435
10414.820990941435
10414.820990941435
10414.820990941435
10414.820990941435
10414.820990941435
10414.820990941435
10414.820990941435
10414.820990941435
10414.820990941435
10414.820990941435
10414.820990941435
10414.820990941435
10414.820990941435
10414.820990941435
10414.820990941435
10414.820990941435
10414.820990941435
10414.820990941435
10414.820990941435
10414.820990941435
10414.820990941435
10414.820990941435
10414.820990941435
10414.820990941435
10414.820990941435
10414.820990941435
10414.820990941435
10414.820990941435
10414.820990941435
10414.820990941435
10414.820990941435
10414.820990941435
10414.820990941435
10414.820990941435
10414.820990941435
10414.820990941435
10414.820990941435
10414.820990941435
10414.820990941435
10414.820990941435
10414.820990941435
10414.820990941435
10414.820990941435
10414.820990941435
10414.820990941435
10414.820990941435
10414.820990941435
10414.820990941435
10414.820990941435
10414.820990941435
10414.820990941435
10414.820990941435
10414.820990941435
10414.820990941435
10414.820990941435
10414.820990941435
10414.820990941435
10414.820990941435
10414.820990941435
10414.820990941435
10414.820990941435
10414.820990941435
10414.820990941435
10414.820990941435
10414.820990941435
10414.820990941435
10414.820990941435
10414.820990941435
10414.820990941435
10414.820990941435
10414.820990941435
10414.820990941435
10414.820990941435
10414.820990941435
10414.820990941435
10414.820990941435
10414.820990941435
10414.820990941435
10414.820990941435
10414.820990941435
10414.820990941435
10414.820990941435
10414.820990941435
10414.820990941435
10414.820990941435
10414.820990941435
10414.820990941435
10414.820990941435
10414.820990941435
10414.820990941435
10414.820990941435
10414.820990941435
10414.820990941435
10414.820990941435
10414.820990941435
10414.820990941435
10414.820990941435
10414.820990941435
10414.820990941435
10414.820990941435
10414.820990941435
10414.820990941435
10414.820990941435
10414.820990941435
10414.820990941435
10414.820990941435
10414.820990941435
10414.820990941435
10414.820990941435
10414.820990941435
10414.820990941435
10414.820990941435
10414.820990941435
10414.820990941435
10414.820990941435
10414.820990941435
10414.820990941435
10414.820990941435
10414.820990941435
10414.820990941435
10414.820990941435
10414.820990941435
10414.820990941435
10414.820990941435
10414.820990941435
10414.820990941435
10414.820990941435
10414.820990941435
10414.820990941435
10414.820990941435
10414.820990941435
10414.820990941435
10414.820990941435
10414.820990941435
10414.820990941435
10414.820990941435
10414.820990941435
10414.820990941435
10414.820990941435
10414.820990941435
10414.820990941435
10414.820990941435
10414.820990941435
10414.820990941435
10414.820990941435
10414.820990941435
10414.820990941435
10414.820990941435
10414.820990941435
10414.820990941435
10414.820990941435
10414.820990941435
10414.820990941435
10414.820990941435
10414.820990941435
10414.820990941435
10414.820990941435
10414.820990941435
10414.820990941435
10414.820990941435
10414.820990941435
10414.820990941435
10414.820990941435
10414.820990941435
10414.820990941435
10414.820990941435
10414.820990941435
10414.820990941435
10414.820990941435
10414.820990941435
10414.820990941435
10414.820990941435
10414.820990941435
10414.820990941435
10414.820990941435
10414.820990941435
10414.820990941435
10414.820990941435
10414.820990941435
10414.820990941435
10414.820990941435
10414.820990941435
10414.820990941435
10414.820990941435
10414.820990941435
10414.820990941435
10414.820990941435
10414.820990941435
10414.820990941435
10414.820990941435
10414.820990941435
10414.820990941435
10414.820990941435
10414.820990941435
10414.820990941435
10414.820990941435
10414.820990941435
10414.820990941435
10414.820990941435
10414.820990941435
10414.820990941435
10414.820990941435
10414.820990941435
10414.820990941435
10414.820990941435
10414.820990941435
10414.820990941435
15163.610011144452
10414.820990941435
10414.820990941435
10414.820990941435
10414.820990941435
10414.820990941435
10414.820990941435
10414.820990941435
10414.820990941435
10414.820990941435
10414.820990941435
10414.820990941435
10414.820990941435
10414.820990941435
10414.820990941435
10414.820990941435
10414.820990941435
10414.820990941435
10414.820990941435
10414.820990941435
10414.820990941435
10414.820990941435
10414.820990941435
10414.820990941435
10414.820990941435
10414.820990941435
10414.820990941435
10414.820990941435
10414.820990941435
10414.820990941435
10414.820990941435
10414.820990941435
10414.820990941435
10414.820990941435
10414.820990941435
10414.820990941435
10414.820990941435
10414.820990941435
10414.820990941435
10414.820990941435
10414.820990941435
10414.820990941435
10414.820990941435
10414.820990941435
10414.820990941435
10414.820990941435
10414.820990941435
10414.820990941435
10414.820990941435
10414.820990941435
10414.820990941435
10414.820990941435
10414.820990941435
10414.820990941435
10414.820990941435
10414.820990941435
10414.820990941435
10414.820990941435
10414.820990941435
10414.820990941435
10414.820990941435
10414.820990941435
10414.820990941435
10414.820990941435
10414.820990941435
10414.820990941435
10414.820990941435
10414.820990941435
10414.820990941435
10414.820990941435
10414.820990941435
10414.820990941435
10414.820990941435
10414.820990941435
10414.820990941435
10414.820990941435
10414.820990941435
10414.820990941435
10414.820990941435
10414.820990941435
10414.820990941435
10414.820990941435
10414.820990941435
10414.820990941435
10414.820990941435
10414.820990941435
10414.820990941435
10414.820990941435
10414.820990941435
10414.820990941435
10414.820990941435
10414.820990941435
10414.820990941435
10414.820990941435
10414.820990941435
10414.820990941435
10414.820990941435
10414.820990941435
10414.820990941435
10414.820990941435
10414.820990941435
10414.820990941435
10414.820990941435
10414.820990941435
10414.820990941435
10414.820990941435
10414.820990941435
10414.820990941435
10414.820990941435
10414.820990941435
10414.820990941435
10414.820990941435
10414.820990941435
10414.820990941435
10414.820990941435
10414.820990941435
10414.820990941435
10414.820990941435
10414.820990941435
10414.820990941435
10414.820990941435
10414.820990941435
10414.820990941435
10414.820990941435
10414.820990941435
10414.820990941435
10414.820990941435
10414.820990941435
10414.820990941435
10414.820990941435
10414.820990941435
10414.820990941435
10414.820990941435
10414.820990941435
10414.820990941435
10414.820990941435
10414.820990941435
10414.820990941435
10414.820990941435
10414.820990941435
10414.820990941435
10414.820990941435
10414.820990941435
10414.820990941435
10414.820990941435
10414.820990941435
10414.820990941435
10414.820990941435
10414.820990941435
10414.820990941435
10414.820990941435
10414.820990941435
10414.820990941435
10414.820990941435
10414.820990941435
10414.820990941435
10414.820990941435
10414.820990941435
10414.820990941435
10414.820990941435
10414.820990941435
10414.820990941435
10414.820990941435
10414.820990941435
10414.820990941435
10414.820990941435
10414.820990941435
10414.820990941435
10414.820990941435
10414.820990941435
10414.820990941435
10414.820990941435
10414.820990941435
10414.820990941435
10414.820990941435
10414.820990941435
10414.820990941435
10414.820990941435
10414.820990941435
10414.820990941435
10414.820990941435
10414.820990941435
10414.820990941435
10414.820990941435
10414.820990941435
10414.820990941435
10414.820990941435
10414.820990941435
10414.820990941435
10414.820990941435
10414.820990941435
10414.820990941435
10414.820990941435
10414.820990941435
10414.820990941435
10414.820990941435
10414.820990941435
10414.820990941435
10414.820990941435
10414.820990941435
10414.820990941435
10414.820990941435
10414.820990941435
10414.820990941435
10414.820990941435
10414.820990941435
10414.820990941435
10414.820990941435
10414.820990941435
10414.820990941435
10414.820990941435
10414.820990941435
10414.820990941435
10414.820990941435
10414.820990941435
10414.820990941435
10414.820990941435
10414.820990941435
10414.820990941435
10414.820990941435
10414.820990941435
10414.820990941435
10414.820990941435
10414.820990941435
10414.820990941435
10414.820990941435
10414.820990941435
10414.820990941435
10414.820990941435
10414.820990941435
10414.820990941435
10414.820990941435
10414.820990941435
10414.820990941435
10414.820990941435
10414.820990941435
10414.820990941435
10414.820990941435
10414.820990941435
10414.820990941435
10414.820990941435
10414.820990941435
10414.820990941435
10414.820990941435
10414.820990941435
10414.820990941435
10414.820990941435
10414.820990941435
10414.820990941435
10414.820990941435
10414.820990941435
10414.820990941435
10414.820990941435
10414.820990941435
10414.820990941435
10414.820990941435
10414.820990941435
10414.820990941435
10414.820990941435
10414.820990941435
10414.820990941435
10414.820990941435
10414.820990941435
10414.820990941435
10414.820990941435
10414.820990941435
10414.820990941435
10414.820990941435
10414.820990941435
10414.820990941435
10414.820990941435
10414.820990941435
10414.820990941435
10414.820990941435
10414.820990941435
10414.820990941435
10414.820990941435
10414.820990941435
10414.820990941435
10414.820990941435
10414.820990941435
10414.820990941435
10414.820990941435
10414.820990941435
10414.820990941435
10414.820990941435
10414.820990941435
10414.820990941435
10414.820990941435
10414.820990941435
10414.820990941435
10414.820990941435
10414.820990941435
10414.820990941435
10414.820990941435
10414.820990941435
12459.487996698115
10414.820990941435
10414.820990941435
10414.820990941435
10414.820990941435
10414.820990941435
10414.820990941435
10414.820990941435
10414.820990941435
10414.820990941435
10414.820990941435
10414.820990941435
10414.820990941435
10414.820990941435
10414.820990941435
10414.820990941435
10414.820990941435
10414.820990941435
10414.820990941435
10414.820990941435
10414.820990941435
10414.820990941435
10414.820990941435
10414.820990941435
10414.820990941435
10414.820990941435
10414.820990941435
10414.820990941435
10414.820990941435
10414.820990941435
10414.820990941435
10414.820990941435
10414.820990941435
10414.820990941435
10414.820990941435
10414.820990941435
10414.820990941435
10414.820990941435
10414.820990941435
10414.820990941435
10414.820990941435
10414.820990941435
10414.820990941435
10414.820990941435
10414.820990941435
10414.820990941435
10414.820990941435
10414.820990941435
10414.820990941435
10414.820990941435
10414.820990941435
10414.820990941435
10414.820990941435
10414.820990941435
10414.820990941435
10414.820990941435
10414.820990941435
10414.820990941435
10414.820990941435
10414.820990941435
10414.820990941435
10414.820990941435
10414.820990941435
10414.820990941435
10414.820990941435
10414.820990941435
10414.820990941435
10414.820990941435
10414.820990941435
10414.820990941435
10414.820990941435
10414.820990941435
10414.820990941435
10414.820990941435
10414.820990941435
10414.820990941435
10414.820990941435
10414.820990941435
10414.820990941435
10414.820990941435
10414.820990941435
10414.820990941435
10414.820990941435
10414.820990941435
10414.820990941435
10414.820990941435
10414.820990941435
10414.820990941435
10414.820990941435
10414.820990941435
10414.820990941435
10414.820990941435
10414.820990941435
10414.820990941435
10414.820990941435
10414.820990941435
10414.820990941435
10414.820990941435
10414.820990941435
10414.820990941435
10414.820990941435
10414.820990941435
10414.820990941435
10414.820990941435
10414.820990941435
10414.820990941435
10414.820990941435
10414.820990941435
10414.820990941435
10414.820990941435
10414.820990941435
10414.820990941435
10414.820990941435
10414.820990941435
10414.820990941435
10414.820990941435
10414.820990941435
10414.820990941435
10414.820990941435
10414.820990941435
10414.820990941435
10414.820990941435
10414.820990941435
10414.820990941435
10414.820990941435
10414.820990941435
10414.820990941435
10414.820990941435
10414.820990941435
10414.820990941435
10414.820990941435
10414.820990941435
10414.820990941435
10414.820990941435
10414.820990941435
10414.820990941435
10414.820990941435
10414.820990941435
10414.820990941435
10414.820990941435
10414.820990941435
10414.820990941435
10414.820990941435
10414.820990941435
10414.820990941435
10414.820990941435
10414.820990941435
10414.820990941435
10414.820990941435
10414.820990941435
10414.820990941435
10414.820990941435
10414.820990941435
10414.820990941435
10414.820990941435
10414.820990941435
10414.820990941435
10414.820990941435
10414.820990941435
10414.820990941435
10414.820990941435
10414.820990941435
10414.820990941435
10414.820990941435
10414.820990941435
10414.820990941435
10414.820990941435
10414.820990941435
10414.820990941435
10414.820990941435
10414.820990941435
10414.820990941435
10414.820990941435
10414.820990941435
10414.820990941435
10414.820990941435
10414.820990941435
10414.820990941435
10414.820990941435
10414.820990941435
10414.820990941435
10414.820990941435
10414.820990941435
10414.820990941435
10414.820990941435
11948.636209778388
10414.820990941435
10414.820990941435
10414.820990941435
10414.820990941435
10414.820990941435
10414.820990941435
10414.820990941435
10414.820990941435
10414.820990941435
10414.820990941435
10414.820990941435
10414.820990941435
10414.820990941435
10414.820990941435
10414.820990941435
10414.820990941435
10414.820990941435
10414.820990941435
10414.820990941435
10414.820990941435
10414.820990941435
10414.820990941435
10414.820990941435
10414.820990941435
10414.820990941435
10414.820990941435
10414.820990941435
10414.820990941435
10414.820990941435
10414.820990941435
10414.820990941435
10414.820990941435
10414.820990941435
10414.820990941435
10414.820990941435
10414.820990941435
10414.820990941435
10414.820990941435
10414.820990941435
10414.820990941435
10414.820990941435
10414.820990941435
10414.820990941435
10414.820990941435
10414.820990941435
10414.820990941435
10414.820990941435
10414.820990941435
10414.820990941435
10414.820990941435
10414.820990941435
10414.820990941435
10414.820990941435
10414.820990941435
10414.820990941435
10414.820990941435
10414.820990941435
10414.820990941435
10414.820990941435
10414.820990941435
10414.820990941435
10414.820990941435
10414.820990941435
10414.820990941435
10414.820990941435
10414.820990941435
10414.820990941435
10414.820990941435
10414.820990941435
10414.820990941435
10414.820990941435
10414.820990941435
10414.820990941435
10414.820990941435
10414.820990941435
10414.820990941435
10414.820990941435
10414.820990941435
10414.820990941435
10414.820990941435
10414.820990941435
10414.820990941435
10414.820990941435
10414.820990941435
10414.820990941435
10414.820990941435
10414.820990941435
10414.820990941435
10414.820990941435
10414.820990941435
10414.820990941435
10414.820990941435
10414.820990941435
10414.820990941435
10414.820990941435
10414.820990941435
10414.820990941435
10414.820990941435
10414.820990941435
10414.820990941435
10414.820990941435
10414.820990941435
10414.820990941435
10414.820990941435
10414.820990941435
10414.820990941435
10414.820990941435
10414.820990941435
10414.820990941435
10414.820990941435
10414.820990941435
10414.820990941435
10414.820990941435
10414.820990941435
10414.820990941435
10414.820990941435
10414.820990941435
10414.820990941435
10414.820990941435
10414.820990941435
10414.820990941435
10414.820990941435
10414.820990941435
10414.820990941435
10414.820990941435
10414.820990941435
10414.820990941435
10414.820990941435
10414.820990941435
10414.820990941435
10414.820990941435
10414.820990941435
10414.820990941435
10414.820990941435
10414.820990941435
10414.820990941435
10414.820990941435
10414.820990941435
10414.820990941435
10414.820990941435
10414.820990941435
10414.820990941435
10414.820990941435
10414.820990941435
10414.820990941435
10414.820990941435
10414.820990941435
10414.820990941435
10414.820990941435
10414.820990941435
10414.820990941435
10414.820990941435
10414.820990941435
10414.820990941435
10414.820990941435
10414.820990941435
10414.820990941435
10414.820990941435
10414.820990941435
10414.820990941435
10414.820990941435
10414.820990941435
10414.820990941435
10414.820990941435
10414.820990941435
10414.820990941435
10414.820990941435
10414.820990941435
10414.820990941435
10414.820990941435
10414.820990941435
10414.820990941435
10414.820990941435
10414.820990941435
10414.820990941435
10414.820990941435
10414.820990941435
10414.820990941435
10414.820990941435
10414.820990941435
10414.820990941435
10414.820990941435
10414.820990941435
10414.820990941435
10414.820990941435
10414.820990941435
10414.820990941435
10414.820990941435
10414.820990941435
10414.820990941435
10414.820990941435
10414.820990941435
10414.820990941435
10414.820990941435
10414.820990941435
10414.820990941435
10414.820990941435
10414.820990941435
10414.820990941435
10414.820990941435
10414.820990941435
10414.820990941435
10414.820990941435
10414.820990941435
10414.820990941435
10414.820990941435
10414.820990941435
10414.820990941435
10414.820990941435
10414.820990941435
10414.820990941435
10414.820990941435
10414.820990941435
10414.820990941435
10414.820990941435
10414.820990941435
10414.820990941435
10414.820990941435
10414.820990941435
10414.820990941435
10414.820990941435
10414.820990941435
10414.820990941435
10414.820990941435
10414.820990941435
10414.820990941435
10414.820990941435
10414.820990941435
10414.820990941435
10414.820990941435
10414.820990941435
10414.820990941435
10414.820990941435
10414.820990941435
10414.820990941435
10414.820990941435
10414.820990941435
10414.820990941435
10414.820990941435
10414.820990941435
10414.820990941435
10414.820990941435
10414.820990941435
10414.820990941435
10414.820990941435
10414.820990941435
10414.820990941435
10414.820990941435
10414.820990941435
10414.820990941435
10414.820990941435
10414.820990941435
10414.820990941435
10414.820990941435
10414.820990941435
10414.820990941435
10414.820990941435
10414.820990941435
10414.820990941435
10414.820990941435
10414.820990941435
10414.820990941435
10414.820990941435
10414.820990941435
10414.820990941435
10414.820990941435
10414.820990941435
10414.820990941435
10414.820990941435
10414.820990941435
10414.820990941435
10414.820990941435
10414.820990941435
10414.820990941435
10414.820990941435
10414.820990941435
10414.820990941435
10414.820990941435
10414.820990941435
10414.820990941435
10414.820990941435
10414.820990941435
10414.820990941435
10414.820990941435
10414.820990941435
10414.820990941435
10414.820990941435
10414.820990941435
10414.820990941435
10414.820990941435
10414.820990941435
10414.820990941435
10414.820990941435
10414.820990941435
10414.820990941435
10414.820990941435
10414.820990941435
10414.820990941435
10414.820990941435
10414.820990941435
10414.820990941435
10414.820990941435
10414.820990941435
10414.820990941435
10414.820990941435
10414.820990941435
10414.820990941435
10414.820990941435
10414.820990941435
10414.820990941435
10414.820990941435
10414.820990941435
10414.820990941435
10414.820990941435
10414.820990941435
10414.820990941435
10414.820990941435
10414.820990941435
10414.820990941435
10414.820990941435
10414.820990941435
10414.820990941435
10414.820990941435
10414.820990941435
10414.820990941435
10414.820990941435
10414.820990941435
10414.820990941435
10414.820990941435
10414.820990941435
10414.820990941435
10414.820990941435
10414.820990941435
10414.820990941435
10414.820990941435
10414.820990941435
10414.820990941435
10414.820990941435
10414.820990941435
10414.820990941435
10414.820990941435
10414.820990941435
10414.820990941435
10414.820990941435
10414.820990941435
10414.820990941435
10414.820990941435
10414.820990941435
10414.820990941435
10414.820990941435
10414.820990941435
10414.820990941435
10414.820990941435
10414.820990941435
10414.820990941435
10414.820990941435
10414.820990941435
10414.820990941435
10414.820990941435
10414.820990941435
10414.820990941435
10414.820990941435
10414.820990941435
10414.820990941435
10414.820990941435
10414.820990941435
10414.820990941435
10414.820990941435
10414.820990941435
10414.820990941435
10414.820990941435
10414.820990941435
10414.820990941435
10414.820990941435
10414.820990941435
10414.820990941435
10414.820990941435
10414.820990941435
10414.820990941435
10414.820990941435
10414.820990941435
10414.820990941435
10414.820990941435
10414.820990941435
10414.820990941435
10414.820990941435
10414.820990941435
10414.820990941435
10414.820990941435
10414.820990941435
10414.820990941435
10414.820990941435
10414.820990941435
10414.820990941435
10414.820990941435
10414.820990941435
10414.820990941435
10414.820990941435
10414.820990941435
10414.820990941435
10414.820990941435
10414.820990941435
10414.820990941435
10414.820990941435
10414.820990941435
10414.820990941435
10414.820990941435
10414.820990941435
10414.820990941435
10414.820990941435
10414.820990941435
10414.820990941435
10414.820990941435
10414.820990941435
10414.820990941435
10414.820990941435
10414.820990941435
10414.820990941435
10414.820990941435
10414.820990941435
10414.820990941435
10414.820990941435
10414.820990941435
10414.820990941435
10414.820990941435
10414.820990941435
10414.820990941435
10414.820990941435
10414.820990941435
10414.820990941435
10414.820990941435
10414.820990941435
10414.820990941435
10414.820990941435
10414.820990941435
10414.820990941435
10414.820990941435
10414.820990941435
10414.820990941435
10414.820990941435
10414.820990941435
10414.820990941435
10414.820990941435
10414.820990941435
10414.820990941435
10414.820990941435
10414.820990941435
10414.820990941435
10414.820990941435
10414.820990941435
10414.820990941435
10414.820990941435
10414.820990941435
10414.820990941435
10414.820990941435
10414.820990941435
10414.820990941435
10414.820990941435
10414.820990941435
10414.820990941435
10414.820990941435
10414.820990941435
10414.820990941435
10414.820990941435
10414.820990941435
10414.820990941435
10414.820990941435
10414.820990941435
10414.820990941435
10414.820990941435
10414.820990941435
10414.820990941435
10414.820990941435
10414.820990941435
10414.820990941435
10414.820990941435
10414.820990941435
10414.820990941435
10414.820990941435
10414.820990941435
10414.820990941435
