15.39
43
25343.33546904245
26568.91315677908
23031.91034022762
26422.381870624988
27604.732868704705
26497.101571111936
29368.068293267457
27428.87280658559
24458.613276277287
26385.859407163014
27129.135885647003
27336.415681050617
24859.350746377233
25842.006599550325
23135.183573928945
26416.037045960376
27479.30888166548
24479.014818053576
28438.936006795324
23462.597462179125
26211.128994119186
25492.662242577477
28409.416339428462
25416.021745262664
27819.512470528454
29595.037463704382
26540.540614089445
24324.66791701535
26517.411586389335
27272.940004684853
25788.94174781607
24900.049725324476
27830.404256027567
23297.228191882106
26636.62619769765
30695.63404803747
27406.707053676513
26466.332564421686
28154.717144748804
26574.0597099878
28168.086051549355
25178.011406419937
29140.45009682526
20294.90304404577
21385.848250919713
23232.933799984454
20294.90304404577
23529.225119411745
24574.120107455663
23526.555298565247
25197.242833936827
23184.957020190122
21872.786282236928
20233.92532999154
24909.064525230213
23868.933012117202
22806.941995139023
22766.578428681467
19476.80421754518
19953.6126618735
23265.37110503454
21218.511709465238
24712.01342583546
20562.959647087155
19953.6126618735
22814.94738914595
25524.812265707216
21453.706161826314
24102.641774918335
25648.02183451761
23181.322293003854
20734.598979944905
22785.311364735444
23486.017962790982
19785.652772016703
20745.068561489214
23000.98773678816
20590.923890355047
23376.420308024444
26909.082381112592
24025.05466388913
22902.212804371964
25268.46111143039
22845.498571106265
24351.884430076192
22013.539459789616
19586.543608017924
18151.00604886151
19462.088873077948
20690.470019392076
17970.146334784346
20864.09761237192
22112.131276001855
21058.345926158643
22196.53866099278
20583.13488770615
20020.65918389301
17367.324773719345
18570.61181670849
17674.721463666072
20895.079078872175
19958.843931975218
18151.00604886151
18514.872683552076
20895.214037188558
17784.361105685497
18151.00604886151
18007.312145579897
18514.872683552076
20288.516884913664
21987.907272574987
18215.36526363911
21308.47652246114
22857.672155528613
20068.721335524366
18766.850052068752
20357.948385405864
20876.866030264446
17637.838869544317
19086.57767183697
20009.979337333363
18777.8462982422
18151.00604886151
18074.74423916346
21068.77789515385
18151.00604886151
22888.160515916847
18151.00604886151
22115.0101862589
19279.32193316535
18147.803629696504
16543.668249049068
17918.10672942458
18674.15541385787
16621.263190072812
17367.324773719345
19795.34215395606
19691.05662689442
17367.324773719345
18701.882426807948
18654.061619909742
16543.668249049068
16543.66824904907
15468.742629159124
16543.66824904907
16543.66824904907
16949.74460112162
16612.660019376013
18838.290854470593
16331.070751338839
16543.66824904907
16495.312181455865
16543.66824904907
18525.95456739557
19487.503556016916
16543.66824904907
16543.66824904907
16543.66824904907
17367.490348025924
17061.826897527204
18469.002117358104
18586.718835130938
16436.577421804428
16543.66824904907
16543.66824904907
16543.66824904907
16949.74460112162
16873.482791423572
18457.708414077002
16949.74460112162
20851.618112067994
16543.66824904907
19914.53486626076
16543.66824904907
16497.536042969128
14733.298449228865
16585.735819619815
16926.663737615203
15468.742629159122
15468.742629159122
18197.672617765154
18333.782673696376
15468.742629159122
17211.022092137628
15468.742629159122
15254.439136452776
15468.742629159122
14733.298449228865
15795.610988409568
15795.610988409568
15941.92585908793
14733.298449228865
17395.161876756174
15203.164561797481
15795.610988409568
16495.312181455865
14733.298449228865
17506.966943479198
17418.062113113298
14733.298449228865
15795.610988409568
15795.610988409568
14733.298449228865
15377.359125599623
17180.70294152093
17325.457938526506
14733.298449228865
14733.298449228865
15795.610988409568
15795.610988409568
14733.298449228865
15775.755771376047
14733.298449228865
15941.92585908793
14733.298449228865
14733.298449228865
17949.801384464412
15795.610988409568
15861.114177066045
14654.635016616066
14733.298449228865
15341.129409498253
14733.298449228865
14660.415270160283
14733.298449228865
14733.298449228865
14654.635016616066
16321.066174319732
14733.298449228865
14733.298449228865
14654.635016616066
14654.635016616066
14654.635016616066
15212.580644555437
14654.635016616066
14264.150616786987
17395.161876756174
14525.89166745359
14654.635016616066
14654.635016616066
14264.150616786987
16625.166311794517
14654.635016616066
14264.150616786987
15212.580644555437
14654.635016616066
14264.150616786987
14626.037292740151
14654.635016616066
14654.635016616066
14264.150616786987
14264.150616786987
15212.580644555437
14654.635016616066
14264.150616786987
14501.448712423324
14264.150616786987
14654.635016616066
14264.150616786987
14264.150616786987
16677.402371191365
15212.580644555437
14095.444778204273
13413.26318096864
14264.150616786987
13995.105252096442
14264.150616786987
14079.17290874206
14264.150616786987
14264.150616786987
13522.048919961726
15464.46320762294
13611.050720459383
14264.150616786987
13522.048919961726
14073.392655197844
13522.048919961726
14193.94188384514
13522.048919961726
13830.194630536627
16465.678261916928
13954.376995857805
14073.392655197842
14073.392655197842
13611.050720459383
16625.166311794517
14073.392655197842
13611.050720459383
14193.94188384514
14073.392655197842
13830.194630536627
13945.399411732998
13522.048919961726
13522.048919961726
13830.194630536627
13611.050720459383
13701.78977751818
14073.392655197842
13611.050720459383
13868.794901848862
13830.194630536627
14073.392655197842
13830.194630536627
13830.194630536627
14095.444778204275
14193.94188384514
13413.26318096864
12872.231279695736
13830.194630536627
13413.26318096864
13830.194630536627
12830.146982192895
13830.194630536627
12499.677756875572
13522.048919961726
15464.46320762294
12499.677756875572
13830.194630536627
12499.677756875572
12586.019195564457
12499.677756875572
14193.94188384514
12499.677756875572
12499.677756875572
15685.31365679416
13570.148223820303
13039.414443563954
12499.677756875572
12499.677756875572
14095.444778204275
14073.392655197842
12499.677756875572
13795.210376914687
12499.677756875572
12499.677756875572
13307.648211458634
12499.677756875572
12499.677756875572
12499.677756875572
12499.677756875572
12590.416813934366
12499.677756875572
12499.677756875572
13413.263180968643
13491.781380673194
14073.392655197842
12499.677756875572
12499.677756875572
12839.827413157012
13413.263180968643
12872.231279695736
12499.677756875572
13491.781380673194
12499.677756875572
13491.781380673194
12499.677756875572
13491.781380673194
12499.677756875572
12982.37178027877
12499.677756875572
12192.683019470775
12499.677756875572
12499.677756875572
12279.02445815966
12499.677756875572
13795.210376914687
12192.683019470775
12499.677756875572
12499.677756875572
12499.677756875572
12452.700288442546
12499.677756875572
12192.683019470775
12499.677756875572
12499.677756875572
12192.683019470775
12499.677756875572
12192.683019470775
12499.677756875572
12499.677756875572
12192.683019470775
12192.683019470775
12192.683019470775
12192.683019470775
12279.928547457897
12192.683019470775
12499.677756875572
12499.677756875572
12499.677756875572
12499.677756875572
12192.683019470775
12192.683019470775
12478.650050411734
12900.85285467733
12499.677756875572
12192.683019470775
12192.683019470775
12192.683019470775
12192.683019470775
12192.683019470775
12192.683019470775
12192.683019470775
12192.683019470775
12192.683019470775
12192.683019470775
12192.683019470775
12192.683019470775
12006.525821053345
12192.683019470775
12192.683019470775
11987.461583112754
12192.683019470775
12192.683019470775
12192.683019470775
12115.732927179455
12192.683019470775
11987.461583112754
12192.683019470775
12192.683019470775
11987.461583112754
12192.683019470775
12192.683019470775
12192.683019470775
12499.677756875572
11987.461583112754
11987.461583112754
11987.461583112754
11987.461583112754
12279.928547457897
12192.683019470775
12192.683019470775
12192.683019470775
12192.683019470775
12192.683019470775
12192.683019470775
11987.461583112754
12192.683019470775
12192.683019470775
12192.683019470775
11784.148456983936
11987.461583112754
11987.461583112754
11987.461583112754
11987.461583112754
11987.461583112754
11987.461583112754
11987.461583112754
11987.461583112754
11987.461583112754
11987.461583112754
11987.461583112754
11403.225571645069
11987.461583112754
11987.461583112754
11784.148456983936
11987.461583112754
11784.148456983938
11784.148456983938
11784.148456983938
11987.461583112754
11784.148456983938
11784.148456983938
11784.148456983938
11784.148456983936
11987.461583112754
11784.148456983938
11987.461583112754
11784.148456983938
11784.148456983936
11784.148456983936
11784.148456983938
11784.148456983938
11998.75666218983
11784.148456983938
11784.148456983938
11784.148456983938
11784.148456983938
11987.461583112754
11987.461583112754
11784.148456983936
11784.148456983938
11987.461583112754
11784.148456983938
11250.945704813303
11784.148456983938
11784.148456983938
11987.461583112754
11403.22557164507
11784.148456983938
11403.22557164507
11403.22557164507
11403.22557164507
11403.22557164507
11403.22557164507
11403.22557164507
11250.945704813303
10942.859226357732
10942.859226357732
11623.218329412504
10942.859226357732
10942.859226357732
11623.218329412504
10942.859226357732
11784.148456983936
11021.657784057319
10942.859226357732
10942.859226357732
10942.859226357732
10942.859226357732
10942.859226357732
11784.148456983936
10942.859226357732
10942.859226357732
10942.859226357732
11623.218329412504
10942.859226357732
11250.945704813303
10942.859226357732
11623.218329412504
10942.859226357732
10942.859226357732
11784.148456983936
10942.859226357732
10942.859226357732
11623.218329412504
11784.148456983938
10942.859226357732
10790.466126653404
10941.980066179729
10941.980066179729
11403.22557164507
10941.980066179729
10941.980066179729
10941.980066179729
11153.411448979274
11153.411448979274
11153.411448979274
10941.980066179729
10941.980066179729
10941.980066179729
10790.466126653404
10789.586966475401
10790.466126653402
10789.586966475401
10789.586966475401
10790.466126653402
10790.466126653404
10789.586966475401
10789.586966475401
10789.586966475401
10789.586966475401
10789.586966475401
10789.586966475401
10789.586966475401
10789.586966475401
10789.586966475401
10790.466126653404
10789.586966475401
10790.466126653402
10789.586966475401
11098.552605108975
10789.586966475401
10790.466126653402
10942.859226357732
10789.586966475401
10789.586966475401
10789.586966475401
10790.466126653404
10789.586966475401
10789.586966475401
10789.586966475401
10789.586966475401
10789.586966475401
10789.586966475401
10789.586966475401
10789.586966475401
10941.980066179729
10789.586966475401
10789.586966475401
11008.964429244006
10789.586966475401
10789.586966475401
10789.586966475401
10789.586966475401
10789.586966475401
10789.586966475401
10632.54411533097
10789.586966475401
10631.664955152968
10789.586966475401
10789.586966475401
10631.664955152968
10789.586966475401
10631.664955152968
10789.586966475401
10789.586966475401
10789.586966475401
10789.586966475401
10631.664955152968
10631.664955152968
10632.544115330968
10631.664955152968
10789.586966475401
10789.586966475401
11098.552605108975
10789.586966475401
10632.54411533097
10789.586966475401
10789.586966475401
10631.664955152968
10789.586966475401
10789.586966475401
10789.586966475401
10789.586966475401
10789.586966475401
10506.72238196858
10789.586966475401
10631.664955152968
10631.664955152968
10631.664955152968
10631.664955152968
10631.664955152968
10631.664955152968
11008.964429244006
10631.664955152968
10631.664955152968
10631.664955152968
10631.664955152968
10631.664955152968
10631.664955152968
10631.664955152968
10631.664955152968
10506.72238196858
10506.72238196858
10631.664955152968
10506.72238196858
10506.72238196858
10506.72238196858
10506.72238196858
10506.72238196858
10506.72238196858
10506.72238196858
10506.72238196858
10506.72238196858
10506.72238196858
10506.72238196858
10506.72238196858
10506.72238196858
10506.72238196858
10789.586966475401
10506.72238196858
10631.664955152968
10762.223263918177
10631.664955152968
10506.72238196858
10506.72238196858
10506.72238196858
10506.72238196858
10631.664955152968
10414.294098646102
10506.72238196858
10506.72238196858
10506.72238196858
10506.72238196858
10506.72238196858
10631.664955152968
10506.72238196858
10506.72238196858
10506.72238196858
10506.72238196858
10506.72238196858
10506.72238196858
10506.72238196858
10506.72238196858
10506.72238196858
10506.72238196858
10414.294098646102
10414.294098646102
10414.294098646102
10414.294098646102
10414.294098646102
10414.294098646102
10414.294098646102
10414.294098646102
10414.294098646102
10414.294098646102
10506.72238196858
10414.294098646102
10414.294098646102
10414.294098646102
10414.294098646102
10414.294098646102
10414.294098646102
10414.294098646102
10414.294098646102
10506.72238196858
10414.294098646102
10414.294098646102
10414.294098646102
10414.294098646102
10414.294098646102
10414.294098646102
10414.294098646102
10414.294098646102
10414.294098646102
10414.294098646102
10414.294098646102
10414.294098646102
10414.294098646102
10414.294098646102
10414.294098646102
10414.294098646102
10414.294098646102
10414.294098646102
10414.294098646102
10414.294098646102
10506.72238196858
10414.294098646102
10414.294098646102
10414.294098646102
10414.294098646102
10414.2940986461
10372.139237738913
10372.139237738913
10414.294098646102
10414.294098646102
10372.139237738913
10372.139237738913
10414.294098646102
10414.294098646102
10414.294098646102
10414.2940986461
10414.294098646102
10414.294098646102
10372.139237738913
10414.294098646102
10414.294098646102
10414.2940986461
10372.139237738913
10414.294098646102
10372.139237738913
10372.139237738913
10372.139237738913
10372.139237738913
10372.139237738913
10414.2940986461
10414.2940986461
10372.139237738913
10372.139237738913
10372.139237738915
10372.139237738913
10372.139237738913
10372.139237738913
10372.139237738915
10372.139237738915
10372.139237738913
10372.139237738915
10372.139237738915
10372.139237738913
10372.139237738915
10414.294098646102
10372.139237738915
10372.139237738915
10372.139237738913
10372.139237738913
10372.139237738915
10372.139237738913
10131.98589405823
10372.139237738915
10372.139237738915
10131.98589405823
10372.139237738913
10372.139237738915
10372.139237738913
10372.139237738913
10372.139237738915
10372.139237738913
10372.139237738913
10131.98589405823
10372.139237738915
10372.139237738913
10372.139237738915
10131.98589405823
10372.139237738913
10131.98589405823
10372.139237738913
10372.139237738913
10372.139237738913
10372.139237738913
10372.139237738915
10372.139237738915
10131.98589405823
10131.98589405823
10131.985894058233
10131.985894058233
10131.98589405823
10131.985894058233
10131.985894058233
10131.985894058233
10131.98589405823
10131.985894058233
10131.985894058233
10131.985894058233
10131.985894058233
10131.985894058233
10131.985894058233
10131.985894058233
10131.98589405823
10131.985894058233
10131.985894058233
10131.985894058233
10131.98589405823
10131.985894058233
10131.985894058233
10131.98589405823
10131.985894058233
10131.985894058233
10131.985894058233
10131.985894058233
10131.985894058233
10131.98589405823
10131.98589405823
10131.98589405823
10131.985894058233
10131.98589405823
10131.985894058233
10131.98589405823
10372.139237738913
10131.98589405823
10131.98589405823
10131.985894058233
10131.98589405823
10131.985894058233
10131.985894058233
10372.139237738915
10131.985894058233
10131.98589405823
10131.985894058233
10131.985894058233
10131.98589405823
10131.985894058233
10131.985894058233
10131.985894058233
10131.98589405823
10131.985894058233
10131.98589405823
10131.985894058233
10131.985894058233
10131.98589405823
10131.985894058233
10131.985894058233
10131.98589405823
10131.985894058233
10131.985894058233
10131.985894058233
10131.98589405823
10131.98589405823
10131.98589405823
10131.98589405823
10131.985894058233
10131.98589405823
10131.98589405823
10131.98589405823
10131.98589405823
10131.98589405823
10131.98589405823
10131.98589405823
10131.98589405823
10131.98589405823
10131.98589405823
10131.98589405823
10131.98589405823
10131.98589405823
10131.98589405823
10131.98589405823
10131.98589405823
10131.98589405823
10131.98589405823
10131.98589405823
10131.985894058233
10131.98589405823
10131.985894058233
10131.985894058233
10131.98589405823
10131.985894058233
10131.98589405823
10131.98589405823
10131.98589405823
10131.98589405823
10131.98589405823
10131.98589405823
10131.98589405823
10131.98589405823
10131.98589405823
10131.98589405823
10131.98589405823
10131.98589405823
10131.98589405823
10131.98589405823
10131.98589405823
10131.98589405823
10131.98589405823
10131.98589405823
10131.98589405823
10131.98589405823
10131.98589405823
10131.98589405823
10131.98589405823
10131.98589405823
10131.98589405823
10131.98589405823
10131.98589405823
10131.98589405823
10131.98589405823
10131.98589405823
10131.98589405823
10131.98589405823
10131.98589405823
10131.98589405823
10131.98589405823
10131.98589405823
10131.98589405823
10131.98589405823
10131.98589405823
10131.98589405823
10131.98589405823
10131.98589405823
10131.98589405823
10131.98589405823
10131.98589405823
10131.98589405823
10131.98589405823
10131.98589405823
10131.98589405823
10131.98589405823
10131.98589405823
10131.98589405823
10131.98589405823
10131.98589405823
10131.98589405823
10131.98589405823
10131.98589405823
10131.98589405823
10131.98589405823
10131.98589405823
10131.98589405823
10131.98589405823
10131.98589405823
10131.98589405823
10131.98589405823
10131.98589405823
10131.98589405823
10131.98589405823
10131.98589405823
10131.98589405823
10131.98589405823
10131.98589405823
10131.98589405823
10131.98589405823
10131.98589405823
10131.98589405823
10131.98589405823
10131.98589405823
10131.98589405823
10131.98589405823
10131.98589405823
10131.98589405823
10131.98589405823
10131.98589405823
10131.98589405823
10131.98589405823
10131.98589405823
10131.98589405823
10131.98589405823
10131.98589405823
10131.98589405823
10131.98589405823
10131.98589405823
10131.98589405823
10131.98589405823
10131.98589405823
10131.98589405823
10131.98589405823
10131.98589405823
10131.98589405823
10131.98589405823
10131.98589405823
10131.98589405823
10131.98589405823
10131.98589405823
10131.98589405823
10131.98589405823
10131.98589405823
10131.98589405823
10131.98589405823
10131.98589405823
10131.98589405823
10131.98589405823
10131.98589405823
10131.98589405823
10131.98589405823
10131.98589405823
10131.98589405823
10131.98589405823
10131.98589405823
10131.98589405823
10131.98589405823
10131.98589405823
10131.98589405823
10131.98589405823
10131.98589405823
10131.98589405823
10131.98589405823
10131.98589405823
10131.98589405823
10131.98589405823
10131.98589405823
10131.98589405823
10131.98589405823
10131.98589405823
10131.98589405823
10131.98589405823
10131.98589405823
10131.98589405823
10131.98589405823
10131.98589405823
10131.98589405823
10131.98589405823
10131.98589405823
10131.98589405823
10131.98589405823
10131.98589405823
10131.98589405823
10131.98589405823
10131.98589405823
10131.98589405823
10131.98589405823
10131.98589405823
10131.98589405823
10131.98589405823
10131.98589405823
10131.98589405823
10131.98589405823
10131.98589405823
10131.98589405823
10131.98589405823
10131.98589405823
10131.98589405823
10131.98589405823
10131.98589405823
10131.98589405823
10131.98589405823
10131.98589405823
10131.98589405823
10131.98589405823
10131.98589405823
10131.98589405823
10131.98589405823
10131.98589405823
10131.98589405823
10131.98589405823
10131.98589405823
10131.98589405823
10131.98589405823
10131.98589405823
10131.98589405823
10131.98589405823
10131.98589405823
10131.98589405823
10131.98589405823
10131.98589405823
10131.98589405823
10131.98589405823
10131.98589405823
10131.98589405823
10131.98589405823
10131.98589405823
10131.98589405823
10131.98589405823
10131.98589405823
10131.98589405823
10131.98589405823
10131.98589405823
10131.98589405823
10131.98589405823
10131.98589405823
10131.98589405823
10131.98589405823
10131.98589405823
10131.98589405823
10131.98589405823
10131.98589405823
10131.98589405823
10131.98589405823
10131.98589405823
10131.98589405823
10131.98589405823
10131.98589405823
10131.98589405823
10131.98589405823
10131.98589405823
10131.98589405823
10131.98589405823
10131.98589405823
10131.98589405823
10131.98589405823
10131.98589405823
10131.98589405823
10131.98589405823
10131.98589405823
10131.98589405823
10131.98589405823
10131.98589405823
10131.98589405823
10131.98589405823
10131.98589405823
10131.98589405823
10131.98589405823
10131.98589405823
10131.98589405823
10131.98589405823
10131.98589405823
10131.98589405823
10131.98589405823
10131.98589405823
10131.98589405823
10131.98589405823
10131.98589405823
10131.98589405823
10131.98589405823
10131.98589405823
10131.98589405823
10131.98589405823
10131.98589405823
10131.98589405823
10131.98589405823
10131.98589405823
10131.98589405823
10131.98589405823
10131.98589405823
10131.98589405823
10131.98589405823
10131.98589405823
10131.98589405823
10131.98589405823
10131.98589405823
10131.98589405823
10131.98589405823
10131.98589405823
10131.98589405823
10131.98589405823
10131.98589405823
10131.98589405823
10131.98589405823
10131.98589405823
10131.98589405823
10131.98589405823
10131.98589405823
10131.98589405823
10131.98589405823
10131.98589405823
10131.98589405823
10131.98589405823
10131.98589405823
10131.98589405823
10131.98589405823
10131.98589405823
10131.98589405823
10131.98589405823
10131.98589405823
10131.98589405823
10131.98589405823
10131.98589405823
10131.98589405823
10131.98589405823
10131.98589405823
10131.98589405823
10131.98589405823
10131.98589405823
10131.98589405823
10131.98589405823
10131.98589405823
10131.98589405823
10131.98589405823
10131.98589405823
10131.98589405823
10131.98589405823
10734.796421231731
10131.98589405823
10131.98589405823
10131.98589405823
10131.98589405823
10131.98589405823
10131.98589405823
10131.98589405823
10131.98589405823
10131.98589405823
10131.98589405823
10131.98589405823
10131.98589405823
10131.98589405823
10131.98589405823
10131.98589405823
10131.98589405823
10131.98589405823
10131.98589405823
10131.98589405823
10131.98589405823
10131.98589405823
10131.98589405823
10131.98589405823
10131.98589405823
10131.98589405823
10131.98589405823
10131.98589405823
10131.98589405823
10131.98589405823
10131.98589405823
10131.98589405823
10131.98589405823
10131.98589405823
10131.98589405823
10131.98589405823
10131.98589405823
10131.98589405823
10131.98589405823
10131.98589405823
10131.98589405823
10131.98589405823
10131.98589405823
10131.98589405823
10198.044582614157
10131.98589405823
10131.98589405823
10131.98589405823
10131.98589405823
10131.98589405823
10131.98589405823
10131.98589405823
10131.98589405823
10131.98589405823
10131.98589405823
10131.98589405823
10131.98589405823
10131.98589405823
10131.98589405823
10131.98589405823
10131.98589405823
10131.98589405823
10131.98589405823
10131.98589405823
10131.98589405823
10131.98589405823
10131.98589405823
10131.98589405823
10131.98589405823
10131.98589405823
10131.98589405823
10131.98589405823
10131.98589405823
10131.98589405823
10131.98589405823
10131.98589405823
10131.98589405823
10131.98589405823
10131.98589405823
10131.98589405823
10131.98589405823
10131.98589405823
10131.98589405823
10131.98589405823
10131.98589405823
10131.98589405823
10131.98589405823
10131.98589405823
10131.98589405823
10131.98589405823
10131.98589405823
10131.98589405823
10131.98589405823
10131.98589405823
10131.98589405823
10131.98589405823
10131.98589405823
10131.98589405823
10131.98589405823
10131.98589405823
10131.98589405823
10131.98589405823
10131.98589405823
10131.98589405823
10131.98589405823
10131.98589405823
10131.98589405823
10131.98589405823
10131.98589405823
10131.98589405823
10131.98589405823
10131.98589405823
10131.98589405823
10131.98589405823
10131.98589405823
10131.98589405823
10131.98589405823
10131.98589405823
10131.98589405823
10131.98589405823
10131.98589405823
10131.98589405823
10131.98589405823
10131.98589405823
10131.98589405823
10131.98589405823
10131.98589405823
10131.98589405823
10131.98589405823
10131.98589405823
10131.98589405823
10131.98589405823
10131.98589405823
10131.98589405823
10131.98589405823
10131.98589405823
10131.98589405823
10131.98589405823
10131.98589405823
10131.98589405823
10131.98589405823
10131.98589405823
10131.98589405823
10131.98589405823
10131.98589405823
10131.98589405823
10131.98589405823
10131.98589405823
10131.98589405823
10131.98589405823
10131.98589405823
10131.98589405823
10131.98589405823
10131.98589405823
10131.98589405823
10131.98589405823
10131.98589405823
10131.98589405823
10131.98589405823
10131.98589405823
10131.98589405823
10131.98589405823
10131.98589405823
10131.98589405823
10131.98589405823
10131.98589405823
10131.98589405823
10131.98589405823
10131.98589405823
10131.98589405823
10131.98589405823
10131.98589405823
10131.98589405823
10131.98589405823
10131.98589405823
10131.98589405823
10131.98589405823
10131.98589405823
10131.98589405823
10131.98589405823
10131.98589405823
10131.98589405823
10131.98589405823
10131.98589405823
10131.98589405823
10131.98589405823
10131.98589405823
10131.98589405823
10131.98589405823
10131.98589405823
10131.98589405823
10131.98589405823
10131.98589405823
10131.98589405823
10131.98589405823
10131.98589405823
10131.98589405823
10131.98589405823
10131.98589405823
10131.98589405823
10131.98589405823
10131.98589405823
10131.98589405823
10131.98589405823
10131.98589405823
10131.98589405823
10131.98589405823
10131.98589405823
10131.98589405823
10131.98589405823
10131.98589405823
10131.98589405823
10131.98589405823
10131.98589405823
10131.98589405823
10131.98589405823
10131.98589405823
10131.98589405823
10131.98589405823
10131.98589405823
10131.98589405823
10131.98589405823
10131.98589405823
10131.98589405823
10131.98589405823
10131.98589405823
10131.98589405823
10131.98589405823
10131.98589405823
10131.98589405823
10131.98589405823
10131.98589405823
10131.98589405823
10131.98589405823
10131.98589405823
10131.98589405823
10131.98589405823
10131.98589405823
10131.98589405823
10131.98589405823
10131.98589405823
10131.98589405823
10131.98589405823
10131.98589405823
10131.98589405823
10131.98589405823
10131.98589405823
10131.98589405823
10131.98589405823
10131.98589405823
10131.98589405823
10131.98589405823
10131.98589405823
10131.98589405823
10131.98589405823
10131.98589405823
10131.98589405823
10131.98589405823
10131.98589405823
10131.98589405823
10131.98589405823
10131.98589405823
10131.98589405823
10131.98589405823
10131.98589405823
10131.98589405823
10131.98589405823
10131.98589405823
10131.98589405823
10131.98589405823
10131.98589405823
10131.98589405823
10131.98589405823
10131.98589405823
10131.98589405823
10131.98589405823
10131.98589405823
10131.98589405823
10131.98589405823
10131.98589405823
10131.98589405823
10131.98589405823
10131.98589405823
10131.98589405823
10131.98589405823
10131.98589405823
10131.98589405823
10131.98589405823
10131.98589405823
10131.98589405823
10131.98589405823
10131.98589405823
10131.98589405823
10131.98589405823
10131.98589405823
10131.98589405823
10131.98589405823
10131.98589405823
10131.98589405823
10131.98589405823
10131.98589405823
10131.98589405823
10131.98589405823
10131.98589405823
10131.98589405823
10131.98589405823
10131.98589405823
10131.98589405823
10131.98589405823
10131.98589405823
10131.98589405823
10131.98589405823
10131.98589405823
10131.98589405823
10131.98589405823
10131.98589405823
10131.98589405823
10131.98589405823
10131.98589405823
10131.98589405823
10131.98589405823
10131.98589405823
10131.98589405823
10131.98589405823
10131.98589405823
10131.98589405823
10131.98589405823
10131.98589405823
10131.98589405823
10131.98589405823
10131.98589405823
10131.98589405823
10131.98589405823
10131.98589405823
10131.98589405823
10131.98589405823
10131.98589405823
10131.98589405823
10131.98589405823
10131.98589405823
10131.98589405823
10131.98589405823
10131.98589405823
10131.98589405823
10131.98589405823
10131.98589405823
10131.98589405823
10131.98589405823
10131.98589405823
10131.98589405823
10131.98589405823
10131.98589405823
10131.98589405823
10131.98589405823
10131.98589405823
10131.98589405823
10131.98589405823
10131.98589405823
10131.98589405823
10131.98589405823
10131.98589405823
10131.98589405823
10131.98589405823
10131.98589405823
10131.98589405823
10131.98589405823
10131.98589405823
10131.98589405823
10131.98589405823
10131.98589405823
10131.98589405823
10131.98589405823
10131.98589405823
10131.98589405823
10131.98589405823
10131.98589405823
10131.98589405823
10131.98589405823
10131.98589405823
10131.98589405823
10131.98589405823
10131.98589405823
10131.98589405823
10131.98589405823
10131.98589405823
10131.98589405823
10131.98589405823
10131.98589405823
10131.98589405823
10131.98589405823
10131.98589405823
10131.98589405823
10131.98589405823
10131.98589405823
10131.98589405823
10131.98589405823
10131.98589405823
10131.98589405823
10131.98589405823
10131.98589405823
10131.98589405823
10131.98589405823
10131.98589405823
10131.98589405823
10131.98589405823
10131.98589405823
10131.98589405823
10131.98589405823
10131.98589405823
10131.98589405823
10131.98589405823
10131.98589405823
10131.98589405823
10131.98589405823
10131.98589405823
10131.98589405823
10131.98589405823
10131.98589405823
10131.98589405823
10131.98589405823
10131.98589405823
10131.98589405823
10131.98589405823
10131.98589405823
10131.98589405823
10131.98589405823
10131.98589405823
10131.98589405823
10131.98589405823
10131.98589405823
10131.98589405823
10131.98589405823
10131.98589405823
10131.98589405823
10131.98589405823
10131.98589405823
10131.98589405823
10131.98589405823
10131.98589405823
10131.98589405823
10131.98589405823
10131.98589405823
10131.98589405823
10131.98589405823
10131.98589405823
10131.98589405823
10131.98589405823
10131.98589405823
10131.98589405823
10131.98589405823
10131.98589405823
10131.98589405823
10131.98589405823
10131.98589405823
10131.98589405823
10131.98589405823
10131.98589405823
10131.98589405823
10131.98589405823
10131.98589405823
10131.98589405823
10131.98589405823
10131.98589405823
10131.98589405823
10131.98589405823
10131.98589405823
10131.98589405823
10131.98589405823
10131.98589405823
10131.98589405823
10131.98589405823
10131.98589405823
10131.98589405823
10131.98589405823
10131.98589405823
10131.98589405823
10131.98589405823
10131.98589405823
10131.98589405823
10131.98589405823
10131.98589405823
10131.98589405823
10131.98589405823
10131.98589405823
10131.98589405823
10131.98589405823
10131.98589405823
10131.98589405823
10131.98589405823
10131.98589405823
10131.98589405823
10131.98589405823
10131.98589405823
10131.98589405823
10131.98589405823
10131.98589405823
10131.98589405823
10131.98589405823
10131.98589405823
10131.98589405823
10131.98589405823
10131.98589405823
10131.98589405823
10131.98589405823
10131.98589405823
10131.98589405823
10131.98589405823
10131.98589405823
10131.98589405823
10131.98589405823
10131.98589405823
10131.98589405823
10131.98589405823
10131.98589405823
10131.98589405823
10131.98589405823
10131.98589405823
10131.98589405823
10131.98589405823
10131.98589405823
10131.98589405823
10131.98589405823
10131.98589405823
10131.98589405823
10131.98589405823
10131.98589405823
10131.98589405823
10131.98589405823
10198.044582614157
10131.98589405823
10131.98589405823
10131.98589405823
10131.98589405823
10131.98589405823
10131.98589405823
10131.98589405823
10131.98589405823
10131.98589405823
10131.98589405823
10131.98589405823
10131.98589405823
10131.98589405823
10131.98589405823
10131.98589405823
10131.98589405823
10131.98589405823
10131.98589405823
10131.98589405823
10131.98589405823
10131.98589405823
10131.98589405823
10131.98589405823
10131.98589405823
10131.98589405823
10131.98589405823
10131.98589405823
10131.98589405823
10131.98589405823
10131.98589405823
10131.98589405823
10131.98589405823
10131.98589405823
10131.98589405823
10131.98589405823
10131.98589405823
10131.98589405823
10131.98589405823
10131.98589405823
10131.98589405823
10131.98589405823
10131.98589405823
10131.98589405823
10131.98589405823
10131.98589405823
10131.98589405823
10131.98589405823
10131.98589405823
10131.98589405823
10131.98589405823
10131.98589405823
10131.98589405823
10131.98589405823
10131.98589405823
10131.98589405823
10131.98589405823
10131.98589405823
10131.98589405823
10131.98589405823
10131.98589405823
10131.98589405823
10131.98589405823
10131.98589405823
10131.98589405823
10131.98589405823
10131.98589405823
10131.98589405823
10131.98589405823
10131.98589405823
10131.98589405823
10131.98589405823
10131.98589405823
10131.98589405823
10131.98589405823
10131.98589405823
10131.98589405823
10131.98589405823
10131.98589405823
10131.98589405823
10131.98589405823
10131.98589405823
10131.98589405823
10131.98589405823
10131.98589405823
10131.98589405823
10131.98589405823
10131.98589405823
12953.324252189303
10131.98589405823
10131.98589405823
10131.98589405823
10131.98589405823
10131.98589405823
10131.98589405823
10131.98589405823
10131.98589405823
10131.98589405823
10131.98589405823
10131.98589405823
10131.98589405823
10131.98589405823
10131.98589405823
10131.98589405823
10131.98589405823
10131.98589405823
10131.98589405823
10131.98589405823
10131.98589405823
10131.98589405823
10131.98589405823
10131.98589405823
10131.98589405823
10131.98589405823
10131.98589405823
10131.98589405823
10131.98589405823
10131.98589405823
10131.98589405823
10131.98589405823
10131.98589405823
10131.98589405823
10131.98589405823
10131.98589405823
10131.98589405823
10131.98589405823
10131.98589405823
10131.98589405823
10131.98589405823
10131.98589405823
10131.98589405823
10131.98589405823
10131.98589405823
10131.98589405823
10131.98589405823
10131.98589405823
10131.98589405823
10131.98589405823
10131.98589405823
10131.98589405823
10131.98589405823
10131.98589405823
10131.98589405823
10131.98589405823
10131.98589405823
10131.98589405823
10131.98589405823
10131.98589405823
10131.98589405823
10131.98589405823
10131.98589405823
10131.98589405823
10131.98589405823
10131.98589405823
10131.98589405823
10131.98589405823
10131.98589405823
10131.98589405823
10131.98589405823
10131.98589405823
10131.98589405823
10131.98589405823
10131.98589405823
10131.98589405823
10131.98589405823
10131.98589405823
10131.98589405823
10131.98589405823
10131.98589405823
10131.98589405823
10131.98589405823
10131.98589405823
10131.98589405823
10131.98589405823
10131.98589405823
10131.98589405823
10131.98589405823
10131.98589405823
10131.98589405823
10131.98589405823
10131.98589405823
10131.98589405823
10131.98589405823
10131.98589405823
10131.98589405823
10131.98589405823
10131.98589405823
10131.98589405823
10131.98589405823
10131.98589405823
10131.98589405823
10131.98589405823
10131.98589405823
10131.98589405823
10131.98589405823
10131.98589405823
10131.98589405823
10131.98589405823
10131.98589405823
10131.98589405823
10131.98589405823
10131.98589405823
10131.98589405823
10131.98589405823
10131.98589405823
10131.98589405823
10131.98589405823
10131.98589405823
10131.98589405823
10131.98589405823
10131.98589405823
10131.98589405823
10131.98589405823
10131.98589405823
10131.98589405823
10131.98589405823
10131.98589405823
10131.98589405823
10131.98589405823
10131.98589405823
10131.98589405823
10131.98589405823
10131.98589405823
10131.98589405823
10131.98589405823
10131.98589405823
10131.98589405823
10131.98589405823
10131.98589405823
10131.98589405823
10131.98589405823
10131.98589405823
10131.98589405823
10131.98589405823
10131.98589405823
10131.98589405823
10131.98589405823
10131.98589405823
10131.98589405823
10131.98589405823
10131.98589405823
10131.98589405823
10131.98589405823
10131.98589405823
10131.98589405823
10131.98589405823
10131.98589405823
10131.98589405823
10131.98589405823
10131.98589405823
10131.98589405823
10131.98589405823
10131.98589405823
10131.98589405823
10131.98589405823
10131.98589405823
10131.98589405823
10131.98589405823
10131.98589405823
10131.98589405823
10131.98589405823
10131.98589405823
10131.98589405823
10131.98589405823
10131.98589405823
10131.98589405823
10131.98589405823
10131.98589405823
10131.98589405823
10131.98589405823
10131.98589405823
10131.98589405823
10131.98589405823
10131.98589405823
10131.98589405823
10131.98589405823
10131.98589405823
10131.98589405823
10131.98589405823
10131.98589405823
10131.98589405823
10131.98589405823
10131.98589405823
10131.98589405823
10131.98589405823
10131.98589405823
10131.98589405823
10131.98589405823
10131.98589405823
10131.98589405823
10131.98589405823
10131.98589405823
10131.98589405823
10131.98589405823
10131.98589405823
10131.98589405823
10131.98589405823
10131.98589405823
10131.98589405823
10131.98589405823
10131.98589405823
10131.98589405823
10131.98589405823
10131.98589405823
10131.98589405823
10131.98589405823
10131.98589405823
10131.98589405823
10131.98589405823
10131.98589405823
10131.98589405823
10131.98589405823
10131.98589405823
10131.98589405823
10131.98589405823
10131.98589405823
10131.98589405823
10131.98589405823
10131.98589405823
10131.98589405823
10131.98589405823
10131.98589405823
10131.98589405823
10131.98589405823
10131.98589405823
10131.98589405823
10131.98589405823
10131.98589405823
10131.98589405823
10131.98589405823
10131.98589405823
10131.98589405823
10131.98589405823
10131.98589405823
10131.98589405823
10131.98589405823
10131.98589405823
10131.98589405823
10131.98589405823
10131.98589405823
10131.98589405823
10131.98589405823
10131.98589405823
10131.98589405823
10131.98589405823
10131.98589405823
10131.98589405823
10131.98589405823
10131.98589405823
10131.98589405823
10131.98589405823
10131.98589405823
10131.98589405823
10131.98589405823
10131.98589405823
10131.98589405823
10131.98589405823
10131.98589405823
10131.98589405823
10131.98589405823
10131.98589405823
10131.98589405823
10131.98589405823
10131.98589405823
10131.98589405823
10131.98589405823
10131.98589405823
10131.98589405823
10131.98589405823
10131.98589405823
10131.98589405823
10131.98589405823
10131.98589405823
10131.98589405823
10131.98589405823
10131.98589405823
10131.98589405823
10131.98589405823
10131.98589405823
10131.98589405823
10131.98589405823
10131.98589405823
10131.98589405823
10131.98589405823
10131.98589405823
10131.98589405823
10131.98589405823
10131.98589405823
10131.98589405823
10131.98589405823
10131.98589405823
10131.98589405823
10131.98589405823
10131.98589405823
10131.98589405823
10131.98589405823
10131.98589405823
10131.98589405823
10131.98589405823
10131.98589405823
10131.98589405823
10131.98589405823
10131.98589405823
10131.98589405823
10131.98589405823
10131.98589405823
10131.98589405823
10131.98589405823
10131.98589405823
10131.98589405823
10131.98589405823
10131.98589405823
10131.98589405823
10131.98589405823
10131.98589405823
10131.98589405823
10131.98589405823
10131.98589405823
10131.98589405823
10131.98589405823
10131.98589405823
10131.98589405823
10131.98589405823
10131.98589405823
10131.98589405823
10131.98589405823
10131.98589405823
10131.98589405823
10131.98589405823
10131.98589405823
10131.98589405823
10131.98589405823
10131.98589405823
10131.98589405823
10131.98589405823
10131.98589405823
10131.98589405823
10131.98589405823
10131.98589405823
10131.98589405823
10131.98589405823
10131.98589405823
10131.98589405823
10131.98589405823
10131.98589405823
10131.98589405823
10131.98589405823
10131.98589405823
10131.98589405823
10131.98589405823
10131.98589405823
10131.98589405823
10131.98589405823
10131.98589405823
10131.98589405823
10131.98589405823
10131.98589405823
10131.98589405823
10131.98589405823
10131.98589405823
10131.98589405823
10131.98589405823
10131.98589405823
10131.98589405823
10131.98589405823
10131.98589405823
10131.98589405823
10131.98589405823
10131.98589405823
10131.98589405823
10131.98589405823
10131.98589405823
10131.98589405823
10131.98589405823
10131.98589405823
10131.98589405823
10131.98589405823
10131.98589405823
10131.98589405823
10131.98589405823
10131.98589405823
10131.98589405823
10131.98589405823
10131.98589405823
10131.98589405823
10131.98589405823
10131.98589405823
10131.98589405823
10131.98589405823
10131.98589405823
10131.98589405823
10131.98589405823
10131.98589405823
10131.98589405823
10131.98589405823
10131.98589405823
10131.98589405823
10131.98589405823
10131.98589405823
10131.98589405823
10131.98589405823
10131.98589405823
10131.98589405823
10131.98589405823
10131.98589405823
10131.98589405823
10131.98589405823
10131.98589405823
10131.98589405823
10131.98589405823
10131.98589405823
10131.98589405823
10131.98589405823
10131.98589405823
10131.98589405823
10131.98589405823
10131.98589405823
10131.98589405823
10131.98589405823
10131.98589405823
10131.98589405823
10131.98589405823
10131.98589405823
10131.98589405823
10131.98589405823
10131.98589405823
10131.98589405823
10131.98589405823
10131.98589405823
10131.98589405823
10131.98589405823
10131.98589405823
10131.98589405823
10131.98589405823
10131.98589405823
10131.98589405823
10131.98589405823
10131.98589405823
10131.98589405823
10131.98589405823
10131.98589405823
10131.98589405823
10131.98589405823
10131.98589405823
10131.98589405823
10131.98589405823
10131.98589405823
10131.98589405823
10131.98589405823
10131.98589405823
10131.98589405823
10131.98589405823
10131.98589405823
10131.98589405823
10131.98589405823
10131.98589405823
10131.98589405823
10131.98589405823
10131.98589405823
10131.98589405823
10131.98589405823
10131.98589405823
10131.98589405823
10131.98589405823
10131.98589405823
10131.98589405823
10131.98589405823
10131.98589405823
10131.98589405823
10131.98589405823
10131.98589405823
10131.98589405823
10131.98589405823
10131.98589405823
10131.98589405823
10131.98589405823
10131.98589405823
10131.98589405823
10131.98589405823
10131.98589405823
10131.98589405823
10131.98589405823
10131.98589405823
10131.98589405823
10131.98589405823
10131.98589405823
10131.98589405823
10131.98589405823
10131.98589405823
10131.98589405823
10131.98589405823
10131.98589405823
10131.98589405823
10131.98589405823
10131.98589405823
10131.98589405823
10131.98589405823
10131.98589405823
10131.98589405823
10131.98589405823
10131.98589405823
10131.98589405823
10131.98589405823
10131.98589405823
10131.98589405823
10131.98589405823
10131.98589405823
10131.98589405823
10131.98589405823
10131.98589405823
10131.98589405823
10131.98589405823
10131.98589405823
10131.98589405823
10131.98589405823
10131.98589405823
10198.044582614157
10131.98589405823
10131.98589405823
10131.98589405823
10131.98589405823
10131.98589405823
10131.98589405823
10131.98589405823
10131.98589405823
10131.98589405823
10131.98589405823
10131.98589405823
10131.98589405823
10131.98589405823
10131.98589405823
10131.98589405823
10131.98589405823
10131.98589405823
10131.98589405823
10131.98589405823
10131.98589405823
10131.98589405823
10131.98589405823
10131.98589405823
10131.98589405823
10131.98589405823
10131.98589405823
10131.98589405823
10131.98589405823
10131.98589405823
10131.98589405823
10131.98589405823
10131.98589405823
10131.98589405823
10131.98589405823
10131.98589405823
10131.98589405823
10131.98589405823
10131.98589405823
10131.98589405823
10131.98589405823
10131.98589405823
10131.98589405823
10131.98589405823
10198.044582614157
10131.98589405823
10131.98589405823
10131.98589405823
10131.98589405823
10131.98589405823
10131.98589405823
10131.98589405823
10131.98589405823
10131.98589405823
10131.98589405823
10131.98589405823
10131.98589405823
10131.98589405823
10131.98589405823
10131.98589405823
10131.98589405823
10131.98589405823
10131.98589405823
10131.98589405823
10131.98589405823
10131.98589405823
10131.98589405823
10131.98589405823
10131.98589405823
10131.98589405823
9950.837819136057
10131.98589405823
10131.98589405823
10131.98589405823
10131.98589405823
10131.98589405823
10131.98589405823
10131.98589405823
10131.98589405823
10131.98589405823
10131.98589405823
10131.98589405823
10131.98589405823
10131.98589405823
10131.98589405823
10131.98589405823
10131.98589405823
10131.98589405823
9950.837819136057
9950.837819136059
9950.837819136059
9950.837819136059
9950.837819136059
9950.837819136059
10131.98589405823
9950.837819136059
9950.837819136059
9950.837819136059
9950.837819136059
9950.837819136059
9950.837819136059
9950.837819136059
9950.837819136059
9950.837819136059
9950.837819136059
9950.837819136059
9950.837819136059
9950.837819136059
9950.837819136059
9950.837819136059
9950.837819136059
9950.837819136059
9950.837819136059
9950.837819136059
9950.837819136057
9950.837819136059
10131.98589405823
9950.837819136059
9950.837819136059
9950.837819136059
9950.837819136059
9950.837819136059
9950.837819136059
9950.837819136059
10131.98589405823
9950.837819136059
9950.837819136059
9950.837819136059
9950.837819136059
10131.98589405823
9950.837819136059
9950.837819136059
9950.837819136057
9950.837819136059
9950.837819136059
9950.837819136059
9950.837819136057
9950.837819136057
9950.837819136059
9950.837819136057
9950.837819136059
9950.837819136059
9950.837819136059
9950.837819136057
9950.837819136057
9950.837819136059
9950.837819136059
9950.837819136057
9950.837819136059
9950.837819136059
9950.837819136057
9950.837819136059
9950.837819136059
9950.837819136059
9950.837819136059
9950.837819136059
9950.837819136059
9950.837819136057
9950.837819136057
9950.837819136057
9950.837819136059
9950.837819136059
9950.837819136059
9950.837819136059
9950.837819136059
9950.837819136059
9950.837819136057
9950.837819136059
9950.837819136059
9950.837819136057
9950.837819136059
9950.837819136059
9950.837819136059
9950.837819136059
9950.837819136059
9950.837819136059
10016.896507691983
9950.837819136059
9950.837819136059
9950.837819136059
9950.837819136057
9950.837819136057
9950.837819136059
9950.837819136057
9950.837819136059
9950.837819136059
9950.837819136057
9950.837819136057
9950.837819136057
9950.837819136059
9950.837819136059
9950.837819136057
9950.837819136059
9950.837819136059
9950.837819136057
9950.837819136059
9950.837819136059
9950.837819136059
9950.837819136059
9950.837819136059
9950.837819136057
9950.837819136057
9950.837819136057
9950.837819136057
9950.837819136059
9950.837819136059
9950.837819136059
9950.837819136059
9950.837819136057
9950.837819136059
9950.837819136057
9950.837819136059
9950.837819136059
9950.837819136057
9950.837819136059
9950.837819136059
9950.837819136059
9950.837819136057
9950.837819136057
9950.837819136059
9950.837819136057
9950.837819136057
9950.837819136057
9950.837819136057
9950.837819136057
9950.837819136057
9950.837819136057
9950.837819136057
9950.837819136057
9950.837819136057
9950.837819136057
9950.837819136057
9950.837819136057
9950.837819136057
9950.837819136057
9950.837819136057
9950.837819136057
9950.837819136057
9950.837819136057
9950.837819136057
9950.837819136057
9950.837819136057
9950.837819136057
9950.837819136057
9950.837819136057
9950.837819136057
9950.837819136057
9950.837819136057
9950.837819136057
9950.837819136057
9950.837819136057
9950.837819136057
9950.837819136057
9950.837819136057
9950.837819136057
9950.837819136057
9950.837819136057
9950.837819136057
9950.837819136057
9950.837819136057
9950.837819136057
9950.837819136057
9950.837819136057
9950.837819136057
9950.837819136057
9950.837819136057
9950.837819136057
9950.837819136055
9950.837819136057
9950.837819136057
9950.837819136057
9950.837819136057
9950.837819136055
9950.837819136055
9950.837819136057
9950.837819136057
9950.837819136057
9950.837819136057
9950.837819136057
9950.837819136057
9950.837819136055
9950.837819136057
9950.837819136057
9950.837819136057
9950.837819136057
9950.837819136057
9950.837819136057
9950.837819136057
9950.837819136057
9950.837819136057
9950.837819136057
9950.837819136057
9950.837819136057
9950.837819136057
9950.837819136055
9950.837819136057
9950.837819136057
9950.837819136057
9950.837819136057
9950.837819136057
9950.837819136057
9950.837819136057
9950.837819136057
9950.837819136057
9950.837819136057
9950.837819136057
9950.837819136057
9950.837819136057
9950.837819136055
9950.837819136055
9950.837819136055
9950.837819136055
9950.837819136055
9950.837819136055
9950.837819136055
9950.837819136055
9950.837819136055
9950.837819136055
9950.837819136055
9950.837819136055
9950.837819136055
9950.837819136055
9950.837819136055
9950.837819136055
9950.837819136055
9950.837819136055
9950.837819136055
9950.837819136055
9950.837819136055
9950.837819136055
9950.837819136055
9950.837819136055
9950.837819136055
9950.837819136055
9950.837819136055
9950.837819136055
9950.837819136055
9950.837819136055
9950.837819136055
9950.837819136055
9950.837819136057
9950.837819136055
9950.837819136055
9950.837819136055
9950.837819136055
9950.837819136055
9950.837819136055
9950.837819136055
9950.837819136055
9950.837819136055
9950.837819136057
9950.837819136055
9950.837819136055
9950.837819136055
9950.837819136055
9950.837819136055
9950.837819136055
9950.837819136055
9950.837819136055
9950.837819136055
9950.837819136055
9950.837819136055
9950.837819136055
9950.837819136055
9950.837819136055
9950.837819136055
9950.837819136055
9950.837819136055
9950.837819136055
9950.837819136055
9950.837819136055
9950.837819136055
9950.837819136055
9950.837819136055
9950.837819136055
9950.837819136055
9950.837819136055
9950.837819136055
9950.837819136055
9950.837819136055
9950.837819136055
9950.837819136055
9950.837819136055
9950.837819136055
9950.837819136055
9950.837819136055
9950.837819136055
9950.837819136055
9950.837819136055
9950.837819136055
9950.837819136055
9950.837819136055
9950.837819136055
9950.837819136055
9950.837819136057
9950.837819136055
9950.837819136055
9950.837819136055
9950.837819136055
9950.837819136055
9950.837819136055
9950.837819136055
9950.837819136055
9950.837819136055
9950.837819136055
9950.837819136055
9950.837819136055
9950.837819136055
9950.837819136055
9950.837819136055
9950.837819136055
9950.837819136055
9950.837819136055
9950.837819136055
9950.837819136055
9950.837819136055
9950.837819136055
9950.837819136055
9950.837819136055
9950.837819136055
9950.837819136055
9950.837819136055
9950.837819136055
9950.837819136055
9950.837819136055
9950.837819136055
9950.837819136055
9950.837819136055
9950.837819136055
9950.837819136055
9950.837819136055
9950.837819136055
9950.837819136055
9950.837819136055
9950.837819136055
9950.837819136055
9950.837819136055
9950.837819136055
9950.837819136057
9950.837819136055
9950.837819136055
9950.837819136055
9950.837819136055
9950.837819136055
9950.837819136055
9950.837819136055
9950.837819136055
9950.837819136055
9950.837819136055
9950.837819136055
9950.837819136055
9950.837819136055
9950.837819136055
9950.837819136055
9950.837819136055
9950.837819136055
9950.837819136055
9950.837819136055
9950.837819136055
9950.837819136055
9950.837819136055
9950.837819136055
9950.837819136055
9950.837819136055
9950.837819136055
9950.837819136055
9950.837819136055
9950.837819136055
9950.837819136055
9950.837819136055
9950.837819136055
9950.837819136055
9950.837819136055
9950.837819136055
9950.837819136055
9950.837819136055
9950.837819136055
9950.837819136055
9950.837819136055
9950.837819136055
9950.837819136055
9950.837819136055
9950.837819136055
9950.837819136055
13701.044981679124
9950.837819136055
9950.837819136055
9950.837819136055
9950.837819136055
9950.837819136055
9950.837819136055
9950.837819136055
9950.837819136055
9950.837819136055
9950.837819136055
9950.837819136055
9950.837819136055
9950.837819136055
9950.837819136055
9950.837819136055
9950.837819136055
9950.837819136055
9950.837819136055
9950.837819136055
9950.837819136055
9950.837819136055
9950.837819136055
9950.837819136055
9950.837819136055
9950.837819136055
9950.837819136055
9950.837819136055
9950.837819136055
9950.837819136055
9950.837819136055
9950.837819136055
9950.837819136055
9950.837819136055
9950.837819136055
9950.837819136055
9950.837819136055
9950.837819136055
9950.837819136055
9950.837819136055
9950.837819136055
9950.837819136055
9950.837819136055
9950.837819136055
9950.837819136055
9950.837819136055
9950.837819136055
9950.837819136055
9950.837819136055
9950.837819136055
9950.837819136055
9950.837819136055
9950.837819136055
9950.837819136055
9950.837819136055
9950.837819136055
9950.837819136055
9950.837819136055
9950.837819136055
9950.837819136055
9950.837819136055
9950.837819136055
9950.837819136055
9950.837819136055
9950.837819136055
9950.837819136055
9950.837819136055
9950.837819136055
9950.837819136055
9950.837819136055
9950.837819136055
9950.837819136055
9950.837819136055
9950.837819136055
9950.837819136055
9950.837819136055
9950.837819136055
9950.837819136055
9950.837819136055
9950.837819136055
9950.837819136055
9950.837819136055
9950.837819136055
9950.837819136055
9950.837819136055
9950.837819136055
9950.837819136055
9950.837819136055
9950.837819136055
9950.837819136055
9950.837819136055
9950.837819136055
9950.837819136055
9950.837819136055
9950.837819136055
9950.837819136055
9950.837819136055
9950.837819136055
9950.837819136055
9950.837819136055
9950.837819136055
9950.837819136055
9950.837819136055
9950.837819136055
9950.837819136055
9950.837819136055
9950.837819136055
9950.837819136055
9950.837819136055
9950.837819136055
9950.837819136055
9950.837819136055
9950.837819136055
9950.837819136055
9950.837819136055
9950.837819136055
9950.837819136055
9950.837819136055
9950.837819136055
9950.837819136055
9950.837819136055
9950.837819136055
9950.837819136055
9950.837819136055
9950.837819136055
9950.837819136055
9950.837819136055
9950.837819136055
9950.837819136055
9950.837819136055
9950.837819136055
9950.837819136055
9950.837819136055
9950.837819136055
9950.837819136055
9950.837819136055
9950.837819136055
9950.837819136055
9950.837819136055
9950.837819136055
9950.837819136055
9950.837819136055
9950.837819136055
9950.837819136055
9950.837819136055
9950.837819136055
9950.837819136055
9950.837819136055
9950.837819136055
9950.837819136055
9950.837819136055
9950.837819136055
9950.837819136055
9950.837819136055
9950.837819136055
9950.837819136055
9950.837819136055
9950.837819136055
9950.837819136055
9950.837819136055
9950.837819136055
9950.837819136055
9950.837819136055
9950.837819136055
9950.837819136055
9950.837819136055
9950.837819136055
9950.837819136055
9950.837819136055
9950.837819136055
9950.837819136055
9950.837819136055
9950.837819136055
9950.837819136055
9950.837819136055
9950.837819136055
9950.837819136055
9950.837819136055
9950.837819136055
9950.837819136055
9950.837819136055
9950.837819136055
9950.837819136055
9950.837819136055
9950.837819136055
9950.837819136055
9950.837819136055
9950.837819136055
9950.837819136055
9950.837819136055
9950.837819136055
9950.837819136055
9950.837819136055
9950.837819136055
9950.837819136055
9950.837819136055
9950.837819136055
9950.837819136055
9950.837819136055
9950.837819136055
9950.837819136055
9950.837819136055
9950.837819136055
9950.837819136055
9950.837819136055
9950.837819136055
9950.837819136055
9950.837819136055
9950.837819136055
9950.837819136055
9950.837819136055
9950.837819136055
9950.837819136055
9950.837819136055
9950.837819136055
9950.837819136055
9950.837819136055
9950.837819136055
9950.837819136055
9950.837819136055
9950.837819136055
9950.837819136055
9950.837819136055
9950.837819136055
9950.837819136055
9950.837819136055
9950.837819136055
9950.837819136055
9950.837819136055
9950.837819136055
9950.837819136055
9950.837819136055
9950.837819136055
9950.837819136055
9950.837819136055
9950.837819136055
9950.837819136055
9950.837819136055
9950.837819136055
9950.837819136055
9950.837819136055
9950.837819136055
9950.837819136055
9950.837819136055
9950.837819136055
9950.837819136055
9950.837819136055
9950.837819136055
9950.837819136055
9950.837819136055
9950.837819136055
9950.837819136055
9950.837819136055
9950.837819136055
9950.837819136055
9950.837819136055
9950.837819136055
9950.837819136055
9950.837819136055
9950.837819136055
9950.837819136055
9950.837819136055
9950.837819136055
9950.837819136055
9950.837819136055
9950.837819136055
9950.837819136055
9950.837819136055
9950.837819136055
9950.837819136055
9950.837819136055
9950.837819136055
9950.837819136055
9950.837819136055
9950.837819136055
9950.837819136055
9950.837819136055
9950.837819136055
9950.837819136055
9950.837819136055
9950.837819136055
9950.837819136055
9950.837819136055
9950.837819136055
9950.837819136055
9950.837819136055
9950.837819136055
9950.837819136055
9950.837819136055
9950.837819136055
9950.837819136055
9950.837819136055
9950.837819136055
9950.837819136055
9950.837819136055
9950.837819136055
9950.837819136055
9950.837819136055
9950.837819136055
9950.837819136055
9950.837819136055
9950.837819136055
9950.837819136055
9950.837819136055
9950.837819136055
9950.837819136055
9950.837819136055
9950.837819136055
15549.255043429113
9950.837819136055
9950.837819136055
9950.837819136055
9950.837819136055
9950.837819136055
9950.837819136055
9950.837819136055
9950.837819136055
9950.837819136055
9950.837819136055
9950.837819136055
9950.837819136055
9950.837819136055
9950.837819136055
9950.837819136055
9950.837819136055
9950.837819136055
9950.837819136055
9950.837819136055
9950.837819136055
9950.837819136055
9950.837819136055
9950.837819136055
9950.837819136055
9950.837819136055
9950.837819136055
9950.837819136055
9950.837819136055
9950.837819136055
9950.837819136055
9950.837819136055
9950.837819136055
9950.837819136055
9950.837819136055
9950.837819136055
9950.837819136055
9950.837819136055
9950.837819136055
9950.837819136055
9950.837819136055
9950.837819136055
9950.837819136055
9950.837819136055
9950.837819136055
9950.837819136055
9950.837819136055
9950.837819136055
9950.837819136055
9950.837819136055
9950.837819136055
9950.837819136055
9950.837819136055
9950.837819136055
9950.837819136055
9950.837819136055
9950.837819136055
9950.837819136055
9950.837819136055
9950.837819136055
9950.837819136055
9950.837819136055
9950.837819136055
9950.837819136055
9950.837819136055
9950.837819136055
9950.837819136055
9950.837819136055
9950.837819136055
9950.837819136055
9950.837819136055
9950.837819136055
9950.837819136055
9950.837819136055
9950.837819136055
9950.837819136055
9950.837819136055
9950.837819136055
9950.837819136055
9950.837819136055
9950.837819136055
9950.837819136055
9950.837819136055
9950.837819136055
9950.837819136055
9950.837819136055
9950.837819136055
9950.837819136055
9950.837819136055
9950.837819136055
9950.837819136055
9950.837819136055
9950.837819136055
9950.837819136055
9950.837819136055
9950.837819136055
9950.837819136055
9950.837819136055
9950.837819136055
9950.837819136055
9950.837819136055
9950.837819136055
9950.837819136055
9950.837819136055
9950.837819136055
9950.837819136055
9950.837819136055
9950.837819136055
9950.837819136055
9950.837819136055
9950.837819136055
9950.837819136055
9950.837819136055
9950.837819136055
9950.837819136055
9950.837819136055
9950.837819136055
9950.837819136055
9950.837819136055
9950.837819136055
9950.837819136055
9950.837819136055
9950.837819136055
9950.837819136055
9950.837819136055
9950.837819136055
9950.837819136055
9950.837819136055
9950.837819136055
9950.837819136055
9950.837819136055
9950.837819136055
9950.837819136055
9950.837819136055
9950.837819136055
9950.837819136055
9950.837819136055
9950.837819136055
9950.837819136055
9950.837819136055
9950.837819136055
9950.837819136055
9950.837819136055
9950.837819136055
9950.837819136055
9950.837819136055
9950.837819136055
9950.837819136055
9950.837819136055
9950.837819136055
9950.837819136055
9950.837819136055
9950.837819136055
9950.837819136055
9950.837819136055
9950.837819136055
9950.837819136055
9950.837819136055
9950.837819136055
9950.837819136055
9950.837819136055
9950.837819136055
9950.837819136055
9950.837819136055
9950.837819136055
9950.837819136055
9950.837819136055
9950.837819136055
9950.837819136055
9950.837819136055
9950.837819136055
9950.837819136055
9950.837819136055
9950.837819136055
9950.837819136055
9950.837819136055
9950.837819136055
9950.837819136055
9950.837819136055
9950.837819136055
9950.837819136055
9950.837819136055
9950.837819136055
9950.837819136055
9950.837819136055
9950.837819136055
9950.837819136055
9950.837819136055
9950.837819136055
9950.837819136055
9950.837819136055
9950.837819136055
9950.837819136055
9950.837819136055
9950.837819136055
9950.837819136055
9950.837819136055
9950.837819136055
9950.837819136055
9950.837819136055
9950.837819136055
9950.837819136055
9950.837819136055
9950.837819136055
9950.837819136055
9950.837819136055
9950.837819136055
9950.837819136055
9950.837819136055
9950.837819136055
9950.837819136055
9950.837819136055
9950.837819136055
9950.837819136055
9950.837819136055
9950.837819136055
9950.837819136055
9950.837819136055
9950.837819136055
9950.837819136055
9950.837819136055
9950.837819136055
9950.837819136055
9950.837819136055
9950.837819136055
9950.837819136055
9950.837819136055
9950.837819136055
9950.837819136055
9950.837819136055
9950.837819136055
9950.837819136055
9950.837819136055
9950.837819136055
9950.837819136055
9950.837819136055
9950.837819136055
9950.837819136055
9950.837819136055
9950.837819136055
9950.837819136055
9950.837819136055
9950.837819136055
9950.837819136055
9950.837819136055
9950.837819136055
9950.837819136055
9950.837819136055
9950.837819136055
9950.837819136055
9950.837819136055
9950.837819136055
9950.837819136055
9950.837819136055
9950.837819136055
9950.837819136055
9950.837819136055
9950.837819136055
9950.837819136055
9950.837819136055
9950.837819136055
9950.837819136055
9950.837819136055
9950.837819136055
9950.837819136055
9950.837819136055
9950.837819136055
9950.837819136055
9950.837819136055
9950.837819136055
9950.837819136055
9950.837819136055
9950.837819136055
9950.837819136055
9950.837819136055
9950.837819136055
9950.837819136055
9950.837819136055
9950.837819136055
9950.837819136055
9950.837819136055
9950.837819136055
9950.837819136055
9950.837819136055
9950.837819136055
9950.837819136055
9950.837819136055
9950.837819136055
9950.837819136055
9950.837819136055
9950.837819136055
9950.837819136055
9950.837819136055
9950.837819136055
9950.837819136055
9950.837819136055
9950.837819136055
9950.837819136055
9950.837819136055
9950.837819136055
9950.837819136055
9950.837819136055
9950.837819136055
9950.837819136055
9950.837819136055
9950.837819136055
9950.837819136055
9950.837819136055
9950.837819136055
9950.837819136055
9950.837819136055
9950.837819136055
9950.837819136055
9950.837819136055
9950.837819136055
9950.837819136055
9950.837819136055
9950.837819136055
9950.837819136055
9950.837819136055
9950.837819136055
9950.837819136055
9950.837819136055
9950.837819136055
9950.837819136055
9950.837819136055
9950.837819136055
9950.837819136055
9950.837819136055
9950.837819136055
9950.837819136055
9950.837819136055
9950.837819136055
9950.837819136055
9950.837819136055
9950.837819136055
9950.837819136055
9950.837819136055
9950.837819136055
9950.837819136055
9950.837819136055
9950.837819136055
9950.837819136055
9950.837819136055
9950.837819136055
9950.837819136055
9950.837819136055
9950.837819136055
9950.837819136055
9950.837819136055
9950.837819136055
9950.837819136055
9950.837819136055
9950.837819136055
9950.837819136055
9950.837819136055
9950.837819136055
9950.837819136055
9950.837819136055
9950.837819136055
9950.837819136055
9950.837819136055
9950.837819136055
9950.837819136055
9950.837819136055
9950.837819136055
9950.837819136055
9950.837819136055
9950.837819136055
9950.837819136055
9950.837819136055
9950.837819136055
9950.837819136055
9950.837819136055
9950.837819136055
9950.837819136055
9950.837819136055
9950.837819136055
9950.837819136055
9950.837819136055
9950.837819136055
9950.837819136055
9950.837819136055
9950.837819136055
9950.837819136055
9950.837819136055
9950.837819136055
9950.837819136055
9950.837819136055
9950.837819136055
9950.837819136055
9950.837819136055
9950.837819136055
9950.837819136055
9950.837819136055
9950.837819136055
9950.837819136055
9950.837819136055
9950.837819136055
9950.837819136055
9950.837819136055
9950.837819136055
9950.837819136055
9950.837819136055
9950.837819136055
9950.837819136055
9950.837819136055
9950.837819136055
9950.837819136055
9950.837819136055
9950.837819136055
9950.837819136055
9950.837819136055
9950.837819136055
9950.837819136055
9950.837819136055
9950.837819136055
9950.837819136055
9950.837819136055
9950.837819136055
9950.837819136055
9950.837819136055
9950.837819136055
9950.837819136055
9950.837819136055
9950.837819136055
9950.837819136055
9950.837819136055
9950.837819136055
9950.837819136055
9950.837819136055
9950.837819136055
9950.837819136055
9950.837819136055
9950.837819136055
9950.837819136055
9950.837819136055
9950.837819136055
9950.837819136055
9950.837819136055
9950.837819136055
9950.837819136055
9950.837819136055
9950.837819136055
9950.837819136055
9950.837819136055
9950.837819136055
9950.837819136055
9950.837819136055
9950.837819136055
9950.837819136055
9950.837819136055
9950.837819136055
9950.837819136055
9950.837819136055
9950.837819136055
9950.837819136055
9950.837819136055
9950.837819136055
9950.837819136055
9950.837819136055
9950.837819136055
9950.837819136055
9950.837819136055
9950.837819136055
9950.837819136055
9950.837819136055
9950.837819136055
9950.837819136055
9950.837819136055
9950.837819136055
9950.837819136055
9950.837819136055
9950.837819136055
9950.837819136055
9950.837819136055
9950.837819136055
9950.837819136055
9950.837819136055
9950.837819136055
9950.837819136055
9950.837819136055
9950.837819136055
9950.837819136055
9950.837819136055
9950.837819136055
9950.837819136055
9950.837819136055
9950.837819136055
9950.837819136055
9950.837819136055
9950.837819136055
9950.837819136055
9950.837819136055
9950.837819136055
9950.837819136055
9950.837819136055
9950.837819136055
9950.837819136055
9950.837819136055
9950.837819136055
9950.837819136055
9950.837819136055
9950.837819136055
9950.837819136055
9950.837819136055
9950.837819136055
9950.837819136055
9950.837819136055
9950.837819136055
9950.837819136055
9950.837819136055
9950.837819136055
9950.837819136055
9950.837819136055
9950.837819136055
9950.837819136055
9950.837819136055
9950.837819136055
9950.837819136055
9950.837819136055
9950.837819136055
9950.837819136055
9950.837819136055
9950.837819136055
9950.837819136055
9950.837819136055
9950.837819136055
9950.837819136055
9950.837819136055
9950.837819136055
9950.837819136055
9950.837819136055
9950.837819136055
9950.837819136055
9950.837819136055
9950.837819136055
9950.837819136055
9950.837819136055
9950.837819136055
9950.837819136055
9950.837819136055
9950.837819136055
9950.837819136055
9950.837819136055
9950.837819136055
9950.837819136055
9950.837819136055
9950.837819136055
9950.837819136055
9950.837819136055
9950.837819136055
9950.837819136055
9950.837819136055
9950.837819136055
9950.837819136055
9950.837819136055
9950.837819136055
9950.837819136055
9950.837819136055
9950.837819136055
9950.837819136055
9950.837819136055
9950.837819136055
9950.837819136055
9950.837819136055
9950.837819136055
9950.837819136055
9950.837819136055
9950.837819136055
9950.837819136055
9950.837819136055
11332.168530464967
9950.837819136055
9950.837819136055
9950.837819136055
9950.837819136055
9950.837819136055
9950.837819136055
9950.837819136055
9950.837819136055
9950.837819136055
9950.837819136055
9950.837819136055
9950.837819136055
9950.837819136055
9950.837819136055
9950.837819136055
9950.837819136055
9950.837819136055
9950.837819136055
9950.837819136055
9950.837819136055
9950.837819136055
9950.837819136055
9950.837819136055
9950.837819136055
9950.837819136055
9950.837819136055
9950.837819136055
9950.837819136055
9950.837819136055
9950.837819136055
9950.837819136055
9950.837819136055
9950.837819136055
9950.837819136055
9950.837819136055
9950.837819136055
9950.837819136055
9950.837819136055
9950.837819136055
9950.837819136055
9950.837819136055
9950.837819136055
9950.837819136055
9950.837819136055
9950.837819136055
9950.837819136055
9950.837819136055
9950.837819136055
9950.837819136055
9950.837819136055
9950.837819136055
9950.837819136055
9950.837819136055
9950.837819136055
9950.837819136055
9950.837819136055
9950.837819136055
9950.837819136055
9950.837819136055
9950.837819136055
9950.837819136055
9950.837819136055
9950.837819136055
9950.837819136055
9950.837819136055
9950.837819136055
9950.837819136055
9950.837819136055
9950.837819136055
9950.837819136055
9950.837819136055
9950.837819136055
9950.837819136055
9950.837819136055
9950.837819136055
9950.837819136055
9950.837819136055
9950.837819136055
9950.837819136055
9950.837819136055
9950.837819136055
9950.837819136055
9950.837819136055
9950.837819136055
9950.837819136055
9950.837819136055
9950.837819136055
9950.837819136055
9950.837819136055
9950.837819136055
9950.837819136055
9950.837819136055
9950.837819136055
9950.837819136055
9950.837819136055
9950.837819136055
9950.837819136055
9950.837819136055
9950.837819136055
9950.837819136055
9950.837819136055
9950.837819136055
9950.837819136055
9950.837819136055
9950.837819136055
9950.837819136055
9950.837819136055
9950.837819136055
9950.837819136055
9950.837819136055
9950.837819136055
9950.837819136055
9950.837819136055
9950.837819136055
9950.837819136055
9950.837819136055
9950.837819136055
9950.837819136055
9950.837819136055
9950.837819136055
9950.837819136055
9950.837819136055
9950.837819136055
9950.837819136055
9950.837819136055
9950.837819136055
9950.837819136055
9950.837819136055
9950.837819136055
9950.837819136055
9950.837819136055
9950.837819136055
9950.837819136055
9950.837819136055
9950.837819136055
9950.837819136055
9950.837819136055
9950.837819136055
9950.837819136055
9950.837819136055
9950.837819136055
9950.837819136055
9950.837819136055
9950.837819136055
9950.837819136055
9950.837819136055
9950.837819136055
9950.837819136055
9950.837819136055
9950.837819136055
9950.837819136055
9950.837819136055
9950.837819136055
9950.837819136055
9950.837819136055
9950.837819136055
9950.837819136055
9950.837819136055
9950.837819136055
9950.837819136055
9950.837819136055
9950.837819136055
9950.837819136055
9950.837819136055
9950.837819136055
9950.837819136055
9950.837819136055
9950.837819136055
9950.837819136055
9950.837819136055
9950.837819136055
9950.837819136055
9950.837819136055
9950.837819136055
9950.837819136055
9950.837819136055
9950.837819136055
9950.837819136055
9950.837819136055
9950.837819136055
9950.837819136055
9950.837819136055
9950.837819136055
9950.837819136055
9950.837819136055
9950.837819136055
9950.837819136055
9950.837819136055
9950.837819136055
9950.837819136055
9950.837819136055
9950.837819136055
9950.837819136055
9950.837819136055
9950.837819136055
9950.837819136055
9950.837819136055
9950.837819136055
9950.837819136055
9950.837819136055
9950.837819136055
9950.837819136055
9950.837819136055
9950.837819136055
9950.837819136055
9950.837819136055
9950.837819136055
9950.837819136055
9950.837819136055
9950.837819136055
9950.837819136055
9950.837819136055
9950.837819136055
9950.837819136055
9950.837819136055
9950.837819136055
9950.837819136055
9950.837819136055
9950.837819136055
9950.837819136055
9950.837819136055
9950.837819136055
9950.837819136055
9950.837819136055
9950.837819136055
9950.837819136055
9950.837819136055
9950.837819136055
9950.837819136055
9950.837819136055
9950.837819136055
9950.837819136055
9950.837819136055
9950.837819136055
9950.837819136055
9950.837819136055
9950.837819136055
9950.837819136055
9950.837819136055
9950.837819136055
9950.837819136055
9950.837819136055
9950.837819136055
9950.837819136055
9950.837819136055
9950.837819136055
9950.837819136055
9950.837819136055
9950.837819136055
9950.837819136055
9950.837819136055
9950.837819136055
9950.837819136055
9950.837819136055
9950.837819136055
9950.837819136055
9950.837819136055
9950.837819136055
9950.837819136055
9950.837819136055
9950.837819136055
9950.837819136055
9950.837819136055
9950.837819136055
9950.837819136055
9950.837819136055
9950.837819136055
9950.837819136055
9950.837819136055
9950.837819136055
9950.837819136055
9950.837819136055
9950.837819136055
9950.837819136055
9950.837819136055
9950.837819136055
9950.837819136055
9950.837819136055
9950.837819136055
9950.837819136055
9950.837819136055
9950.837819136055
9950.837819136055
9950.837819136055
9950.837819136055
9950.837819136055
9950.837819136055
9950.837819136055
9950.837819136055
9950.837819136055
9950.837819136055
9950.837819136055
9950.837819136055
9950.837819136055
9950.837819136055
9950.837819136055
9950.837819136055
9950.837819136055
9950.837819136055
9950.837819136055
9950.837819136055
9950.837819136055
9950.837819136055
9950.837819136055
9950.837819136055
9950.837819136055
9950.837819136055
9950.837819136055
9950.837819136055
9950.837819136055
9950.837819136055
9950.837819136055
9950.837819136055
9950.837819136055
9950.837819136055
9950.837819136055
9950.837819136055
9950.837819136055
9950.837819136055
9950.837819136055
9950.837819136055
9950.837819136055
9950.837819136055
9950.837819136055
9950.837819136055
9950.837819136055
9950.837819136055
9950.837819136055
9950.837819136055
9950.837819136055
9950.837819136055
9950.837819136055
9950.837819136055
9950.837819136055
9950.837819136055
9950.837819136055
9950.837819136055
9950.837819136055
9950.837819136055
9950.837819136055
9950.837819136055
9950.837819136055
9950.837819136055
9950.837819136055
9950.837819136055
9950.837819136055
9950.837819136055
9950.837819136055
9950.837819136055
9950.837819136055
9950.837819136055
9950.837819136055
9950.837819136055
9950.837819136055
9950.837819136055
9950.837819136055
9950.837819136055
9950.837819136055
9950.837819136055
9950.837819136055
9950.837819136055
9950.837819136055
9950.837819136055
9950.837819136055
9950.837819136055
9950.837819136055
9950.837819136055
9950.837819136055
9950.837819136055
9950.837819136055
9950.837819136055
9950.837819136055
9950.837819136055
9950.837819136055
9950.837819136055
9950.837819136055
9950.837819136055
9950.837819136055
9950.837819136055
9950.837819136055
9950.837819136055
9950.837819136055
9950.837819136055
9950.837819136055
9950.837819136055
9950.837819136055
9950.837819136055
9950.837819136055
9950.837819136055
9950.837819136055
9950.837819136055
9950.837819136055
9950.837819136055
9950.837819136055
9950.837819136055
9950.837819136055
9950.837819136055
9950.837819136055
9950.837819136055
9950.837819136055
9950.837819136055
9950.837819136055
9950.837819136055
9950.837819136055
9950.837819136055
9950.837819136055
9950.837819136055
9950.837819136055
9950.837819136055
9950.837819136055
9950.837819136055
9950.837819136055
9950.837819136055
9950.837819136055
9950.837819136055
9950.837819136055
9950.837819136055
9950.837819136055
9950.837819136055
9950.837819136055
9950.837819136055
9950.837819136055
9950.837819136055
9950.837819136055
9950.837819136055
9950.837819136055
9950.837819136055
9950.837819136055
9950.837819136055
9950.837819136055
9950.837819136055
9950.837819136055
9950.837819136055
9950.837819136055
9950.837819136055
9950.837819136055
9950.837819136055
9950.837819136055
9950.837819136055
9950.837819136055
9950.837819136055
9950.837819136055
9950.837819136055
9950.837819136055
9950.837819136055
9950.837819136055
9950.837819136055
9950.837819136055
9950.837819136055
9950.837819136055
9950.837819136055
9950.837819136055
9950.837819136055
9950.837819136055
9950.837819136055
9950.837819136055
9950.837819136055
9950.837819136055
9950.837819136055
9950.837819136055
9950.837819136055
9950.837819136055
9950.837819136055
9950.837819136055
9950.837819136055
9950.837819136055
9950.837819136055
9950.837819136055
9950.837819136055
9950.837819136055
9950.837819136055
9950.837819136055
9950.837819136055
9950.837819136055
9950.837819136055
9950.837819136055
9950.837819136055
9950.837819136055
9950.837819136055
9950.837819136055
9950.837819136055
9950.837819136055
9950.837819136055
9950.837819136055
9950.837819136055
9950.837819136055
9950.837819136055
9950.837819136055
9950.837819136055
9950.837819136055
9950.837819136055
9950.837819136055
9950.837819136055
9950.837819136055
9950.837819136055
9950.837819136055
9950.837819136055
9950.837819136055
9950.837819136055
9950.837819136055
9950.837819136055
9950.837819136055
9950.837819136055
9950.837819136055
9950.837819136055
9950.837819136055
9950.837819136055
9950.837819136055
9950.837819136055
9950.837819136055
9950.837819136055
9950.837819136055
9950.837819136055
9950.837819136055
9950.837819136055
9950.837819136055
9950.837819136055
9950.837819136055
9950.837819136055
9950.837819136055
9950.837819136055
9950.837819136055
9950.837819136055
9950.837819136055
9950.837819136055
9950.837819136055
9950.837819136055
9950.837819136055
9950.837819136055
9950.837819136055
9950.837819136055
9950.837819136055
9950.837819136055
9950.837819136055
9950.837819136055
9950.837819136055
9950.837819136055
9950.837819136055
9950.837819136055
9950.837819136055
9950.837819136055
9950.837819136055
9950.837819136055
9950.837819136055
9950.837819136055
9950.837819136055
9950.837819136055
9950.837819136055
9950.837819136055
9950.837819136055
9950.837819136055
9950.837819136055
9950.837819136055
9950.837819136055
9950.837819136055
9950.837819136055
9950.837819136055
9950.837819136055
9950.837819136055
9950.837819136055
9950.837819136055
9950.837819136055
9950.837819136055
9950.837819136055
9950.837819136055
9950.837819136055
9950.837819136055
9950.837819136055
9950.837819136055
9950.837819136055
9950.837819136055
9950.837819136055
9950.837819136055
9950.837819136055
9950.837819136055
9950.837819136055
9950.837819136055
9950.837819136055
9950.837819136055
9950.837819136055
9950.837819136055
9950.837819136055
9950.837819136055
9950.837819136055
9950.837819136055
9950.837819136055
9950.837819136055
9950.837819136055
9950.837819136055
9950.837819136055
9950.837819136055
9950.837819136055
9950.837819136055
9950.837819136055
9950.837819136055
9950.837819136055
9950.837819136055
9950.837819136055
9950.837819136055
9950.837819136055
9950.837819136055
9950.837819136055
9950.837819136055
9950.837819136055
9950.837819136055
9950.837819136055
9950.837819136055
9950.837819136055
9950.837819136055
9950.837819136055
9950.837819136055
9950.837819136055
9950.837819136055
9950.837819136055
9950.837819136055
9950.837819136055
9950.837819136055
9950.837819136055
9950.837819136055
9950.837819136055
9950.837819136055
9950.837819136055
9950.837819136055
9950.837819136055
9950.837819136055
9950.837819136055
9950.837819136055
9950.837819136055
9950.837819136055
9950.837819136055
9950.837819136055
9950.837819136055
9950.837819136055
9950.837819136055
9950.837819136055
9950.837819136055
9950.837819136055
9950.837819136055
9950.837819136055
9950.837819136055
9950.837819136055
9950.837819136055
9950.837819136055
9950.837819136055
9950.837819136055
9950.837819136055
9950.837819136055
9950.837819136055
9950.837819136055
9950.837819136055
9950.837819136055
9950.837819136055
9950.837819136055
9950.837819136055
9950.837819136055
9950.837819136055
9950.837819136055
9950.837819136055
9950.837819136055
9950.837819136055
9950.837819136055
9950.837819136055
9950.837819136055
9950.837819136055
9950.837819136055
9950.837819136055
9950.837819136055
9950.837819136055
9950.837819136055
9950.837819136055
9950.837819136055
9950.837819136055
9950.837819136055
9950.837819136055
9950.837819136055
9950.837819136055
9950.837819136055
9950.837819136055
9950.837819136055
9950.837819136055
9950.837819136055
9950.837819136055
9950.837819136055
9950.837819136055
9950.837819136055
9950.837819136055
9950.837819136055
9950.837819136055
9950.837819136055
9950.837819136055
9950.837819136055
9950.837819136055
9950.837819136055
9950.837819136055
9950.837819136055
9950.837819136055
9950.837819136055
9950.837819136055
9950.837819136055
9950.837819136055
9950.837819136055
9950.837819136055
9950.837819136055
9950.837819136055
