9.56
29
24722.077378707683
25886.616446515494
22874.39782156754
23218.289812142895
28687.334990294585
25731.019989093726
26869.87333112706
25217.253910941385
26752.618452582774
29053.538930160772
26851.883332135007
28180.032533287977
24312.2016221423
25931.631283608873
27587.207061579844
29008.62402001099
22510.63303742495
25484.967601082244
25993.80968368287
24526.535265666786
27253.935593135164
24624.972758271826
27592.63134259688
24496.378921038286
25278.58717784592
25308.389590613366
27443.072212994284
25220.38372269183
27684.933934971566
19438.781044588526
19646.42833049284
21854.254038351144
19724.87481230641
21090.78538469187
22510.633037424945
21100.984920158575
22952.641644846703
20556.83724254588
24097.068591076804
25710.023374283508
22935.596284889336
21694.10874547211
21122.51448459149
22596.706529403156
22510.633037424945
24845.294848739824
19438.781044588526
21945.87416259817
23049.40803905364
20795.07439394566
23575.08094926246
20457.83063739611
24009.90429442193
22192.13114035449
21918.710808167347
22056.058775356603
23547.398806341054
22779.244279968374
18997.748102522157
17170.40412728081
18251.000223400857
19708.292553397274
16996.475570206174
19782.923407779697
19438.781044588526
19355.25014989532
20402.765809334353
18361.30685579775
18417.709911600752
22618.076521951123
20643.070297026487
18622.256752635687
17961.049915331874
20609.138436982852
19438.781044588526
21363.843059259332
18122.278661447286
18492.44550821781
18865.45665543525
20795.07439394566
20609.55939085266
17853.97791282812
21109.265596567235
20154.41722069933
20308.474698333226
19970.532428023987
21552.080267376004
20586.568226091575
17170.40412728081
15941.573005575527
16975.005245586795
16239.031018673435
15941.573005575527
18399.421159236128
15595.80910115172
18350.37794719068
18744.397847453023
16763.108596842107
16237.572152847053
19734.6237336048
18947.58552465327
15148.77345554168
16509.71941715287
19299.04669745657
15595.80910115172
18314.22795883264
16537.59881398679
16665.101532976463
16870.525061683657
18630.97702726273
18331.48912434297
16240.726430764329
15595.80910115172
18963.098658966584
15148.350224839074
18515.183766802926
19802.692139115534
18927.295636129664
16263.602800893601
14378.905512927642
16454.06843985297
16108.959712795351
15199.883362411418
17489.114609241562
14854.119457987614
17545.63141320156
15148.350224839072
16763.108596842107
14704.395085931854
18124.33974482697
17694.03239002451
13540.446908927153
15148.350224839072
17573.257165953117
14854.119457987614
16112.3578338305
15290.544474652883
15274.362417790197
15148.350224839072
17441.807988783636
15148.350224839072
15235.494689957703
14640.65025508007
15148.350224839072
14378.905512927642
14378.905512927642
14378.905512927642
14378.905512927642
14378.905512927642
13039.749525657126
15044.227439868806
15186.463776700046
13540.446908927153
16339.741706305858
13540.446908927153
13540.446908927153
14378.905512927642
15304.307236346593
13707.6920074209
16332.184890051709
16810.859294714945
13039.749525657126
13039.749525657126
16583.391780001413
13039.749525657126
13039.749525657126
13039.749525657126
14027.632163990549
14331.153195800025
13039.749525657126
14378.905512927642
14279.476113230065
13453.503063357593
13039.749525657126
14006.920307154436
14006.920307154434
13039.749525657126
14006.920307154434
13039.749525657126
12701.32111685709
14246.179844288525
14056.07547964203
13039.749525657126
15230.030428601498
13039.749525657126
13039.749525657126
13039.749525657126
14381.571206748426
12685.392334852879
15019.591283905254
13039.749525657126
12701.32111685709
12701.32111685709
12701.32111685709
12701.32111685709
12701.32111685709
12701.32111685709
13602.631532849906
12701.32111685709
12701.32111685709
12701.32111685709
12453.004573501767
12701.32111685709
12701.32111685709
13589.075248589588
12701.32111685709
12701.32111685709
12770.680835423182
12701.32111685709
11918.700902541994
13447.46709578415
12453.004573501768
12453.004573501768
14702.868909468074
12453.004573501768
12701.32111685709
12453.004573501768
12453.004573501768
12370.6660045668
12453.004573501768
12701.32111685709
12453.004573501768
12370.943027602269
12370.943027602269
12453.004573501768
12370.943027602269
12370.943027602269
13226.85536719945
12370.943027602269
12701.32111685709
12370.943027602269
11918.700902541994
11918.700902541996
11918.700902541996
13260.929839008815
12701.32111685709
11918.700902541996
11918.700902541996
11918.700902541996
11406.341874221427
11918.700902541996
11918.700902541996
11918.700902541996
14303.549176506165
11918.700902541996
12408.947020850954
11918.700902541996
11918.700902541996
11952.820946001952
11918.700902541996
11918.700902541996
11918.700902541996
11918.700902541996
11918.700902541996
11918.700902541996
11918.700902541996
11918.700902541996
11918.700902541996
12120.075060964187
11918.700902541996
12120.075060964187
11406.341874221427
11406.341874221429
11406.341874221429
12989.756340347787
12370.943027602269
11406.341874221429
11406.341874221429
11406.341874221429
11406.341874221427
11406.341874221429
11406.341874221429
11406.341874221429
11406.341874221429
11406.341874221429
11406.341874221429
11406.341874221429
11406.341874221429
11406.341874221429
11406.341874221429
11406.341874221429
11406.341874221429
11406.341874221429
11472.400562777353
11406.341874221429
11406.341874221429
11406.341874221429
11406.341874221429
12033.569779931262
11406.341874221429
12033.569779931262
11406.341874221427
10978.969756153712
10978.969756153712
11406.341874221429
11406.341874221429
11161.532765764156
11161.532765764156
10978.969756153712
10466.352210445839
10734.160647696439
10978.969756153712
10734.160647696439
10734.160647696439
10734.160647696439
10734.160647696439
10978.969756153712
10978.969756153712
10734.160647696439
10734.160647696439
10734.160647696439
10734.160647696439
10978.969756153712
10800.219336252363
10734.160647696439
10734.160647696439
10734.160647696439
10734.160647696439
11952.225127622833
10734.160647696439
10978.969756153712
10734.160647696439
10466.352210445839
10978.969756153712
10466.35221044584
10466.35221044584
10466.35221044584
10734.160647696439
10466.35221044584
10220.758081983213
10466.35221044584
10466.35221044584
10734.160647696439
10466.35221044584
10466.35221044584
10466.35221044584
10466.35221044584
10466.35221044584
10466.352210445839
10466.35221044584
10466.35221044584
10466.352210445839
10466.35221044584
10466.35221044584
10466.35221044584
10466.35221044584
10466.352210445839
10466.35221044584
10466.35221044584
10466.352210445839
10466.35221044584
10466.352210445839
10220.758081983213
10537.899920904036
10220.758081983213
10220.758081983213
10220.758081983213
10466.352210445839
10220.758081983213
9971.093330595868
10220.758081983213
10220.758081983213
10466.352210445839
10220.758081983213
10220.758081983213
10220.758081983213
10220.758081983213
10220.758081983213
10220.758081983213
10220.758081983213
10220.758081983213
10220.758081983213
10220.758081983213
10220.758081983213
10220.758081983213
10220.758081983213
10220.758081983213
10220.758081983213
10220.758081983213
10466.352210445839
10220.758081983213
10220.758081983213
9971.093330595868
9971.09333059587
9971.09333059587
9971.09333059587
9971.09333059587
9971.09333059587
9971.09333059587
9971.093330595868
10220.758081983213
9971.09333059587
9971.09333059587
10220.758081983213
9971.09333059587
9971.09333059587
9971.09333059587
10220.758081983213
9971.09333059587
9971.09333059587
9971.09333059587
10220.758081983213
9971.09333059587
9971.09333059587
9971.09333059587
9971.09333059587
9971.09333059587
9971.09333059587
9971.09333059587
9971.09333059587
9971.09333059587
9971.09333059587
9971.093330595868
9971.09333059587
9716.342547034028
9716.342547034028
9971.09333059587
9971.09333059587
9971.09333059587
9672.266045823253
10220.758081983213
9716.342547034028
9716.342547034028
9716.342547034028
9716.342547034028
9716.342547034028
9716.342547034028
9716.342547034028
9716.342547034028
9716.342547034028
9716.342547034028
9716.342547034028
9716.342547034028
9716.342547034028
9716.342547034028
9716.342547034028
9716.342547034028
9716.342547034028
9716.342547034028
9971.09333059587
9971.09333059587
9716.342547034028
9716.342547034028
9716.342547034028
9672.266045823253
9672.266045823253
9672.266045823253
9716.342547034028
9672.266045823253
9716.342547034028
9672.266045823253
9672.266045823253
9672.266045823253
9672.266045823253
9672.266045823253
9672.266045823253
9672.266045823253
9672.266045823253
9672.266045823253
9672.266045823253
9672.266045823253
9672.266045823253
9672.266045823253
9672.266045823253
9672.266045823253
9672.266045823253
9672.266045823253
9672.266045823253
9672.266045823253
9672.266045823253
9672.266045823253
9672.266045823253
9672.266045823253
9672.266045823253
9672.266045823253
9672.266045823253
9672.266045823253
9716.342547034028
9672.266045823253
9672.266045823253
9672.266045823253
9672.266045823253
9672.266045823253
9672.266045823253
9672.266045823253
9672.266045823253
9672.266045823253
9672.266045823253
9672.266045823253
9672.266045823253
9672.266045823253
9672.266045823253
9672.266045823253
9672.266045823253
9672.266045823253
9672.266045823253
9672.266045823253
9672.266045823253
9672.266045823253
9672.266045823253
9672.266045823253
9672.266045823253
9672.266045823253
9672.266045823253
9672.266045823253
9672.266045823253
9672.266045823253
9672.266045823253
9672.266045823253
9672.266045823253
9672.266045823253
9672.266045823253
9672.266045823253
9672.266045823253
9672.266045823253
9672.266045823253
9672.266045823253
9672.266045823253
9672.266045823253
9672.266045823253
9672.266045823253
9672.266045823253
9672.266045823253
9672.266045823253
9672.266045823253
9672.266045823253
9672.266045823253
9672.266045823253
9672.266045823253
9672.266045823253
9672.266045823253
9672.266045823253
9672.266045823253
9672.266045823253
9672.266045823253
9672.266045823253
9672.266045823253
9672.266045823253
9672.266045823253
9716.342547034028
9672.266045823253
9672.266045823253
9672.266045823253
9672.266045823253
9672.266045823253
9672.266045823253
9672.266045823253
9672.266045823253
9672.266045823253
9672.266045823253
9672.266045823253
9672.266045823253
9672.266045823253
9672.266045823253
9672.266045823253
9672.266045823253
9672.266045823253
9672.266045823253
9672.266045823253
9672.266045823253
9672.266045823253
9672.266045823253
9672.266045823253
9672.266045823253
9672.266045823253
9672.266045823253
9672.266045823253
9672.266045823253
9672.266045823253
9672.266045823253
9672.266045823253
9672.266045823253
9672.266045823253
9672.266045823253
9672.266045823253
9672.266045823253
9672.266045823253
9672.266045823253
9672.266045823253
9672.266045823253
9672.266045823253
9672.266045823253
9672.266045823253
9672.266045823253
9672.266045823253
9672.266045823253
9672.266045823253
9672.266045823253
9672.266045823253
9672.266045823253
9672.266045823253
9672.266045823253
9672.266045823253
9672.266045823253
9672.266045823253
9672.266045823253
9672.266045823253
9672.266045823253
9672.266045823253
9716.342547034028
9672.266045823253
9672.266045823253
9672.266045823253
9672.266045823253
9672.266045823253
9672.266045823253
9672.266045823253
9672.266045823253
9672.266045823253
9672.266045823253
9672.266045823253
9672.266045823253
9672.266045823253
9672.266045823253
9672.266045823253
9672.266045823253
9672.266045823253
9672.266045823253
9672.266045823253
9672.266045823253
9672.266045823253
9672.266045823253
9672.266045823253
9672.266045823253
9672.266045823253
9672.266045823253
9672.266045823253
9672.266045823253
9672.266045823253
9716.342547034028
9672.266045823253
9672.266045823253
9672.266045823253
9672.266045823253
9672.266045823253
9672.266045823253
9672.266045823253
9672.266045823253
9672.266045823253
9672.266045823253
9672.266045823253
9672.266045823253
9672.266045823253
9672.266045823253
9672.266045823253
9672.266045823253
9672.266045823253
9672.266045823253
9672.266045823253
9672.266045823253
9672.266045823253
9672.266045823253
9672.266045823253
9672.266045823253
9672.266045823253
9672.266045823253
9672.266045823253
9672.266045823253
9672.266045823253
9716.342547034028
9672.266045823253
9672.266045823253
9672.266045823253
9672.266045823253
9672.266045823253
9672.266045823253
9672.266045823253
9672.266045823253
9672.266045823253
9672.266045823253
9672.266045823253
9672.266045823253
9672.266045823253
9672.266045823253
9672.266045823253
9672.266045823253
9672.266045823253
9672.266045823253
9672.266045823253
9672.266045823253
9672.266045823253
9672.266045823253
9672.266045823253
9672.266045823253
9672.266045823253
9672.266045823253
9672.266045823253
9672.266045823253
9672.266045823253
12768.306123525215
9672.266045823253
9672.266045823253
9672.266045823253
9672.266045823253
9672.266045823253
9672.266045823253
9672.266045823253
9672.266045823253
9672.266045823253
9672.266045823253
9672.266045823253
9672.266045823253
9672.266045823253
9672.266045823253
9672.266045823253
9672.266045823253
9672.266045823253
9672.266045823253
9672.266045823253
9672.266045823253
9672.266045823253
9672.266045823253
9672.266045823253
9672.266045823253
9672.266045823253
9672.266045823253
9672.266045823253
9672.266045823253
9672.266045823253
9672.266045823253
9672.266045823253
9672.266045823253
9672.266045823253
9672.266045823253
9672.266045823253
9672.266045823253
9672.266045823253
9672.266045823253
9672.266045823253
9672.266045823253
9672.266045823253
9672.266045823253
9672.266045823253
9672.266045823253
9672.266045823253
9672.266045823253
9672.266045823253
9672.266045823253
9672.266045823253
9672.266045823253
9672.266045823253
9672.266045823253
9672.266045823253
9672.266045823253
9672.266045823253
9672.266045823253
9672.266045823253
9672.266045823253
9672.266045823253
9672.266045823253
9672.266045823253
9672.266045823253
9672.266045823253
9672.266045823253
9672.266045823253
9672.266045823253
9672.266045823253
9672.266045823253
9672.266045823253
9672.266045823253
9672.266045823253
9672.266045823253
9672.266045823253
9672.266045823253
9672.266045823253
9672.266045823253
9672.266045823253
9672.266045823253
9672.266045823253
9672.266045823253
9672.266045823253
9672.266045823253
9672.266045823253
9672.266045823253
9672.266045823253
9672.266045823253
9672.266045823253
9672.266045823253
9672.266045823253
9672.266045823253
9672.266045823253
9672.266045823253
9672.266045823253
9672.266045823253
9672.266045823253
9672.266045823253
9672.266045823253
9672.266045823253
9672.266045823253
9672.266045823253
9672.266045823253
9672.266045823253
9672.266045823253
9672.266045823253
9672.266045823253
9672.266045823253
9672.266045823253
9672.266045823253
9672.266045823253
9672.266045823253
9672.266045823253
9672.266045823253
9672.266045823253
9672.266045823253
9672.266045823253
9672.266045823253
9672.266045823253
9672.266045823253
9672.266045823253
9716.342547034028
9672.266045823253
9672.266045823253
9672.266045823253
9672.266045823253
9672.266045823253
9672.266045823253
9672.266045823253
9672.266045823253
9672.266045823253
9672.266045823253
9672.266045823253
9672.266045823253
9672.266045823253
9672.266045823253
9672.266045823253
9672.266045823253
9672.266045823253
9672.266045823253
9672.266045823253
9672.266045823253
9672.266045823253
9672.266045823253
9672.266045823253
9672.266045823253
9672.266045823253
9672.266045823253
9672.266045823253
9672.266045823253
9672.266045823253
9672.266045823253
9672.266045823253
9672.266045823253
9672.266045823253
9672.266045823253
9672.266045823253
9672.266045823253
9672.266045823253
9672.266045823253
9672.266045823253
9672.266045823253
9672.266045823253
9672.266045823253
9672.266045823253
9672.266045823253
9672.266045823253
9672.266045823253
9672.266045823253
9672.266045823253
9672.266045823253
9672.266045823253
9672.266045823253
9672.266045823253
9672.266045823253
9672.266045823253
9672.266045823253
9672.266045823253
9672.266045823253
9672.266045823253
9672.266045823253
9672.266045823253
9672.266045823253
9672.266045823253
9672.266045823253
9672.266045823253
9672.266045823253
9672.266045823253
9672.266045823253
9672.266045823253
9672.266045823253
9672.266045823253
9672.266045823253
9672.266045823253
9672.266045823253
9672.266045823253
9672.266045823253
9672.266045823253
9672.266045823253
9672.266045823253
9672.266045823253
9672.266045823253
9672.266045823253
9672.266045823253
9672.266045823253
9672.266045823253
9672.266045823253
9672.266045823253
9672.266045823253
9672.266045823253
9672.266045823253
9672.266045823253
9672.266045823253
9672.266045823253
9672.266045823253
9672.266045823253
9672.266045823253
9672.266045823253
9672.266045823253
9672.266045823253
9672.266045823253
9672.266045823253
9672.266045823253
9672.266045823253
9672.266045823253
9672.266045823253
9672.266045823253
9672.266045823253
9672.266045823253
9672.266045823253
9672.266045823253
9672.266045823253
9672.266045823253
9672.266045823253
9672.266045823253
9672.266045823253
9672.266045823253
9672.266045823253
9672.266045823253
9672.266045823253
9672.266045823253
9672.266045823253
9672.266045823253
9672.266045823253
9672.266045823253
9672.266045823253
9672.266045823253
9672.266045823253
9672.266045823253
9672.266045823253
9672.266045823253
9672.266045823253
9672.266045823253
9672.266045823253
9672.266045823253
9672.266045823253
9672.266045823253
9672.266045823253
9672.266045823253
9672.266045823253
9672.266045823253
9672.266045823253
9672.266045823253
9672.266045823253
9672.266045823253
9672.266045823253
9672.266045823253
9672.266045823253
9672.266045823253
9672.266045823253
9672.266045823253
9672.266045823253
9672.266045823253
9672.266045823253
9672.266045823253
9672.266045823253
9672.266045823253
9672.266045823253
9672.266045823253
9672.266045823253
9672.266045823253
9672.266045823253
9672.266045823253
9672.266045823253
9672.266045823253
9672.266045823253
9672.266045823253
9672.266045823253
9672.266045823253
9672.266045823253
9672.266045823253
9672.266045823253
9672.266045823253
9672.266045823253
9672.266045823253
9672.266045823253
9672.266045823253
9672.266045823253
9672.266045823253
9672.266045823253
9672.266045823253
9672.266045823253
9672.266045823253
9672.266045823253
9672.266045823253
9672.266045823253
9672.266045823253
9672.266045823253
9672.266045823253
9672.266045823253
9672.266045823253
9672.266045823253
9672.266045823253
9672.266045823253
9672.266045823253
9672.266045823253
9672.266045823253
9672.266045823253
9672.266045823253
9672.266045823253
9672.266045823253
9672.266045823253
9672.266045823253
9672.266045823253
9672.266045823253
9672.266045823253
9672.266045823253
9672.266045823253
9672.266045823253
9672.266045823253
9672.266045823253
9672.266045823253
9672.266045823253
9672.266045823253
9672.266045823253
9672.266045823253
9672.266045823253
9672.266045823253
9672.266045823253
9672.266045823253
9672.266045823253
9672.266045823253
9672.266045823253
9672.266045823253
9672.266045823253
9672.266045823253
9672.266045823253
9672.266045823253
9672.266045823253
9672.266045823253
9672.266045823253
9672.266045823253
9672.266045823253
9672.266045823253
9672.266045823253
9672.266045823253
9672.266045823253
9672.266045823253
9672.266045823253
9672.266045823253
9672.266045823253
9672.266045823253
9672.266045823253
9672.266045823253
9672.266045823253
9672.266045823253
9672.266045823253
9672.266045823253
9672.266045823253
9672.266045823253
9672.266045823253
9672.266045823253
9672.266045823253
9672.266045823253
9672.266045823253
9672.266045823253
9672.266045823253
9672.266045823253
9672.266045823253
9672.266045823253
9672.266045823253
9672.266045823253
9672.266045823253
9672.266045823253
9672.266045823253
9672.266045823253
9672.266045823253
9672.266045823253
9672.266045823253
9672.266045823253
9672.266045823253
9672.266045823253
9672.266045823253
9672.266045823253
9672.266045823253
9672.266045823253
9672.266045823253
9672.266045823253
9672.266045823253
9672.266045823253
9672.266045823253
9672.266045823253
9672.266045823253
9672.266045823253
9672.266045823253
9672.266045823253
9672.266045823253
9672.266045823253
9672.266045823253
9672.266045823253
9672.266045823253
9672.266045823253
9672.266045823253
9672.266045823253
9672.266045823253
9672.266045823253
9672.266045823253
9672.266045823253
9672.266045823253
9672.266045823253
9672.266045823253
9672.266045823253
9672.266045823253
9672.266045823253
9672.266045823253
9672.266045823253
9672.266045823253
9672.266045823253
9672.266045823253
9672.266045823253
9672.266045823253
9672.266045823253
9672.266045823253
9672.266045823253
9672.266045823253
9672.266045823253
9672.266045823253
9672.266045823253
9672.266045823253
9672.266045823253
9672.266045823253
9672.266045823253
9672.266045823253
9672.266045823253
9672.266045823253
9672.266045823253
9672.266045823253
9672.266045823253
9672.266045823253
9672.266045823253
9672.266045823253
9672.266045823253
9672.266045823253
9672.266045823253
9672.266045823253
9672.266045823253
9672.266045823253
9672.266045823253
9672.266045823253
9672.266045823253
9672.266045823253
9672.266045823253
9672.266045823253
9672.266045823253
9672.266045823253
9672.266045823253
9672.266045823253
9672.266045823253
9672.266045823253
9672.266045823253
9672.266045823253
9672.266045823253
9672.266045823253
9672.266045823253
9672.266045823253
9672.266045823253
9672.266045823253
9672.266045823253
9672.266045823253
9672.266045823253
9672.266045823253
9672.266045823253
9672.266045823253
9672.266045823253
9672.266045823253
9672.266045823253
9672.266045823253
9672.266045823253
9672.266045823253
9672.266045823253
9672.266045823253
9672.266045823253
9672.266045823253
9672.266045823253
9672.266045823253
9672.266045823253
9672.266045823253
9672.266045823253
9672.266045823253
9672.266045823253
9672.266045823253
9672.266045823253
9672.266045823253
9672.266045823253
9672.266045823253
9672.266045823253
9672.266045823253
9672.266045823253
9672.266045823253
9672.266045823253
9672.266045823253
9672.266045823253
9672.266045823253
9672.266045823253
9672.266045823253
9672.266045823253
9672.266045823253
9672.266045823253
9672.266045823253
9672.266045823253
9672.266045823253
9672.266045823253
9672.266045823253
9672.266045823253
9672.266045823253
9672.266045823253
9672.266045823253
9672.266045823253
9672.266045823253
9672.266045823253
9672.266045823253
9672.266045823253
9672.266045823253
9672.266045823253
9672.266045823253
9672.266045823253
9672.266045823253
9672.266045823253
9672.266045823253
9672.266045823253
9672.266045823253
9672.266045823253
9672.266045823253
9672.266045823253
9672.266045823253
9672.266045823253
9672.266045823253
9672.266045823253
9672.266045823253
9672.266045823253
9672.266045823253
9672.266045823253
9672.266045823253
9672.266045823253
9672.266045823253
9672.266045823253
9672.266045823253
9672.266045823253
9672.266045823253
9672.266045823253
9672.266045823253
9672.266045823253
9672.266045823253
9672.266045823253
9672.266045823253
9672.266045823253
9672.266045823253
9672.266045823253
9672.266045823253
9672.266045823253
9672.266045823253
9672.266045823253
9672.266045823253
9672.266045823253
9672.266045823253
9672.266045823253
9672.266045823253
9672.266045823253
9672.266045823253
9672.266045823253
9672.266045823253
9672.266045823253
9672.266045823253
9672.266045823253
9672.266045823253
9672.266045823253
9672.266045823253
9672.266045823253
9672.266045823253
9672.266045823253
9672.266045823253
9672.266045823253
9672.266045823253
9672.266045823253
9672.266045823253
9672.266045823253
9672.266045823253
9672.266045823253
9672.266045823253
9672.266045823253
9672.266045823253
9672.266045823253
9672.266045823253
9672.266045823253
9672.266045823253
9672.266045823253
9672.266045823253
9672.266045823253
9672.266045823253
9672.266045823253
9672.266045823253
9672.266045823253
9672.266045823253
9672.266045823253
9672.266045823253
9672.266045823253
9672.266045823253
9672.266045823253
9672.266045823253
9672.266045823253
9672.266045823253
9672.266045823253
9672.266045823253
9672.266045823253
9672.266045823253
9672.266045823253
9672.266045823253
9672.266045823253
9672.266045823253
9672.266045823253
9672.266045823253
9672.266045823253
9672.266045823253
9672.266045823253
9672.266045823253
9672.266045823253
9672.266045823253
9672.266045823253
9672.266045823253
9672.266045823253
9672.266045823253
9672.266045823253
9672.266045823253
9672.266045823253
9672.266045823253
9672.266045823253
9672.266045823253
9672.266045823253
9672.266045823253
9672.266045823253
9672.266045823253
9672.266045823253
9672.266045823253
9672.266045823253
9672.266045823253
9672.266045823253
9672.266045823253
9672.266045823253
9672.266045823253
9672.266045823253
9672.266045823253
9672.266045823253
9672.266045823253
9672.266045823253
9672.266045823253
9672.266045823253
9672.266045823253
9672.266045823253
9672.266045823253
9672.266045823253
9672.266045823253
9672.266045823253
9672.266045823253
9672.266045823253
9672.266045823253
9672.266045823253
9672.266045823253
9672.266045823253
9672.266045823253
9672.266045823253
9672.266045823253
9672.266045823253
9672.266045823253
9672.266045823253
9672.266045823253
9672.266045823253
9672.266045823253
9672.266045823253
9672.266045823253
9672.266045823253
9672.266045823253
9672.266045823253
9672.266045823253
9672.266045823253
9672.266045823253
9672.266045823253
9672.266045823253
9672.266045823253
9672.266045823253
9672.266045823253
9672.266045823253
9672.266045823253
9672.266045823253
9672.266045823253
9672.266045823253
9672.266045823253
9672.266045823253
9672.266045823253
9672.266045823253
9672.266045823253
9672.266045823253
9672.266045823253
9672.266045823253
9672.266045823253
9672.266045823253
9672.266045823253
9672.266045823253
9672.266045823253
9672.266045823253
9672.266045823253
9672.266045823253
9672.266045823253
9672.266045823253
9672.266045823253
9672.266045823253
9672.266045823253
9672.266045823253
9672.266045823253
9672.266045823253
9672.266045823253
9672.266045823253
9672.266045823253
9672.266045823253
9672.266045823253
9672.266045823253
9672.266045823253
9672.266045823253
9672.266045823253
9672.266045823253
9672.266045823253
9672.266045823253
9672.266045823253
9672.266045823253
9672.266045823253
9672.266045823253
9672.266045823253
9672.266045823253
9672.266045823253
9672.266045823253
9672.266045823253
9672.266045823253
9672.266045823253
9672.266045823253
9672.266045823253
9672.266045823253
9672.266045823253
9672.266045823253
9672.266045823253
9672.266045823253
9672.266045823253
9672.266045823253
9672.266045823253
9672.266045823253
9672.266045823253
9672.266045823253
9672.266045823253
9672.266045823253
9672.266045823253
9672.266045823253
9672.266045823253
9672.266045823253
9672.266045823253
9672.266045823253
9672.266045823253
9672.266045823253
9672.266045823253
9672.266045823253
9672.266045823253
9672.266045823253
9672.266045823253
9672.266045823253
9672.266045823253
9672.266045823253
9672.266045823253
9672.266045823253
9672.266045823253
9672.266045823253
9672.266045823253
9672.266045823253
9672.266045823253
9672.266045823253
9672.266045823253
9672.266045823253
9672.266045823253
9672.266045823253
9672.266045823253
9672.266045823253
9672.266045823253
9672.266045823253
9672.266045823253
9672.266045823253
9672.266045823253
9672.266045823253
9672.266045823253
9672.266045823253
9672.266045823253
9672.266045823253
9672.266045823253
9672.266045823253
9672.266045823253
9672.266045823253
9672.266045823253
9672.266045823253
9672.266045823253
9672.266045823253
9672.266045823253
9672.266045823253
9672.266045823253
9672.266045823253
9672.266045823253
9672.266045823253
9672.266045823253
9672.266045823253
9672.266045823253
9672.266045823253
9672.266045823253
9672.266045823253
9672.266045823253
9672.266045823253
9672.266045823253
9672.266045823253
9672.266045823253
9672.266045823253
9672.266045823253
9672.266045823253
9672.266045823253
9672.266045823253
9672.266045823253
9672.266045823253
9672.266045823253
9672.266045823253
9716.342547034028
9672.266045823253
9672.266045823253
9672.266045823253
9672.266045823253
9672.266045823253
9672.266045823253
9672.266045823253
9672.266045823253
9672.266045823253
9672.266045823253
9672.266045823253
9672.266045823253
9672.266045823253
9672.266045823253
9672.266045823253
9672.266045823253
9672.266045823253
9672.266045823253
9672.266045823253
9672.266045823253
9672.266045823253
9672.266045823253
9672.266045823253
9672.266045823253
9672.266045823253
9672.266045823253
9672.266045823253
9672.266045823253
9672.266045823253
9672.266045823253
9672.266045823253
9672.266045823253
9672.266045823253
9672.266045823253
9672.266045823253
9672.266045823253
9672.266045823253
9672.266045823253
9672.266045823253
9672.266045823253
9672.266045823253
9672.266045823253
9672.266045823253
9672.266045823253
9672.266045823253
9672.266045823253
9672.266045823253
9672.266045823253
9672.266045823253
9672.266045823253
9672.266045823253
9672.266045823253
9672.266045823253
9672.266045823253
9672.266045823253
9672.266045823253
9672.266045823253
9672.266045823253
9672.266045823253
9672.266045823253
9672.266045823253
9672.266045823253
9672.266045823253
9672.266045823253
9672.266045823253
9672.266045823253
9672.266045823253
9672.266045823253
9672.266045823253
9672.266045823253
9672.266045823253
9672.266045823253
9672.266045823253
9672.266045823253
9672.266045823253
9672.266045823253
9672.266045823253
9672.266045823253
9672.266045823253
9672.266045823253
9672.266045823253
9672.266045823253
9672.266045823253
9672.266045823253
9672.266045823253
9672.266045823253
9672.266045823253
9672.266045823253
9672.266045823253
9672.266045823253
9672.266045823253
9672.266045823253
9672.266045823253
9672.266045823253
9672.266045823253
9672.266045823253
9672.266045823253
9672.266045823253
9672.266045823253
9672.266045823253
9672.266045823253
9672.266045823253
9672.266045823253
9672.266045823253
9672.266045823253
9672.266045823253
9672.266045823253
9672.266045823253
9672.266045823253
9672.266045823253
9672.266045823253
9672.266045823253
9672.266045823253
9672.266045823253
9672.266045823253
9672.266045823253
9672.266045823253
9672.266045823253
9672.266045823253
9672.266045823253
9672.266045823253
9672.266045823253
9672.266045823253
9672.266045823253
9672.266045823253
9672.266045823253
9672.266045823253
9672.266045823253
9672.266045823253
9672.266045823253
9672.266045823253
9672.266045823253
9672.266045823253
9672.266045823253
9672.266045823253
9672.266045823253
9672.266045823253
9672.266045823253
9672.266045823253
9672.266045823253
9672.266045823253
9672.266045823253
9672.266045823253
9672.266045823253
9672.266045823253
9672.266045823253
9672.266045823253
9672.266045823253
9672.266045823253
9672.266045823253
9672.266045823253
9672.266045823253
9672.266045823253
9672.266045823253
9672.266045823253
9672.266045823253
9672.266045823253
9672.266045823253
9672.266045823253
9672.266045823253
9672.266045823253
9672.266045823253
9672.266045823253
9672.266045823253
9672.266045823253
9672.266045823253
9672.266045823253
9672.266045823253
9672.266045823253
9672.266045823253
9672.266045823253
9672.266045823253
9672.266045823253
9672.266045823253
9672.266045823253
9672.266045823253
9672.266045823253
9672.266045823253
9672.266045823253
9672.266045823253
9672.266045823253
9672.266045823253
9672.266045823253
9672.266045823253
9672.266045823253
9672.266045823253
9672.266045823253
9672.266045823253
9672.266045823253
9672.266045823253
9672.266045823253
9672.266045823253
9672.266045823253
9672.266045823253
9672.266045823253
9672.266045823253
9672.266045823253
9672.266045823253
9672.266045823253
9672.266045823253
9672.266045823253
9672.266045823253
9672.266045823253
9672.266045823253
9672.266045823253
9672.266045823253
9672.266045823253
9672.266045823253
9672.266045823253
9672.266045823253
9672.266045823253
9672.266045823253
9672.266045823253
9672.266045823253
9672.266045823253
9672.266045823253
9672.266045823253
9672.266045823253
9672.266045823253
9672.266045823253
9672.266045823253
9672.266045823253
9672.266045823253
9672.266045823253
9672.266045823253
9672.266045823253
9672.266045823253
9672.266045823253
9672.266045823253
9672.266045823253
9672.266045823253
9672.266045823253
9672.266045823253
9672.266045823253
9672.266045823253
9672.266045823253
9672.266045823253
9672.266045823253
9672.266045823253
9672.266045823253
9672.266045823253
9672.266045823253
9672.266045823253
9672.266045823253
9672.266045823253
9672.266045823253
9672.266045823253
9672.266045823253
9672.266045823253
9672.266045823253
9672.266045823253
9672.266045823253
9672.266045823253
9672.266045823253
9672.266045823253
9672.266045823253
9672.266045823253
9672.266045823253
9672.266045823253
9672.266045823253
9672.266045823253
9672.266045823253
9672.266045823253
9672.266045823253
9672.266045823253
9672.266045823253
9672.266045823253
9672.266045823253
9672.266045823253
9672.266045823253
9672.266045823253
9672.266045823253
9672.266045823253
9672.266045823253
9672.266045823253
9672.266045823253
9672.266045823253
9672.266045823253
9672.266045823253
9672.266045823253
9672.266045823253
9672.266045823253
9672.266045823253
9672.266045823253
9672.266045823253
9672.266045823253
9672.266045823253
9672.266045823253
9672.266045823253
9672.266045823253
9672.266045823253
9672.266045823253
9672.266045823253
9672.266045823253
9672.266045823253
9672.266045823253
9672.266045823253
9672.266045823253
9672.266045823253
9672.266045823253
9672.266045823253
9672.266045823253
9672.266045823253
9672.266045823253
9672.266045823253
9672.266045823253
9672.266045823253
9672.266045823253
9672.266045823253
9672.266045823253
9672.266045823253
9672.266045823253
9672.266045823253
9672.266045823253
9672.266045823253
9672.266045823253
9672.266045823253
9672.266045823253
9672.266045823253
9672.266045823253
9672.266045823253
9672.266045823253
9672.266045823253
9672.266045823253
9672.266045823253
9672.266045823253
9672.266045823253
9672.266045823253
9672.266045823253
9672.266045823253
9672.266045823253
9672.266045823253
9672.266045823253
9672.266045823253
9672.266045823253
9672.266045823253
9672.266045823253
9672.266045823253
9672.266045823253
9672.266045823253
9672.266045823253
9672.266045823253
9672.266045823253
9672.266045823253
9672.266045823253
9672.266045823253
9672.266045823253
9672.266045823253
9672.266045823253
9672.266045823253
9672.266045823253
9672.266045823253
9672.266045823253
9672.266045823253
9672.266045823253
9672.266045823253
9672.266045823253
9672.266045823253
9672.266045823253
12717.897959958831
9672.266045823253
9672.266045823253
9672.266045823253
9672.266045823253
9672.266045823253
9672.266045823253
9672.266045823253
9672.266045823253
9672.266045823253
9672.266045823253
9672.266045823253
9672.266045823253
9672.266045823253
9672.266045823253
9672.266045823253
9672.266045823253
9672.266045823253
9672.266045823253
9672.266045823253
9672.266045823253
9672.266045823253
9672.266045823253
9672.266045823253
9672.266045823253
9672.266045823253
9672.266045823253
9672.266045823253
9672.266045823253
9672.266045823253
9581.857027959873
9581.857027959873
9557.599678394605
9557.599678394605
9557.599678394605
9557.599678394605
9557.599678394605
9557.599678394605
9557.599678394605
9672.266045823253
9672.266045823253
9557.599678394605
9557.599678394605
9557.599678394605
9557.599678394605
9557.599678394605
9557.599678394605
9557.599678394605
9581.857027959872
9557.599678394605
9557.599678394605
9557.599678394605
9557.599678394605
9557.599678394605
9557.599678394605
9557.599678394605
9557.599678394605
9557.599678394605
9557.599678394605
9557.599678394605
9557.599678394605
9472.631510271025
9557.599678394605
9557.599678394605
9557.599678394605
9557.599678394605
9557.599678394605
9557.599678394605
9557.599678394605
9557.599678394607
9557.599678394607
9557.599678394605
9557.599678394605
9557.599678394605
9557.599678394605
9557.599678394605
9557.599678394605
9557.599678394605
9557.599678394607
9557.599678394605
9557.599678394605
9557.599678394605
9557.599678394605
9557.599678394605
9557.599678394605
9557.599678394605
9557.599678394605
9557.599678394605
9557.599678394605
9557.599678394605
9472.631510271025
9472.631510271025
9472.631510271027
9472.631510271027
9472.631510271027
9472.631510271027
9472.631510271027
9472.631510271027
9472.631510271027
9472.631510271027
9472.631510271027
9472.631510271027
9472.631510271027
9472.631510271027
9472.631510271027
9472.631510271027
9472.631510271025
9472.631510271027
9472.631510271027
9472.631510271027
9472.631510271027
9472.631510271027
9472.631510271027
9472.631510271027
9472.631510271027
9472.631510271027
9472.631510271027
9472.631510271027
9472.631510271027
9472.631510271027
9472.631510271025
9472.631510271025
9472.631510271025
9472.631510271027
9472.631510271027
9472.631510271025
9472.631510271025
9472.631510271027
9472.631510271025
9472.631510271027
9472.631510271027
9472.631510271027
9472.631510271025
9472.631510271027
9472.631510271027
9472.631510271027
9472.631510271025
9472.631510271027
9472.631510271025
9472.631510271027
9472.631510271027
9472.631510271027
9472.631510271025
9472.631510271027
9472.631510271025
9472.631510271027
9472.631510271027
9472.631510271027
9472.631510271025
9472.631510271027
9472.631510271025
9472.631510271025
9472.631510271025
9472.631510271027
9472.631510271025
9472.631510271025
9472.631510271025
9472.631510271025
9472.631510271025
9472.631510271027
9472.631510271025
9472.631510271025
9472.631510271025
9472.631510271027
9472.631510271027
9472.631510271025
9472.631510271025
9472.631510271027
9472.631510271025
9472.631510271025
9472.631510271027
9472.631510271027
9472.631510271025
9472.631510271027
9472.631510271025
9472.631510271027
9472.631510271027
9472.631510271027
9472.631510271025
9472.631510271027
9472.631510271025
9472.631510271025
9472.631510271025
9472.631510271027
9472.631510271025
9472.631510271025
9472.631510271025
9472.631510271025
9472.631510271025
9472.631510271027
9472.631510271025
9472.631510271025
9472.631510271025
9472.631510271027
9472.631510271027
9472.631510271025
9472.631510271025
9472.631510271025
9472.631510271025
9472.631510271025
9472.631510271027
9472.631510271027
9472.631510271025
9472.631510271025
9472.631510271025
9472.631510271025
9472.631510271027
9472.631510271027
9472.631510271025
9472.631510271027
9516.7080114818
9472.631510271025
9472.631510271025
9472.631510271027
9472.631510271025
9472.631510271025
9472.631510271025
9472.631510271025
9472.631510271025
9472.631510271025
9472.631510271025
9472.631510271025
9472.631510271025
9472.631510271027
9472.631510271027
9472.631510271025
9472.631510271025
9472.631510271025
9472.631510271025
9472.631510271025
9472.631510271027
9472.631510271027
9472.631510271025
9472.631510271025
9472.631510271025
9472.631510271025
9472.631510271027
9472.631510271027
9472.631510271025
9472.631510271025
9472.631510271025
9472.631510271025
9472.631510271025
9472.631510271025
9472.631510271025
9472.631510271025
9472.631510271025
9472.631510271025
9472.631510271025
9472.631510271025
9472.631510271025
9472.631510271025
9472.631510271025
9472.631510271027
9472.631510271027
9472.631510271025
9472.631510271025
9472.631510271025
9472.631510271025
9472.631510271025
9472.631510271027
9472.631510271027
9472.631510271025
9472.631510271025
9472.631510271025
9472.631510271025
9472.631510271025
9472.631510271027
9472.631510271025
9472.631510271025
9472.631510271025
9472.631510271025
9472.631510271025
9472.631510271025
9472.631510271025
9472.631510271025
9472.631510271025
9472.631510271025
9472.631510271025
9472.631510271025
9472.631510271025
9472.631510271025
9472.631510271025
9472.631510271025
9472.631510271027
9472.631510271025
9472.631510271025
9472.631510271025
9472.631510271025
9472.631510271025
9472.631510271025
9472.631510271027
9472.631510271025
9472.631510271025
9472.631510271025
9472.631510271025
9472.631510271025
9472.631510271027
9472.631510271025
9472.631510271025
9472.631510271025
9472.631510271025
9472.631510271025
9472.631510271025
9472.631510271025
9472.631510271025
9472.631510271025
9472.631510271025
9472.631510271025
9472.631510271025
9472.631510271025
9472.631510271025
9472.631510271025
9472.631510271025
9472.631510271025
9472.631510271025
9472.631510271025
9472.631510271025
9472.631510271025
9472.631510271025
9472.631510271025
9472.631510271025
9472.631510271025
9472.631510271025
9472.631510271025
9472.631510271025
9472.631510271025
9472.631510271027
9472.631510271025
9472.631510271025
9472.631510271025
9472.631510271025
9472.631510271025
9472.631510271025
9472.631510271025
9472.631510271025
9472.631510271025
9472.631510271025
9472.631510271025
9472.631510271025
9472.631510271025
9472.631510271025
9472.631510271025
9472.631510271025
9472.631510271025
9472.631510271025
9472.631510271025
9472.631510271025
9472.631510271025
9472.631510271025
9472.631510271025
9472.631510271025
9472.631510271025
9472.631510271025
9472.631510271025
9472.631510271025
9472.631510271025
9472.631510271027
9472.631510271025
9472.631510271025
9472.631510271025
9472.631510271025
9472.631510271025
9472.631510271025
9472.631510271025
9472.631510271025
9472.631510271025
9472.631510271025
9472.631510271025
9472.631510271025
9472.631510271025
9472.631510271025
9472.631510271025
9472.631510271025
9472.631510271025
9472.631510271025
9472.631510271025
9472.631510271025
9472.631510271025
9472.631510271025
9472.631510271025
9472.631510271025
9472.631510271025
9472.631510271025
9472.631510271025
9472.631510271025
9472.631510271025
9472.631510271025
9472.631510271025
9472.631510271025
9472.631510271025
9472.631510271025
9472.631510271025
9472.631510271025
9472.631510271025
9472.631510271025
9472.631510271025
9472.631510271025
9472.631510271025
9472.631510271025
9472.631510271025
9472.631510271025
9472.631510271025
9472.631510271025
9472.631510271025
9472.631510271025
9472.631510271025
9472.631510271025
9472.631510271025
9472.631510271025
9472.631510271025
9472.631510271025
9472.631510271025
9472.631510271025
9472.631510271025
9472.631510271025
9472.631510271025
9472.631510271025
9472.631510271025
9472.631510271025
9472.631510271025
9472.631510271025
9472.631510271025
9472.631510271025
9472.631510271025
9472.631510271025
9472.631510271025
9472.631510271025
9472.631510271025
9472.631510271025
9472.631510271025
9472.631510271025
9472.631510271025
9472.631510271025
9472.631510271025
9472.631510271025
9472.631510271025
9472.631510271025
9472.631510271025
9472.631510271025
9472.631510271025
9472.631510271025
9472.631510271025
9472.631510271025
9472.631510271025
9472.631510271025
9472.631510271025
9472.631510271025
9472.631510271025
9472.631510271025
10317.773144193012
9472.631510271025
9472.631510271025
9472.631510271025
9472.631510271025
9472.631510271025
9472.631510271025
9472.631510271025
9472.631510271025
9472.631510271025
9472.631510271025
9472.631510271025
9472.631510271025
9472.631510271025
9472.631510271025
9472.631510271025
9472.631510271025
9472.631510271025
9472.631510271025
9472.631510271025
9472.631510271025
9472.631510271025
9472.631510271025
9472.631510271025
9472.631510271025
9472.631510271025
9472.631510271025
9472.631510271025
9472.631510271025
9472.631510271025
9472.631510271025
9472.631510271025
9472.631510271025
9472.631510271025
9472.631510271025
9472.631510271025
9472.631510271025
9472.631510271025
9472.631510271025
9472.631510271025
9472.631510271025
9472.631510271025
9472.631510271025
9472.631510271025
9472.631510271025
9472.631510271025
9472.631510271025
9472.631510271025
9472.631510271025
9472.631510271025
9472.631510271025
9472.631510271025
9472.631510271025
9472.631510271025
9472.631510271025
9472.631510271025
9472.631510271025
9472.631510271025
9472.631510271025
9472.631510271025
9472.631510271025
9472.631510271025
9472.631510271025
9472.631510271025
9472.631510271025
9472.631510271025
9472.631510271025
9472.631510271025
9472.631510271025
9472.631510271025
9472.631510271025
9472.631510271025
9472.631510271025
9472.631510271025
9472.631510271025
9472.631510271025
9472.631510271025
9472.631510271025
9472.631510271025
9472.631510271025
9472.631510271025
9472.631510271025
9472.631510271025
9472.631510271025
9472.631510271025
9472.631510271025
9472.631510271025
9472.631510271025
9472.631510271025
9472.631510271025
9472.631510271025
9472.631510271025
9472.631510271025
9472.631510271025
9472.631510271025
9472.631510271025
9472.631510271025
9472.631510271025
9472.631510271025
9472.631510271025
9472.631510271025
9472.631510271025
9472.631510271025
9472.631510271025
9472.631510271025
9472.631510271025
9472.631510271025
9472.631510271025
9472.631510271025
9472.631510271025
9472.631510271025
9472.631510271025
9472.631510271025
9472.631510271025
9472.631510271025
9472.631510271025
9472.631510271025
9472.631510271025
9472.631510271025
9472.631510271025
9472.631510271025
9472.631510271025
9472.631510271025
9472.631510271025
9472.631510271025
9472.631510271025
9472.631510271025
9472.631510271025
9472.631510271025
9472.631510271025
9472.631510271025
9472.631510271025
9472.631510271025
9472.631510271025
9472.631510271025
9472.631510271025
9472.631510271025
9472.631510271025
9472.631510271025
9472.631510271025
9472.631510271025
9472.631510271025
9472.631510271025
9472.631510271025
9472.631510271025
9472.631510271025
9472.631510271025
9472.631510271025
9472.631510271025
9472.631510271025
9472.631510271025
9472.631510271025
9472.631510271025
9472.631510271025
9472.631510271025
9472.631510271025
9472.631510271025
9472.631510271025
9472.631510271025
9472.631510271025
9472.631510271025
9472.631510271025
9472.631510271025
9472.631510271025
9472.631510271025
9472.631510271025
9472.631510271025
9472.631510271025
9472.631510271025
9472.631510271025
9472.631510271025
9472.631510271025
9472.631510271025
9472.631510271025
9472.631510271025
9472.631510271025
9472.631510271025
9472.631510271025
9472.631510271025
9472.631510271025
9472.631510271025
9472.631510271025
9472.631510271025
9472.631510271025
9472.631510271025
9472.631510271025
9472.631510271025
9472.631510271025
9472.631510271025
9472.631510271025
9472.631510271025
9472.631510271025
9472.631510271025
9472.631510271025
9472.631510271025
9472.631510271025
9472.631510271025
9472.631510271025
9472.631510271025
9472.631510271025
9472.631510271025
9472.631510271025
9472.631510271025
9472.631510271025
9472.631510271025
9472.631510271025
9472.631510271025
9472.631510271025
9472.631510271025
9472.631510271025
9472.631510271025
9472.631510271025
9472.631510271025
9472.631510271025
9472.631510271025
9472.631510271025
9472.631510271025
9472.631510271025
9472.631510271025
9472.631510271025
9472.631510271025
9472.631510271025
9472.631510271025
9472.631510271025
9472.631510271025
9472.631510271025
9472.631510271025
9472.631510271025
9472.631510271025
9472.631510271025
9472.631510271025
9472.631510271025
9472.631510271025
9472.631510271025
9472.631510271025
9472.631510271025
9472.631510271025
9472.631510271025
9472.631510271025
9472.631510271025
9472.631510271025
9472.631510271025
9472.631510271025
9472.631510271025
9472.631510271025
9472.631510271025
9472.631510271025
9472.631510271025
9472.631510271025
9472.631510271025
9472.631510271025
9472.631510271025
9472.631510271025
9472.631510271025
9472.631510271025
9472.631510271025
9472.631510271025
9472.631510271025
9472.631510271025
9472.631510271025
9472.631510271025
9472.631510271025
9472.631510271025
9472.631510271025
9472.631510271025
9472.631510271025
9472.631510271025
9472.631510271025
9472.631510271025
9472.631510271025
9472.631510271025
9472.631510271025
9472.631510271025
9472.631510271025
9472.631510271025
9472.631510271025
9472.631510271025
9472.631510271025
9472.631510271025
9472.631510271025
9472.631510271025
9472.631510271025
9472.631510271025
9472.631510271025
9472.631510271025
9472.631510271025
9472.631510271025
9472.631510271025
9472.631510271025
9472.631510271025
9472.631510271025
9472.631510271025
9472.631510271025
9472.631510271025
9472.631510271025
9472.631510271025
9472.631510271025
9472.631510271025
9472.631510271025
9472.631510271025
9472.631510271025
9472.631510271025
9472.631510271025
9472.631510271025
9472.631510271025
9472.631510271025
9472.631510271025
9472.631510271025
9472.631510271025
9472.631510271025
9472.631510271025
9472.631510271025
9472.631510271025
9472.631510271025
9472.631510271025
9472.631510271025
9472.631510271025
9472.631510271025
9472.631510271025
9472.631510271025
9472.631510271025
9472.631510271025
9472.631510271025
9472.631510271025
9472.631510271025
9472.631510271025
9472.631510271025
9472.631510271025
9472.631510271025
9472.631510271025
9472.631510271025
9472.631510271025
9472.631510271025
9472.631510271025
9472.631510271025
9472.631510271025
9472.631510271025
9472.631510271025
9472.631510271025
9472.631510271025
9472.631510271025
9472.631510271025
9472.631510271025
9472.631510271025
9472.631510271025
9472.631510271025
9472.631510271025
9472.631510271025
9472.631510271025
9472.631510271025
9472.631510271025
9472.631510271025
9472.631510271025
9472.631510271025
9472.631510271025
9472.631510271025
9472.631510271025
9472.631510271025
9472.631510271025
9472.631510271025
9472.631510271025
9472.631510271025
9472.631510271025
9472.631510271025
9472.631510271025
9472.631510271025
9472.631510271025
9472.631510271025
9472.631510271025
9472.631510271025
9472.631510271025
9472.631510271025
9472.631510271025
9472.631510271025
9472.631510271025
9472.631510271025
9472.631510271025
9472.631510271025
9472.631510271025
9472.631510271025
9472.631510271025
9472.631510271025
9472.631510271025
9472.631510271025
9472.631510271025
9472.631510271025
9472.631510271025
9472.631510271025
9472.631510271025
9472.631510271025
9472.631510271025
9472.631510271025
9472.631510271025
9472.631510271025
9472.631510271025
9472.631510271025
9472.631510271025
9472.631510271025
9472.631510271025
9472.631510271025
9472.631510271025
9472.631510271025
9472.631510271025
9472.631510271025
9472.631510271025
9472.631510271025
9472.631510271025
9472.631510271025
9472.631510271025
9472.631510271025
9472.631510271025
9472.631510271025
9472.631510271025
9472.631510271025
9472.631510271025
9472.631510271025
9472.631510271025
9472.631510271025
9472.631510271025
9472.631510271025
9472.631510271025
9472.631510271025
9472.631510271025
9472.631510271025
9472.631510271025
9472.631510271025
9472.631510271025
9472.631510271025
9472.631510271025
9472.631510271025
9472.631510271025
9472.631510271025
9472.631510271025
9472.631510271025
9472.631510271025
9472.631510271025
9472.631510271025
9472.631510271025
9472.631510271025
9472.631510271025
9472.631510271025
9472.631510271025
9472.631510271025
9472.631510271025
9472.631510271025
9472.631510271025
9472.631510271025
9472.631510271025
9472.631510271025
9472.631510271025
9472.631510271025
9472.631510271025
9472.631510271025
9472.631510271025
9472.631510271025
9472.631510271025
9472.631510271025
9472.631510271025
9472.631510271025
9472.631510271025
9472.631510271025
9472.631510271025
9472.631510271025
9472.631510271025
9472.631510271025
9472.631510271025
9472.631510271025
9472.631510271025
9472.631510271025
9472.631510271025
9472.631510271025
9472.631510271025
9472.631510271025
9472.631510271025
9472.631510271025
9472.631510271025
9472.631510271025
9472.631510271025
9472.631510271025
9472.631510271025
9472.631510271025
9472.631510271025
9472.631510271025
9472.631510271025
9472.631510271025
9472.631510271025
9472.631510271025
9472.631510271025
9472.631510271025
9472.631510271025
9472.631510271025
9472.631510271025
9472.631510271025
9472.631510271025
9472.631510271025
9472.631510271025
9472.631510271025
9472.631510271025
9472.631510271025
9472.631510271025
9472.631510271025
9472.631510271025
9472.631510271025
9472.631510271025
9472.631510271025
9472.631510271025
9472.631510271025
9472.631510271025
9472.631510271025
9472.631510271025
9472.631510271025
9472.631510271025
9472.631510271025
9472.631510271025
9472.631510271025
9472.631510271025
9472.631510271025
9472.631510271025
9472.631510271025
9472.631510271025
9472.631510271025
9472.631510271025
9472.631510271025
9472.631510271025
9472.631510271025
9472.631510271025
9472.631510271025
9472.631510271025
9472.631510271025
9472.631510271025
9472.631510271025
9472.631510271025
9472.631510271025
9472.631510271025
9472.631510271025
9472.631510271025
9472.631510271025
9472.631510271025
9472.631510271025
9472.631510271025
9472.631510271025
9472.631510271025
9472.631510271025
9472.631510271025
9472.631510271025
9472.631510271025
9472.631510271025
9472.631510271025
9472.631510271025
9472.631510271025
9472.631510271025
9472.631510271025
9472.631510271025
9472.631510271025
9472.631510271025
9472.631510271025
9472.631510271025
9472.631510271025
9472.631510271025
9472.631510271025
9472.631510271025
9472.631510271025
9472.631510271025
9472.631510271025
9472.631510271025
9472.631510271025
9472.631510271025
9472.631510271025
9472.631510271025
9472.631510271025
9472.631510271025
9472.631510271025
9472.631510271025
9472.631510271025
9472.631510271025
9472.631510271025
9472.631510271025
9472.631510271025
9472.631510271025
9472.631510271025
9472.631510271025
9472.631510271025
9472.631510271025
9472.631510271025
9472.631510271025
9472.631510271025
9472.631510271025
9472.631510271025
9472.631510271025
9472.631510271025
9472.631510271025
9472.631510271025
9472.631510271025
9472.631510271025
9472.631510271025
9472.631510271025
9472.631510271025
9472.631510271025
9472.631510271025
9472.631510271025
9472.631510271025
9472.631510271025
9472.631510271025
9472.631510271025
9472.631510271025
9472.631510271025
9472.631510271025
9472.631510271025
9472.631510271025
9472.631510271025
9472.631510271025
9472.631510271025
9472.631510271025
9472.631510271025
9472.631510271025
9472.631510271025
9472.631510271025
9472.631510271025
9472.631510271025
9472.631510271025
9472.631510271025
9472.631510271025
9472.631510271025
9472.631510271025
9472.631510271025
9472.631510271025
9472.631510271025
9472.631510271025
9472.631510271025
9472.631510271025
9472.631510271025
9472.631510271025
9472.631510271025
9472.631510271025
9472.631510271025
9472.631510271025
9472.631510271025
9472.631510271025
9472.631510271025
9472.631510271025
9472.631510271025
9472.631510271025
9472.631510271025
9472.631510271025
9472.631510271025
9472.631510271025
9472.631510271025
9472.631510271025
9472.631510271025
9472.631510271025
9472.631510271025
9472.631510271025
9472.631510271025
9472.631510271025
9472.631510271025
9472.631510271025
9472.631510271025
9472.631510271025
9472.631510271025
9472.631510271025
14094.298559133076
