6.99
21
25123.416123521773
26214.459619206733
23492.72232994597
26588.243983420198
28540.47270801194
25088.110032796198
25657.328657867296
26485.788413503295
29117.66575777514
27820.133908674074
27018.34427865134
26236.154838739574
25586.493744851738
25606.75858980559
24792.907580890118
24651.057816860575
28814.551320272545
28248.617891645805
26830.496665734823
27204.05180947394
27146.308205529353
20593.00687673475
20861.987366950765
22066.64444350561
20593.00687673475
23601.5431392602
24673.764989510277
21984.47285138688
22565.7846408663
22749.546972210635
20578.656121495573
24206.86448531784
23013.74270312451
22507.248716064405
19983.383887413318
23043.69532544104
22762.071902103442
21469.323930693292
24242.922847137015
23748.111219822735
23882.706618958942
24207.345775968108
23653.507301716232
17880.002786673926
18493.98301551022
19558.945670499117
17269.482651152994
20528.54725432265
19585.357426646326
20075.584617506447
19935.100534368336
19585.357426646326
18848.190651778314
21032.127268280252
20671.302887967893
20753.51928777417
17880.002786673926
23043.69532544104
17852.12272325313
18347.477430811567
21686.02568331958
20971.947238228637
22638.6241071642
17852.12272325313
21272.518756732185
16010.423966002774
16045.102175176273
17670.97270130286
16010.423966002774
17572.952426161777
16010.423966002774
18242.343188743474
16010.423966002774
16010.423966002774
16010.423966002774
19387.91077730317
18693.686337903848
19059.728095142196
16607.48098700211
21286.40247205735
15750.169977692749
17574.6380823714
19270.969372498184
16010.423966002774
20386.800376042997
15039.663976551954
19965.279657203268
15039.663976551954
14857.90523957538
16163.072800260903
15039.663976551954
15896.665598592743
15535.66229463041
15039.663976551954
15535.66229463041
15535.66229463041
15535.66229463041
17985.483142133144
17102.06560218677
18221.322895718942
14647.713120342312
19922.280841353582
14499.952568476805
16833.27353445145
15039.663976551954
15535.66229463041
15039.663976551954
15039.663976551954
18707.47199953697
13976.645457635805
14499.952568476805
15179.67080331866
14924.277012500375
14499.952568476805
14499.952568476805
14358.938531204049
15052.592100409662
15052.592100409662
14499.952568476805
14499.952568476805
15997.196484828597
17482.02854367412
14499.952568476805
18830.4078492005
13976.645457635805
16222.280767128133
14924.277012500375
15098.220409494623
13976.645457635805
13926.711106100876
13976.645457635805
13655.471349320114
13926.711106100878
14467.51181842712
13926.711106100878
13869.071243934935
13976.645457635805
13835.63142036305
14428.163023939633
13926.711106100878
13976.645457635805
13926.711106100878
15094.789638509515
16409.606775901946
13926.711106100878
13926.711106100878
13631.797617160766
13926.711106100878
13926.711106100878
13926.711106100878
13631.797617160766
13655.471349320114
13631.797617160766
13631.797617160766
13631.797617160766
13631.797617160766
13631.797617160766
13090.808149891976
13631.797617160766
13398.18953522726
13631.797617160766
13581.863265625838
13631.797617160766
13631.797617160766
13489.968206693595
16409.606775901946
13631.797617160766
13631.797617160766
13631.797617160766
13581.863265625838
13926.711106100878
13631.797617160766
13247.979507149304
13310.623508845076
13247.979507149304
12888.166665071672
13090.808149891976
12976.739750368542
13090.808149891976
12888.166665071672
12888.166665071674
12888.166665071674
12888.166665071674
12888.166665071674
12888.166665071674
12888.166665071674
12888.166665071674
15758.386950464983
12888.166665071674
13247.979507149304
12888.166665071674
12888.166665071674
13926.711106100878
12888.166665071674
12923.653290119048
12986.297291814817
12888.166665071674
12364.859554230672
12888.166665071674
12582.294766337041
12888.166665071674
12364.859554230672
12364.859554230674
12364.859554230674
12364.859554230674
12888.166665071672
12364.859554230674
12364.859554230674
12364.859554230674
15153.704418627181
12364.859554230674
12364.859554230674
12364.859554230674
12364.859554230674
12364.859554230674
12364.859554230674
12364.859554230674
12364.859554230674
12364.859554230674
12040.533337200413
12364.859554230674
12364.859554230674
12364.859554230674
12040.533337200413
12040.533337200419
12040.533337200419
12040.533337200419
12040.533337200419
12040.533337200419
12364.859554230674
12040.533337200419
12040.533337200419
12040.533337200419
12040.533337200419
12040.533337200419
12040.533337200419
12040.533337200419
12040.533337200419
12040.533337200419
12040.533337200419
12040.533337200419
12040.533337200413
12040.533337200419
12040.533337200419
12040.533337200419
12040.533337200413
12040.533337200419
11859.234476361455
11859.234476361455
12040.533337200419
12040.533337200417
12364.859554230674
12040.533337200417
12040.533337200417
11859.234476361455
11859.234476361455
11859.234476361455
12040.533337200419
12040.533337200419
11859.234476361455
12040.533337200419
12040.533337200419
12040.533337200417
12797.174994044306
11859.234476361455
11859.234476361455
11859.234476361455
11859.234476361453
11859.234476361455
11859.234476361455
11640.06858447382
12040.533337200419
12040.533337200417
12040.533337200419
12040.533337200417
12040.533337200417
11640.06858447382
11859.234476361455
11859.234476361455
12040.533337200417
11859.234476361455
11859.234476361455
12040.533337200419
11859.234476361455
11859.234476361456
11498.932371074028
11640.068584473818
11640.06858447382
11640.068584473818
11640.068584473818
11640.068584473818
11640.06858447382
11498.932371074028
11859.234476361455
11859.234476361456
11498.932371074028
11498.932371074028
11859.234476361456
11498.932371074028
11498.932371074028
11498.932371074028
11498.932371074028
11498.932371074028
11498.932371074028
11498.932371074028
11498.932371074028
11498.932371074028
11498.932371074028
11498.932371074028
11498.932371074028
11498.932371074028
11498.932371074028
11498.932371074028
11498.932371074028
11498.932371074028
11498.932371074028
11498.932371074028
11300.356248584896
11300.356248584896
11498.932371074028
11498.932371074028
11300.356248584896
11498.932371074028
11300.356248584896
11300.356248584896
11498.932371074026
11300.356248584896
11498.932371074028
11498.932371074028
11300.356248584896
11300.356248584896
11300.356248584896
11300.356248584896
11300.356248584896
11300.356248584896
11300.356248584896
11300.356248584898
11300.356248584896
11300.356248584896
11300.356248584896
11172.561099105693
11300.356248584896
11300.356248584896
11300.356248584896
11300.356248584896
11300.356248584896
11300.356248584896
11300.356248584896
11300.356248584896
11300.356248584896
11498.932371074028
11172.561099105693
11172.561099105693
11172.561099105693
11172.561099105693
11172.561099105693
11172.561099105693
11172.561099105693
11172.561099105693
11172.561099105693
11172.561099105693
11172.561099105693
11172.561099105693
11172.561099105693
11172.561099105693
11172.561099105693
11172.561099105693
11172.561099105693
11172.561099105693
11172.561099105693
11172.561099105693
11172.561099105693
11172.561099105693
11059.647505650266
11172.561099105693
11172.561099105693
11059.647505650266
11059.647505650266
11172.561099105693
11172.561099105693
11059.647505650266
11172.561099105693
11059.647505650266
11172.561099105693
11059.647505650266
11059.647505650266
11059.647505650266
11059.647505650266
11172.561099105693
11059.647505650266
11059.647505650266
11059.647505650266
11059.647505650266
11059.647505650266
11059.647505650266
11001.547391531942
11059.647505650266
11059.647505650266
11001.547391531942
11059.647505650266
11059.647505650266
11059.647505650266
11059.647505650266
11059.647505650266
11059.647505650266
11059.647505650266
11001.547391531942
11001.547391531942
11001.547391531942
11001.547391531942
11001.547391531942
11001.547391531942
11001.547391531942
11001.547391531942
11001.547391531942
11001.547391531942
11001.547391531942
11001.547391531942
11001.547391531942
11001.547391531942
11001.547391531942
11001.547391531942
11001.547391531942
11001.547391531942
11001.547391531942
11001.547391531942
11001.547391531942
11001.547391531942
11001.547391531942
11001.547391531942
11001.547391531942
10991.966825812171
11001.547391531942
10991.966825812171
11001.547391531942
11001.547391531942
11001.547391531942
11001.547391531942
11001.547391531942
10991.966825812171
10991.966825812171
10991.966825812173
10991.966825812173
10991.966825812173
10991.966825812173
10991.966825812173
10991.966825812173
10991.966825812171
10991.966825812171
10991.966825812173
10991.966825812173
10991.966825812173
10991.966825812173
10991.966825812171
10991.966825812173
10991.966825812171
10991.966825812173
10991.966825812173
10991.966825812173
10991.966825812171
10991.966825812173
10991.966825812171
10944.011073935317
10991.966825812173
10991.966825812173
10944.01107393532
10991.966825812173
10991.966825812173
10991.966825812173
10991.966825812171
10991.966825812171
10944.01107393532
10991.966825812173
10991.966825812173
10991.966825812173
10991.966825812171
10991.966825812173
10944.011073935317
10991.966825812173
10991.966825812173
10944.01107393532
10991.966825812171
10991.966825812173
10944.011073935317
10944.011073935317
10944.01107393532
10944.01107393532
10944.01107393532
10944.01107393532
10991.966825812173
10944.01107393532
10944.011073935317
10944.011073935317
10587.415872118941
10944.01107393532
10944.01107393532
10944.01107393532
10944.01107393532
10944.01107393532
10944.011073935317
10944.01107393532
10944.01107393532
10587.415872118941
10944.01107393532
10944.01107393532
10538.100046415435
10587.41587211894
10587.41587211894
10587.41587211894
10587.41587211894
10538.100046415435
10587.41587211894
10587.41587211894
10587.41587211894
10587.41587211894
10538.100046415435
10538.100046415433
10538.100046415433
10587.415872118941
10587.415872118941
10538.100046415433
10538.100046415433
10538.100046415433
10538.100046415433
10587.415872118941
10538.100046415433
10538.100046415433
10476.695244628163
10538.100046415433
10538.100046415433
10526.011070331668
10538.100046415433
10538.100046415433
10526.011070331668
10538.100046415433
10538.100046415433
10526.01107033167
10538.100046415433
10476.695244628163
10476.695244628163
10476.695244628163
10476.695244628163
10476.695244628163
10476.695244628163
10476.695244628163
10538.100046415433
10476.695244628163
10476.695244628163
10476.695244628163
10476.695244628163
10476.695244628163
10476.695244628163
10476.695244628163
10476.695244628163
10476.695244628163
10526.011070331668
10476.695244628163
10476.695244628163
10492.679864211683
10476.695244628163
10476.695244628163
10476.695244628163
10476.695244628163
10443.364038508176
10443.364038508176
10443.364038508176
10476.695244628163
10476.695244628163
10476.695244628163
10476.695244628163
10476.695244628163
10443.364038508174
10443.364038508174
10443.364038508174
10443.364038508174
10443.364038508174
10443.364038508174
10476.695244628163
10443.364038508174
10443.364038508174
10443.364038508174
10443.364038508174
10443.364038508174
10443.364038508174
10443.364038508174
10443.364038508174
10443.364038508174
10443.364038508174
10476.695244628163
10443.364038508174
10443.364038508174
10443.364038508174
10443.364038508174
10443.364038508174
10443.364038508174
10443.364038508174
10443.364038508174
10443.364038508174
10443.364038508174
10443.364038508174
10443.364038508174
10443.364038508174
10443.364038508174
10443.364038508174
10443.364038508174
10443.364038508174
10443.364038508174
10443.364038508174
10443.364038508174
10443.364038508174
10443.364038508174
10443.364038508174
10443.364038508174
10443.364038508174
10443.364038508174
10443.364038508174
10443.364038508174
10443.364038508174
10443.364038508174
10443.364038508174
10443.364038508174
10443.364038508174
10443.364038508174
10443.364038508174
10443.364038508174
10443.364038508174
10443.364038508174
10443.364038508174
10443.364038508174
10443.364038508174
10443.364038508174
10443.364038508174
10443.364038508174
10443.364038508174
10443.364038508174
10443.364038508174
10443.364038508174
10447.063173776645
10443.364038508174
10443.364038508174
10443.364038508174
10443.364038508174
10443.364038508174
10443.364038508174
10443.364038508174
10443.364038508174
10443.364038508174
10443.364038508174
10443.364038508174
10443.364038508174
10443.364038508174
10443.364038508174
10443.364038508174
10443.364038508174
10443.364038508174
10443.364038508174
10443.364038508174
10443.364038508174
10443.364038508174
10443.364038508174
10443.364038508174
10443.364038508174
10443.364038508174
10443.364038508174
10443.364038508174
10443.364038508174
10443.364038508174
10443.364038508174
10443.364038508174
10443.364038508174
10443.364038508174
10443.364038508174
10443.364038508174
10443.364038508174
10443.364038508174
10443.364038508174
10443.364038508174
10443.364038508174
10443.364038508174
10443.364038508174
10443.364038508174
10443.364038508174
10443.364038508174
10443.364038508174
10443.364038508174
10443.364038508174
10443.364038508174
10443.364038508174
10443.364038508174
10443.364038508174
10443.364038508174
10443.364038508174
10443.364038508174
10443.364038508174
10443.364038508174
10443.364038508174
10443.364038508174
10443.364038508174
10443.364038508174
10443.364038508174
10443.364038508174
10443.364038508174
10443.364038508174
10443.364038508174
10443.364038508174
10443.364038508174
10443.364038508174
10443.364038508174
10443.364038508174
10443.364038508174
10443.364038508174
10443.364038508174
10443.364038508174
10443.364038508174
10443.364038508174
10443.364038508174
10443.364038508174
10443.364038508174
10443.364038508174
10443.364038508174
10443.364038508174
10443.364038508174
10443.364038508174
10443.364038508174
10443.364038508174
10443.364038508174
10443.364038508174
10443.364038508174
10443.364038508174
10443.364038508174
10443.364038508174
10443.364038508174
10443.364038508174
10443.364038508174
10443.364038508174
10443.364038508174
10443.364038508174
10443.364038508174
10443.364038508174
10443.364038508174
10443.364038508174
10443.364038508174
10443.364038508174
10443.364038508174
10443.364038508174
10443.364038508174
10443.364038508174
10443.364038508174
10443.364038508174
10443.364038508174
10443.364038508174
10443.364038508174
10443.364038508174
10443.364038508174
10443.364038508174
10443.364038508174
10443.364038508174
10443.364038508174
10443.364038508174
10443.364038508174
10443.364038508174
10443.364038508174
10443.364038508174
10443.364038508174
10443.364038508174
10443.364038508174
10443.364038508174
10443.364038508174
10443.364038508174
10447.063173776647
10443.364038508174
10443.364038508174
10443.364038508174
10443.364038508174
10443.364038508174
10443.364038508174
10443.364038508174
10443.364038508174
10443.364038508174
10443.364038508174
10443.364038508174
10443.364038508174
10443.364038508174
10443.364038508174
10443.364038508174
10443.364038508174
10443.364038508174
10443.364038508174
10443.364038508174
10443.364038508174
10443.364038508174
10443.364038508174
10443.364038508174
10443.364038508174
10443.364038508174
10443.364038508174
10443.364038508174
10443.364038508174
10443.364038508174
10443.364038508174
10443.364038508174
10443.364038508174
10443.364038508174
10443.364038508174
10443.364038508174
10443.364038508174
10443.364038508174
10443.364038508174
10443.364038508174
10443.364038508174
10443.364038508174
10443.364038508174
10443.364038508174
10443.364038508174
10443.364038508174
10443.364038508174
10443.364038508174
10443.364038508174
10443.364038508174
10443.364038508174
10443.364038508174
10443.364038508174
10443.364038508174
10443.364038508174
10443.364038508174
10443.364038508174
10443.364038508174
10443.364038508174
10443.364038508174
10443.364038508174
10443.364038508174
10443.364038508174
10443.364038508174
10443.364038508174
10443.364038508174
10443.364038508174
10443.364038508174
10443.364038508174
10443.364038508174
10443.364038508174
10443.364038508174
10443.364038508174
10443.364038508174
10443.364038508174
10443.364038508174
10443.364038508174
10443.364038508174
10443.364038508174
10443.364038508174
10443.364038508174
10443.364038508174
10443.364038508174
10443.364038508174
10443.364038508174
10443.364038508174
10443.364038508174
10443.364038508174
10443.364038508174
10443.364038508174
10443.364038508174
10443.364038508174
10443.364038508174
10443.364038508174
10443.364038508174
10443.364038508174
10443.364038508174
10443.364038508174
10443.364038508174
10443.364038508174
10443.364038508174
10443.364038508174
10443.364038508174
10443.364038508174
10443.364038508174
10443.364038508174
10443.364038508174
10443.364038508174
10443.364038508174
10443.364038508174
10443.364038508174
10443.364038508174
10443.364038508174
10443.364038508174
10443.364038508174
10443.364038508174
10443.364038508174
10443.364038508174
10443.364038508174
10443.364038508174
10443.364038508174
10443.364038508174
10443.364038508174
10443.364038508174
10443.364038508174
10443.364038508174
10443.364038508174
10443.364038508174
10443.364038508174
10443.364038508174
10443.364038508174
10443.364038508174
10443.364038508174
10443.364038508174
10443.364038508174
10443.364038508174
10443.364038508174
10443.364038508174
10443.364038508174
10443.364038508174
10443.364038508174
10443.364038508174
10443.364038508174
10443.364038508174
10443.364038508174
10443.364038508174
10443.364038508174
10443.364038508174
10443.364038508174
10443.364038508174
10443.364038508174
10443.364038508174
10443.364038508174
10443.364038508174
10447.063173776647
10443.364038508174
10443.364038508174
10443.364038508174
10443.364038508174
10443.364038508174
10443.364038508174
10443.364038508174
10443.364038508174
10443.364038508174
10443.364038508174
10443.364038508174
10443.364038508174
10443.364038508174
10443.364038508174
10443.364038508174
10443.364038508174
10443.364038508174
10443.364038508174
10443.364038508174
10443.364038508174
10443.364038508174
10443.364038508174
10443.364038508174
10443.364038508174
10443.364038508174
10443.364038508174
10443.364038508174
10443.364038508174
10443.364038508174
10443.364038508174
10443.364038508174
10443.364038508174
10443.364038508174
10443.364038508174
10443.364038508174
10443.364038508174
10443.364038508174
10443.364038508174
10443.364038508174
10443.364038508174
10443.364038508174
10443.364038508174
10443.364038508174
10443.364038508174
10443.364038508174
10443.364038508174
10443.364038508174
10443.364038508174
10443.364038508174
10443.364038508174
10443.364038508174
10443.364038508174
10443.364038508174
10443.364038508174
10443.364038508174
10443.364038508174
10443.364038508174
10443.364038508174
10443.364038508174
10443.364038508174
10443.364038508174
10443.364038508174
10443.364038508174
10443.364038508174
10443.364038508174
10443.364038508174
10443.364038508174
10443.364038508174
10443.364038508174
10443.364038508174
10443.364038508174
10443.364038508174
10443.364038508174
10443.364038508174
10443.364038508174
10443.364038508174
10443.364038508174
10443.364038508174
10443.364038508174
10443.364038508174
10443.364038508174
10443.364038508174
10443.364038508174
10443.364038508174
10443.364038508174
10443.364038508174
10443.364038508174
10443.364038508174
10443.364038508174
10443.364038508174
10443.364038508174
10443.364038508174
10443.364038508174
10443.364038508174
10443.364038508174
10443.364038508174
10443.364038508174
10443.364038508174
10443.364038508174
10443.364038508174
10443.364038508174
10443.364038508174
10443.364038508174
10443.364038508174
10443.364038508174
10443.364038508174
10443.364038508174
10443.364038508174
10443.364038508174
10443.364038508174
10443.364038508174
10443.364038508174
10443.364038508174
10443.364038508174
10443.364038508174
10443.364038508174
10443.364038508174
10443.364038508174
10443.364038508174
10443.364038508174
10443.364038508174
10443.364038508174
10443.364038508174
10443.364038508174
10443.364038508174
10443.364038508174
10443.364038508174
10443.364038508174
10443.364038508174
10443.364038508174
10443.364038508174
10443.364038508174
10443.364038508174
10443.364038508174
10443.364038508174
10443.364038508174
10443.364038508174
10443.364038508174
10443.364038508174
10443.364038508174
10443.364038508174
10443.364038508174
10443.364038508174
10443.364038508174
10443.364038508174
10443.364038508174
10443.364038508174
10443.364038508174
10443.364038508174
10443.364038508174
10443.364038508174
10443.364038508174
10443.364038508174
10443.364038508174
10443.364038508174
10443.364038508174
10443.364038508174
10443.364038508174
10443.364038508174
10443.364038508174
10443.364038508174
10443.364038508174
10443.364038508174
10443.364038508174
10443.364038508174
10443.364038508174
10443.364038508174
10443.364038508174
10443.364038508174
10443.364038508174
10443.364038508174
10443.364038508174
10443.364038508174
10443.364038508174
10443.364038508174
10443.364038508174
10443.364038508174
10443.364038508174
10443.364038508174
10443.364038508174
10443.364038508174
10443.364038508174
10443.364038508174
10443.364038508174
10443.364038508174
10443.364038508174
10443.364038508174
10443.364038508174
10443.364038508174
10443.364038508174
10443.364038508174
10443.364038508174
10443.364038508174
10443.364038508174
10443.364038508174
10443.364038508174
10443.364038508174
10443.364038508174
10443.364038508174
10443.364038508174
10443.364038508174
10443.364038508174
10443.364038508174
10443.364038508174
10443.364038508174
10443.364038508174
10443.364038508174
10443.364038508174
10443.364038508174
10443.364038508174
10443.364038508174
10443.364038508174
10443.364038508174
10443.364038508174
10443.364038508174
10443.364038508174
10443.364038508174
10443.364038508174
10443.364038508174
10443.364038508174
10443.364038508174
10443.364038508174
10443.364038508174
10443.364038508174
10443.364038508174
10443.364038508174
10443.364038508174
10443.364038508174
10443.364038508174
10443.364038508174
10443.364038508174
10443.364038508174
10443.364038508174
10443.364038508174
10443.364038508174
10443.364038508174
10443.364038508174
10443.364038508174
10443.364038508174
10443.364038508174
10443.364038508174
10443.364038508174
10443.364038508174
10443.364038508174
10443.364038508174
10443.364038508174
10443.364038508174
10443.364038508174
10443.364038508174
10443.364038508174
10443.364038508174
10443.364038508174
10443.364038508174
10443.364038508174
10443.364038508174
10443.364038508174
10443.364038508174
10443.364038508174
10443.364038508174
10443.364038508174
10443.364038508174
10443.364038508174
10443.364038508174
10443.364038508174
10443.364038508174
10443.364038508174
10443.364038508174
10443.364038508174
10443.364038508174
10443.364038508174
10443.364038508174
10443.364038508174
10443.364038508174
10443.364038508174
10443.364038508174
10443.364038508174
10443.364038508174
10443.364038508174
10443.364038508174
10443.364038508174
10443.364038508174
10443.364038508174
10443.364038508174
10443.364038508174
10443.364038508174
10443.364038508174
10443.364038508174
10443.364038508174
10443.364038508174
10443.364038508174
10443.364038508174
10443.364038508174
10443.364038508174
10443.364038508174
10443.364038508174
10443.364038508174
10443.364038508174
10443.364038508174
10443.364038508174
10443.364038508174
10443.364038508174
10443.364038508174
10443.364038508174
10443.364038508174
10443.364038508174
10443.364038508174
10443.364038508174
10443.364038508174
10443.364038508174
10443.364038508174
10443.364038508174
10443.364038508174
10443.364038508174
10443.364038508174
10443.364038508174
10443.364038508174
10443.364038508174
10443.364038508174
10443.364038508174
10443.364038508174
10443.364038508174
10443.364038508174
10443.364038508174
10443.364038508174
10443.364038508174
10443.364038508174
10443.364038508174
10443.364038508174
10443.364038508174
10443.364038508174
10443.364038508174
10443.364038508174
10443.364038508174
10443.364038508174
10443.364038508174
10443.364038508174
10443.364038508174
10443.364038508174
10443.364038508174
10443.364038508174
10443.364038508174
10443.364038508174
10443.364038508174
10443.364038508174
10443.364038508174
10443.364038508174
10443.364038508174
10443.364038508174
10443.364038508174
10443.364038508174
10443.364038508174
12836.498036689178
10443.364038508174
10443.364038508174
10443.364038508174
10443.364038508174
10443.364038508174
10443.364038508174
10443.364038508174
10443.364038508174
10443.364038508174
10443.364038508174
10443.364038508174
10443.364038508174
10443.364038508174
10443.364038508174
10443.364038508174
10443.364038508174
10443.364038508174
10443.364038508174
10443.364038508174
10443.364038508174
10443.364038508174
10443.364038508174
10443.364038508174
10443.364038508174
10443.364038508174
10443.364038508174
10443.364038508174
10443.364038508174
10443.364038508174
10443.364038508174
10443.364038508174
10443.364038508174
10443.364038508174
10443.364038508174
10443.364038508174
10443.364038508174
10443.364038508174
10443.364038508174
10443.364038508174
10443.364038508174
10443.364038508174
10443.364038508174
10443.364038508174
10443.364038508174
10443.364038508174
10443.364038508174
10443.364038508174
10443.364038508174
10443.364038508174
10443.364038508174
10443.364038508174
10443.364038508174
10443.364038508174
10443.364038508174
10443.364038508174
10443.364038508174
10443.364038508174
10443.364038508174
10443.364038508174
10443.364038508174
10443.364038508174
10443.364038508174
10443.364038508174
10443.364038508174
10443.364038508174
10443.364038508174
10443.364038508174
10443.364038508174
10443.364038508174
10443.364038508174
10443.364038508174
10443.364038508174
10443.364038508174
10443.364038508174
10443.364038508174
10443.364038508174
10443.364038508174
10443.364038508174
10443.364038508174
10443.364038508174
10443.364038508174
10443.364038508174
10443.364038508174
10443.364038508174
10443.364038508174
10443.364038508174
10443.364038508174
10443.364038508174
10443.364038508174
10443.364038508174
10443.364038508174
10443.364038508174
10443.364038508174
10443.364038508174
10443.364038508174
10443.364038508174
10443.364038508174
10443.364038508174
10443.364038508174
10443.364038508174
10443.364038508174
10443.364038508174
10443.364038508174
10443.364038508174
10443.364038508174
10443.364038508174
10443.364038508174
10443.364038508174
10443.364038508174
10443.364038508174
10443.364038508174
10443.364038508174
10443.364038508174
10443.364038508174
10443.364038508174
10443.364038508174
10443.364038508174
10443.364038508174
10443.364038508174
10443.364038508174
10443.364038508174
10443.364038508174
10443.364038508174
10443.364038508174
10443.364038508174
10443.364038508174
10443.364038508174
10443.364038508174
10443.364038508174
10443.364038508174
10443.364038508174
10443.364038508174
10443.364038508174
10443.364038508174
10443.364038508174
10443.364038508174
10443.364038508174
10443.364038508174
10443.364038508174
10443.364038508174
10443.364038508174
10443.364038508174
10443.364038508174
10443.364038508174
10443.364038508174
10443.364038508174
10443.364038508174
10443.364038508174
10443.364038508174
10443.364038508174
10443.364038508174
10443.364038508174
10443.364038508174
10443.364038508174
10443.364038508174
10443.364038508174
10443.364038508174
10443.364038508174
10443.364038508174
10443.364038508174
10443.364038508174
10443.364038508174
10443.364038508174
10443.364038508174
10443.364038508174
10443.364038508174
10443.364038508174
10443.364038508174
10443.364038508174
10443.364038508174
10443.364038508174
10443.364038508174
10443.364038508174
10443.364038508174
10443.364038508174
10443.364038508174
10443.364038508174
10443.364038508174
10443.364038508174
10443.364038508174
10443.364038508174
10443.364038508174
10443.364038508174
10443.364038508174
10443.364038508174
10443.364038508174
10443.364038508174
10443.364038508174
10443.364038508174
10443.364038508174
10443.364038508174
10443.364038508174
10443.364038508174
10443.364038508174
10443.364038508174
10443.364038508174
10443.364038508174
10443.364038508174
10443.364038508174
10443.364038508174
10443.364038508174
10443.364038508174
10443.364038508174
10443.364038508174
10443.364038508174
10443.364038508174
10443.364038508174
10443.364038508174
10443.364038508174
10443.364038508174
10443.364038508174
10443.364038508174
10443.364038508174
10443.364038508174
10443.364038508174
10443.364038508174
10443.364038508174
10443.364038508174
10443.364038508174
10443.364038508174
10443.364038508174
10443.364038508174
10443.364038508174
10443.364038508174
10443.364038508174
10443.364038508174
10443.364038508174
10443.364038508174
10443.364038508174
10443.364038508174
10443.364038508174
10443.364038508174
10443.364038508174
10443.364038508174
10443.364038508174
10443.364038508174
10443.364038508174
10443.364038508174
10443.364038508174
10443.364038508174
10443.364038508174
10443.364038508174
10443.364038508174
10443.364038508174
10443.364038508174
10443.364038508174
10443.364038508174
10443.364038508174
10443.364038508174
10443.364038508174
10443.364038508174
10443.364038508174
10443.364038508174
10443.364038508174
10443.364038508174
10443.364038508174
10443.364038508174
10443.364038508174
10443.364038508174
10443.364038508174
10443.364038508174
10443.364038508174
10443.364038508174
10443.364038508174
10443.364038508174
10443.364038508174
10443.364038508174
10443.364038508174
10443.364038508174
10443.364038508174
10443.364038508174
10443.364038508174
10443.364038508174
10443.364038508174
10443.364038508174
10443.364038508174
10443.364038508174
10443.364038508174
10443.364038508174
10443.364038508174
10443.364038508174
10443.364038508174
10443.364038508174
10443.364038508174
10443.364038508174
10443.364038508174
10443.364038508174
10443.364038508174
10443.364038508174
10443.364038508174
10443.364038508174
10443.364038508174
10443.364038508174
10443.364038508174
10443.364038508174
10443.364038508174
10443.364038508174
10443.364038508174
10443.364038508174
10443.364038508174
10443.364038508174
10443.364038508174
10443.364038508174
10443.364038508174
10443.364038508174
10443.364038508174
10443.364038508174
10443.364038508174
10443.364038508174
10443.364038508174
10443.364038508174
10443.364038508174
10443.364038508174
10443.364038508174
10443.364038508174
10443.364038508174
10443.364038508174
10443.364038508174
10443.364038508174
10443.364038508174
10443.364038508174
10443.364038508174
10443.364038508174
10443.364038508174
10443.364038508174
10443.364038508174
10443.364038508174
10443.364038508174
10443.364038508174
10443.364038508174
10443.364038508174
10443.364038508174
10443.364038508174
10443.364038508174
10443.364038508174
10443.364038508174
10443.364038508174
10443.364038508174
10443.364038508174
10443.364038508174
10443.364038508174
10443.364038508174
10443.364038508174
10443.364038508174
10443.364038508174
10443.364038508174
10443.364038508174
10443.364038508174
10443.364038508174
10443.364038508174
10443.364038508174
10443.364038508174
10443.364038508174
10443.364038508174
10443.364038508174
10443.364038508174
10443.364038508174
10443.364038508174
10443.364038508174
10443.364038508174
10443.364038508174
10443.364038508174
10443.364038508174
10443.364038508174
10443.364038508174
10443.364038508174
10443.364038508174
10443.364038508174
10443.364038508174
10443.364038508174
10443.364038508174
10443.364038508174
10443.364038508174
10443.364038508174
10443.364038508174
10443.364038508174
10443.364038508174
10443.364038508174
10443.364038508174
10443.364038508174
10443.364038508174
10443.364038508174
10443.364038508174
10443.364038508174
10443.364038508174
10443.364038508174
10443.364038508174
10443.364038508174
10443.364038508174
10443.364038508174
10443.364038508174
10443.364038508174
10443.364038508174
10443.364038508174
10443.364038508174
10443.364038508174
10443.364038508174
10443.364038508174
10443.364038508174
10443.364038508174
10443.364038508174
10443.364038508174
10443.364038508174
10443.364038508174
10443.364038508174
10443.364038508174
10443.364038508174
10443.364038508174
10443.364038508174
10443.364038508174
10443.364038508174
10443.364038508174
10443.364038508174
10443.364038508174
10443.364038508174
10443.364038508174
10443.364038508174
10443.364038508174
10443.364038508174
10443.364038508174
10443.364038508174
10443.364038508174
10443.364038508174
10443.364038508174
10443.364038508174
10443.364038508174
10443.364038508174
10443.364038508174
10443.364038508174
10443.364038508174
10443.364038508174
10443.364038508174
10443.364038508174
10443.364038508174
10443.364038508174
10443.364038508174
10443.364038508174
10443.364038508174
10443.364038508174
10443.364038508174
10443.364038508174
10443.364038508174
10443.364038508174
10443.364038508174
10443.364038508174
10443.364038508174
10443.364038508174
10443.364038508174
10443.364038508174
10443.364038508174
10443.364038508174
10443.364038508174
10443.364038508174
10443.364038508174
10443.364038508174
10443.364038508174
10443.364038508174
10443.364038508174
10443.364038508174
10443.364038508174
10443.364038508174
10443.364038508174
10443.364038508174
10443.364038508174
10443.364038508174
10443.364038508174
10443.364038508174
10443.364038508174
10443.364038508174
10443.364038508174
10443.364038508174
10443.364038508174
10443.364038508174
10443.364038508174
10443.364038508174
10443.364038508174
10443.364038508174
10443.364038508174
10443.364038508174
10443.364038508174
10443.364038508174
10443.364038508174
10443.364038508174
10443.364038508174
10443.364038508174
10443.364038508174
10443.364038508174
10443.364038508174
10443.364038508174
10443.364038508174
10443.364038508174
10443.364038508174
10443.364038508174
10443.364038508174
10443.364038508174
10443.364038508174
10443.364038508174
10443.364038508174
10443.364038508174
10443.364038508174
10443.364038508174
10443.364038508174
10443.364038508174
10443.364038508174
10443.364038508174
10447.063173776647
10443.364038508174
10443.364038508174
10443.364038508174
10443.364038508174
10443.364038508174
10443.364038508174
10443.364038508174
10443.364038508174
10443.364038508174
10443.364038508174
10443.364038508174
10443.364038508174
10443.364038508174
10443.364038508174
10443.364038508174
10443.364038508174
10443.364038508174
10443.364038508174
10443.364038508174
10443.364038508174
10443.364038508174
10443.364038508174
10443.364038508174
10443.364038508174
10443.364038508174
10443.364038508174
10443.364038508174
10443.364038508174
10443.364038508174
10443.364038508174
10443.364038508174
10443.364038508174
10443.364038508174
10443.364038508174
10443.364038508174
10443.364038508174
10443.364038508174
10443.364038508174
10443.364038508174
10443.364038508174
10443.364038508174
10443.364038508174
10443.364038508174
10443.364038508174
10443.364038508174
10443.364038508174
10443.364038508174
10443.364038508174
10443.364038508174
10443.364038508174
10443.364038508174
10443.364038508174
10443.364038508174
10443.364038508174
10443.364038508174
10443.364038508174
10443.364038508174
10443.364038508174
10443.364038508174
10443.364038508174
10443.364038508174
10443.364038508174
10443.364038508174
10443.364038508174
10443.364038508174
10443.364038508174
10443.364038508174
10443.364038508174
10443.364038508174
10443.364038508174
10443.364038508174
10443.364038508174
10443.364038508174
10443.364038508174
10443.364038508174
10443.364038508174
10443.364038508174
10443.364038508174
10443.364038508174
10443.364038508174
10443.364038508174
10443.364038508174
10443.364038508174
10443.364038508174
10443.364038508174
10443.364038508174
10443.364038508174
10443.364038508174
10443.364038508174
10443.364038508174
10443.364038508174
10443.364038508174
10443.364038508174
10443.364038508174
10443.364038508174
10443.364038508174
10443.364038508174
10443.364038508174
10443.364038508174
10443.364038508174
10443.364038508174
10443.364038508174
10443.364038508174
10443.364038508174
10443.364038508174
10443.364038508174
10443.364038508174
10443.364038508174
10443.364038508174
10443.364038508174
10443.364038508174
10443.364038508174
10443.364038508174
10443.364038508174
10443.364038508174
10443.364038508174
10443.364038508174
10443.364038508174
10443.364038508174
10443.364038508174
10443.364038508174
10443.364038508174
10443.364038508174
10443.364038508174
10443.364038508174
10443.364038508174
10443.364038508174
10443.364038508174
10443.364038508174
10443.364038508174
10443.364038508174
10933.261625979352
10443.364038508174
10443.364038508174
10443.364038508174
10443.364038508174
10443.364038508174
10443.364038508174
10443.364038508174
10443.364038508174
10443.364038508174
10443.364038508174
10443.364038508174
10443.364038508174
10443.364038508174
10443.364038508174
10443.364038508174
10443.364038508174
10443.364038508174
10443.364038508174
10443.364038508174
10443.364038508174
10443.364038508174
10443.364038508174
10443.364038508174
10443.364038508174
10443.364038508174
10443.364038508174
10443.364038508174
10443.364038508174
10443.364038508174
10443.364038508174
10443.364038508174
10443.364038508174
10443.364038508174
10443.364038508174
10443.364038508174
10443.364038508174
10443.364038508174
10443.364038508174
10443.364038508174
10443.364038508174
10443.364038508174
10443.364038508174
10443.364038508174
10443.364038508174
10443.364038508174
10443.364038508174
10443.364038508174
10443.364038508174
10443.364038508174
10443.364038508174
10443.364038508174
10443.364038508174
10443.364038508174
10443.364038508174
10443.364038508174
10443.364038508174
10443.364038508174
10443.364038508174
10443.364038508174
10443.364038508174
10443.364038508174
10443.364038508174
10443.364038508174
10443.364038508174
10443.364038508174
10443.364038508174
10443.364038508174
10443.364038508174
10443.364038508174
10443.364038508174
10443.364038508174
10443.364038508174
10443.364038508174
10443.364038508174
10443.364038508174
10443.364038508174
10443.364038508174
10443.364038508174
10443.364038508174
10443.364038508174
10443.364038508174
10443.364038508174
10443.364038508174
10443.364038508174
10443.364038508174
10443.364038508174
10443.364038508174
10443.364038508174
10443.364038508174
10443.364038508174
10443.364038508174
10443.364038508174
10443.364038508174
10443.364038508174
10443.364038508174
10443.364038508174
10443.364038508174
10443.364038508174
10443.364038508174
10443.364038508174
10443.364038508174
10443.364038508174
10443.364038508174
10443.364038508174
10443.364038508174
10443.364038508174
10443.364038508174
10443.364038508174
10443.364038508174
10443.364038508174
10443.364038508174
10443.364038508174
10443.364038508174
10443.364038508174
10443.364038508174
10443.364038508174
10443.364038508174
10443.364038508174
10443.364038508174
10443.364038508174
10443.364038508174
10443.364038508174
10443.364038508174
10443.364038508174
10443.364038508174
10443.364038508174
10443.364038508174
10443.364038508174
10443.364038508174
10443.364038508174
10443.364038508174
10443.364038508174
10443.364038508174
10443.364038508174
10443.364038508174
10443.364038508174
10443.364038508174
10443.364038508174
10443.364038508174
10443.364038508174
10443.364038508174
10443.364038508174
10443.364038508174
10443.364038508174
10443.364038508174
10443.364038508174
10443.364038508174
10443.364038508174
10443.364038508174
10443.364038508174
10443.364038508174
10443.364038508174
10443.364038508174
10443.364038508174
10443.364038508174
10443.364038508174
10443.364038508174
10443.364038508174
10443.364038508174
10443.364038508174
10443.364038508174
10443.364038508174
10443.364038508174
10443.364038508174
10443.364038508174
10443.364038508174
10443.364038508174
10443.364038508174
10443.364038508174
10443.364038508174
10443.364038508174
10443.364038508174
10443.364038508174
10443.364038508174
10443.364038508174
10443.364038508174
10443.364038508174
10443.364038508174
10443.364038508174
10443.364038508174
10443.364038508174
10443.364038508174
10443.364038508174
10443.364038508174
10443.364038508174
10443.364038508174
10443.364038508174
10443.364038508174
10443.364038508174
10443.364038508174
10443.364038508174
10443.364038508174
10443.364038508174
10443.364038508174
10443.364038508174
10443.364038508174
10443.364038508174
10443.364038508174
10443.364038508174
10443.364038508174
10443.364038508174
10443.364038508174
10443.364038508174
10443.364038508174
10443.364038508174
10443.364038508174
10443.364038508174
10443.364038508174
10443.364038508174
10443.364038508174
10443.364038508174
10443.364038508174
10443.364038508174
10443.364038508174
10443.364038508174
10443.364038508174
10443.364038508174
10443.364038508174
10443.364038508174
10443.364038508174
10443.364038508174
10443.364038508174
10443.364038508174
10443.364038508174
10443.364038508174
10443.364038508174
10443.364038508174
10443.364038508174
10443.364038508174
10443.364038508174
10443.364038508174
10443.364038508174
10443.364038508174
10443.364038508174
10443.364038508174
10443.364038508174
10443.364038508174
10443.364038508174
10443.364038508174
10443.364038508174
10443.364038508174
10443.364038508174
10443.364038508174
10443.364038508174
10443.364038508174
10443.364038508174
10443.364038508174
10443.364038508174
10443.364038508174
10443.364038508174
10443.364038508174
10443.364038508174
10443.364038508174
10443.364038508174
10443.364038508174
10443.364038508174
10443.364038508174
10443.364038508174
10443.364038508174
10443.364038508174
10443.364038508174
10443.364038508174
10443.364038508174
10443.364038508174
10443.364038508174
10443.364038508174
10443.364038508174
10443.364038508174
10443.364038508174
10443.364038508174
10443.364038508174
10443.364038508174
10443.364038508174
10443.364038508174
10443.364038508174
10443.364038508174
10443.364038508174
10443.364038508174
10443.364038508174
10443.364038508174
10443.364038508174
10443.364038508174
10443.364038508174
10443.364038508174
10443.364038508174
10443.364038508174
