5.45
14
25898.030807904415
26023.19064689913
24734.995184618965
26671.419826859757
25588.769889109273
26277.54570820004
28718.1089330603
25752.90528457386
26170.30131213034
25228.811015810552
28019.223321380116
25423.492188439763
27562.58839399815
28160.92137400016
19281.805850718654
22794.599510109303
19715.646708835626
19281.805850718654
24169.43579465283
22703.453788853712
22358.507117010693
24600.537947001812
22118.580680086332
22834.690883416795
23062.009104376702
19281.805850718654
23110.126111498015
24418.812306376625
24445.097901673416
19281.805850718654
19281.805850718654
17532.641307558308
19281.805850718654
21993.077090022565
19285.996308475293
19281.805850718654
21675.15477019121
19281.805850718654
20872.84975673269
20909.49279075447
19281.805850718654
21169.718177750452
22364.93170488685
22097.95833109564
16620.422976000373
18056.305959874888
16620.422976000373
16620.422976000376
16620.422976000376
17660.832694135355
18056.305959874888
19582.230464499018
19281.805850718654
16620.422976000376
19117.597020219673
18056.305959874888
19313.82865572458
20762.272425494983
20098.07626789816
15576.788015725419
17191.04261851223
15576.788015725419
15745.56024672142
15745.56024672142
15976.552510977604
17191.04261851223
14996.97277006648
18056.305959874888
15745.56024672142
15576.788015725419
17191.04261851223
17769.060562692543
15576.788015725419
15576.788015725419
13719.200315337455
14996.972770066483
14996.02020657471
15164.792437570708
14996.972770066483
14996.972770066483
14996.972770066483
13719.200315337455
13719.200315337457
15164.792437570708
13719.200315337457
16315.488309803797
13719.200315337457
14996.02020657471
13719.200315337457
13406.152167643651
14313.53227320362
13719.200315337457
14726.907301856554
13373.481792612227
13373.481792612227
13373.481792612227
13406.152167643651
13281.293753304812
14726.907301856554
13281.293753304812
13406.152167643653
13281.293753304812
13406.152167643653
13281.293753304812
13100.877722869049
13281.29375330481
13194.429710490132
14392.931053316966
12935.575230579583
12935.575230579583
12935.575230579583
12970.156230616232
13100.877722869049
13100.877722869047
12898.509267741989
12970.156230616232
12898.509267741989
12932.328411500699
12898.509267741989
12575.854722002288
12898.509267741987
12895.330558798027
12898.509267741987
12898.509267741987
12552.790745016762
12552.790745016762
12711.802739425653
12718.093237306226
12718.093237306226
12575.854722002288
12711.802739425653
12575.854722002287
12575.854722002287
12575.854722002287
12230.136199277062
12575.854722002287
12552.790745016759
12575.854722002287
12552.790745016759
12230.136199277062
12230.136199277058
12230.136199277058
12230.136199277058
12230.136199277058
12575.854722002288
12230.136199277058
12230.136199277058
12279.690860739403
12230.136199277058
12226.229522819844
12230.136199277058
12230.136199277058
12230.136199277058
12226.229522819844
12121.549880947958
12226.229522819844
12226.229522819845
12121.549880947958
12121.549880947958
12230.136199277058
12121.549880947958
12226.229522819845
12025.375953941862
12230.136199277058
11916.789635612762
12121.549880947958
12025.375953941862
12025.375953941862
12025.375953941862
11941.643443143188
12025.375953941862
12025.375953941862
11941.643443143188
11941.643443143188
12121.549880947958
12025.375953941862
12025.375953941862
11916.789635612762
11916.789635612762
11916.789635612762
11916.789635612762
11916.789635612762
11916.789635612762
11916.789635612762
11916.789635612762
11916.789635612762
11916.789635612762
11916.789635612762
11688.193481526703
11916.789635612762
11916.789635612762
11916.789635612762
11916.789635612762
11736.883197807992
11342.169430662789
11736.883197807992
11484.904152482766
11484.904152482766
11736.883197807992
11484.904152482766
11484.904152482766
11916.789635612762
11484.904152482766
11342.169430662789
11342.169430662787
11736.883197807992
11342.169430662787
11342.169430662787
11342.169430662787
11342.169430662787
11342.169430662787
11342.169430662787
11307.838532139493
11559.817577464717
11342.169430662787
11342.169430662787
11342.169430662787
11342.169430662787
11294.76059958613
11342.169430662787
11342.169430662787
11342.169430662787
11294.76059958613
11342.169430662787
11072.779403528206
11294.76059958613
11294.76059958613
10965.721157732793
11217.700203058019
11294.76059958613
11294.76059958613
11294.76059958613
11294.76059958613
11072.779403528206
11294.76059958613
11072.779403528208
11072.779403528208
11072.779403528206
11072.779403528208
10934.97040536558
10965.72115773279
10965.72115773279
10934.97040536558
10934.97040536558
10934.97040536558
10934.97040536558
11294.76059958613
11072.779403528206
10934.97040536558
11072.779403528206
10934.97040536558
10934.97040536558
10934.97040536558
10934.97040536558
10870.984384788148
10934.97040536558
10934.97040536558
10870.984384788148
10870.984384788148
10870.984384788148
10870.984384788148
10870.984384788148
10870.984384788148
10870.984384788148
10870.984384788148
10870.984384788148
10870.984384788148
10870.984384788148
10870.984384788148
10870.984384788148
10870.984384788148
10870.984384788148
10870.984384788148
10870.984384788148
10867.285249519675
10870.984384788148
10870.984384788148
10867.285249519675
10867.285249519675
10870.984384788148
10867.285249519675
10870.984384788148
10867.285249519675
10867.285249519675
10867.285249519675
10867.285249519675
10867.285249519675
10867.285249519675
10867.285249519675
10867.285249519675
10867.285249519675
10867.285249519675
10867.285249519675
10867.285249519675
10867.285249519675
10867.285249519675
10867.285249519675
10867.285249519675
10867.285249519675
10867.285249519675
10867.285249519675
10867.285249519675
10867.285249519675
10867.285249519675
10867.285249519675
10867.285249519675
10867.285249519675
10867.285249519675
10867.285249519675
10867.285249519675
10867.285249519675
10867.285249519675
10753.529630937068
10867.285249519675
10753.529630937068
10753.529630937068
10753.529630937068
10753.529630937068
10753.529630937068
10753.529630937068
10753.529630937068
10753.529630937068
10753.529630937068
10753.529630937068
10753.529630937068
10753.529630937068
10753.529630937068
10753.529630937068
10753.529630937068
10753.529630937068
10637.050867630172
10637.050867630172
10753.529630937068
10753.529630937068
10637.050867630172
10753.529630937068
10753.529630937068
10753.529630937068
10753.529630937068
10753.529630937068
10753.529630937068
10753.529630937068
10753.529630937068
10753.529630937068
10637.050867630172
10637.050867630172
10637.050867630172
10637.050867630172
10637.050867630172
10637.050867630172
10637.050867630174
10637.050867630174
10637.050867630174
10637.050867630174
10637.050867630172
10637.050867630174
10637.050867630174
10753.529630937068
10637.050867630174
10640.750002898645
10637.050867630172
10637.050867630172
10637.050867630172
10637.050867630172
10637.050867630172
10637.050867630174
10637.050867630174
10637.050867630174
10637.050867630174
10637.050867630172
10637.050867630174
10637.050867630174
10640.750002898645
10637.050867630174
10637.050867630172
10637.050867630172
10637.050867630172
10637.050867630172
10637.050867630172
10637.050867630172
10637.050867630172
10637.050867630172
10637.050867630172
10637.050867630172
10637.050867630172
10637.050867630172
10637.050867630174
10637.050867630174
10637.050867630172
10637.050867630172
10637.050867630172
10637.050867630172
10637.050867630172
10637.050867630172
10637.050867630172
10637.050867630172
10637.050867630172
10637.050867630172
10637.050867630172
10637.050867630172
10637.050867630172
10637.050867630172
10637.050867630172
10637.050867630172
10637.050867630172
10637.050867630172
10637.050867630172
10637.050867630172
10637.050867630172
10637.050867630172
10637.050867630172
10637.050867630172
10637.050867630172
10637.050867630172
10637.050867630172
10637.050867630172
10637.050867630172
10637.050867630172
10637.050867630172
10637.050867630172
10637.050867630172
10637.050867630172
10637.050867630172
10637.050867630172
10637.050867630172
10637.050867630172
10637.050867630172
10637.050867630172
10637.050867630172
10637.050867630172
10637.050867630172
10637.050867630172
10637.050867630172
10637.050867630172
10637.050867630172
10637.050867630172
10637.050867630172
10637.050867630172
10637.050867630172
10637.050867630172
10637.050867630172
10637.050867630172
10637.050867630172
10637.050867630172
10637.050867630172
10637.050867630172
10637.050867630172
10637.050867630172
10637.050867630172
10637.050867630172
10637.050867630172
10637.050867630172
10637.050867630172
10637.050867630172
10637.050867630172
10637.050867630172
10637.050867630172
10637.050867630172
10637.050867630172
10637.050867630172
10637.050867630172
10637.050867630172
10637.050867630172
10637.050867630172
10640.750002898643
10637.050867630172
10637.050867630172
10637.050867630172
10637.050867630172
10637.050867630172
10637.050867630172
10637.050867630172
10637.050867630172
10637.050867630172
10637.050867630172
10637.050867630172
10637.050867630172
10637.050867630172
10637.050867630172
10637.050867630172
10637.050867630172
10637.050867630172
10637.050867630172
10637.050867630172
10637.050867630172
10637.050867630172
10637.050867630172
10637.050867630172
10637.050867630172
10637.050867630172
10637.050867630172
10637.050867630172
10637.050867630172
10637.050867630172
10637.050867630172
10637.050867630172
10637.050867630172
10637.050867630172
10637.050867630172
10637.050867630172
10637.050867630172
10637.050867630172
10637.050867630172
10637.050867630172
10637.050867630172
10637.050867630172
10637.050867630172
10637.050867630172
10637.050867630172
10637.050867630172
10637.050867630172
10637.050867630172
10637.050867630172
10637.050867630172
10637.050867630172
10637.050867630172
10637.050867630172
10637.050867630172
10637.050867630172
10637.050867630172
10637.050867630172
10637.050867630172
10637.050867630172
10637.050867630172
10637.050867630172
10637.050867630172
10637.050867630172
10637.050867630172
10637.050867630172
10637.050867630172
10637.050867630172
10637.050867630172
10637.050867630172
10637.050867630172
10637.050867630172
10637.050867630172
10637.050867630172
10637.050867630172
10637.050867630172
10637.050867630172
10637.050867630172
10637.050867630172
10637.050867630172
10637.050867630172
10637.050867630172
10637.050867630172
10637.050867630172
10637.050867630172
10637.050867630172
10637.050867630172
10637.050867630172
10637.050867630172
10637.050867630172
10637.050867630172
10637.050867630172
10637.050867630172
10637.050867630172
10637.050867630172
10637.050867630172
10637.050867630172
10637.050867630172
10637.050867630172
10637.050867630172
10637.050867630172
10637.050867630172
10637.050867630172
10637.050867630172
10637.050867630172
10637.050867630172
10637.050867630172
10637.050867630172
10637.050867630172
10637.050867630172
10637.050867630172
10637.050867630172
10637.050867630172
10637.050867630172
10637.050867630172
10637.050867630172
10637.050867630172
10637.050867630172
10637.050867630172
10637.050867630172
10637.050867630172
10637.050867630172
10637.050867630172
10637.050867630172
10637.050867630172
10637.050867630172
10637.050867630172
10637.050867630172
10637.050867630172
10637.050867630172
10637.050867630172
10637.050867630172
10637.050867630172
10637.050867630172
10637.050867630172
10637.050867630172
10637.050867630172
10637.050867630172
10637.050867630172
10637.050867630172
10637.050867630172
10637.050867630172
10637.050867630172
10637.050867630172
10637.050867630172
10637.050867630172
10637.050867630172
10637.050867630172
10637.050867630172
10637.050867630172
10637.050867630172
10640.750002898645
10637.050867630172
10637.050867630172
10637.050867630172
10637.050867630172
10637.050867630172
10637.050867630172
10637.050867630172
10637.050867630172
10637.050867630172
10637.050867630172
10637.050867630172
10637.050867630172
10637.050867630172
10637.050867630172
10637.050867630172
10637.050867630172
10637.050867630172
10637.050867630172
10637.050867630172
10637.050867630172
10637.050867630172
10637.050867630172
10637.050867630172
10637.050867630172
10637.050867630172
10637.050867630172
10637.050867630172
10637.050867630172
10637.050867630172
10637.050867630172
10637.050867630172
10637.050867630172
10637.050867630172
10637.050867630172
10637.050867630172
10637.050867630172
10637.050867630172
10637.050867630172
10637.050867630172
10637.050867630172
10637.050867630172
10637.050867630172
10637.050867630172
10637.050867630172
10637.050867630172
10637.050867630172
10637.050867630172
10637.050867630172
10637.050867630172
10637.050867630172
10637.050867630172
10637.050867630172
10637.050867630172
10637.050867630172
10637.050867630172
10637.050867630172
10637.050867630172
10637.050867630172
10637.050867630172
10637.050867630172
10637.050867630172
10637.050867630172
10637.050867630172
10637.050867630172
10637.050867630172
10637.050867630172
10637.050867630172
10637.050867630172
10637.050867630172
10637.050867630172
10637.050867630172
10637.050867630172
10637.050867630172
10637.050867630172
10637.050867630172
10637.050867630172
10637.050867630172
10637.050867630172
10637.050867630172
10637.050867630172
10637.050867630172
10637.050867630172
10637.050867630172
10637.050867630172
10637.050867630172
10637.050867630172
10637.050867630172
10637.050867630172
10637.050867630172
10637.050867630172
10637.050867630172
10637.050867630172
10637.050867630172
10637.050867630172
10637.050867630172
10637.050867630172
10637.050867630172
10637.050867630172
10637.050867630172
10637.050867630172
10637.050867630172
10637.050867630172
10637.050867630172
10637.050867630172
10637.050867630172
10637.050867630172
10637.050867630172
10637.050867630172
10637.050867630172
10637.050867630172
10637.050867630172
10637.050867630172
10637.050867630172
10637.050867630172
10637.050867630172
10637.050867630172
10637.050867630172
10637.050867630172
10637.050867630172
10637.050867630172
10637.050867630172
10637.050867630172
10637.050867630172
10637.050867630172
10637.050867630172
10637.050867630172
10637.050867630172
10637.050867630172
10637.050867630172
10637.050867630172
10637.050867630172
10637.050867630172
10637.050867630172
10637.050867630172
10637.050867630172
10637.050867630172
10637.050867630172
10637.050867630172
10637.050867630172
10637.050867630172
10637.050867630172
10637.050867630172
10637.050867630172
10637.050867630172
10637.050867630172
10637.050867630172
10637.050867630172
10637.050867630172
10637.050867630172
10637.050867630172
10637.050867630172
10637.050867630172
10637.050867630172
10637.050867630172
10637.050867630172
10637.050867630172
10637.050867630172
10637.050867630172
10637.050867630172
10637.050867630172
10637.050867630172
10637.050867630172
10637.050867630172
10637.050867630172
10637.050867630172
10637.050867630172
10637.050867630172
10637.050867630172
10637.050867630172
10637.050867630172
10637.050867630172
10637.050867630172
10637.050867630172
10637.050867630172
10637.050867630172
10637.050867630172
10637.050867630172
10637.050867630172
10637.050867630172
10637.050867630172
10637.050867630172
10637.050867630172
10637.050867630172
10637.050867630172
10637.050867630172
10637.050867630172
10637.050867630172
10637.050867630172
10637.050867630172
10637.050867630172
10637.050867630172
10637.050867630172
10637.050867630172
10637.050867630172
10637.050867630172
10637.050867630172
10637.050867630172
10637.050867630172
10637.050867630172
10637.050867630172
10637.050867630172
10637.050867630172
10637.050867630172
10637.050867630172
10637.050867630172
10637.050867630172
10637.050867630172
10637.050867630172
10637.050867630172
10637.050867630172
10637.050867630172
10637.050867630172
10637.050867630172
10637.050867630172
10637.050867630172
10637.050867630172
10637.050867630172
10637.050867630172
10637.050867630172
10637.050867630172
10637.050867630172
10637.050867630172
10637.050867630172
10637.050867630172
10637.050867630172
10637.050867630172
10637.050867630172
10637.050867630172
10637.050867630172
10637.050867630172
10637.050867630172
10637.050867630172
10637.050867630172
10637.050867630172
10637.050867630172
10637.050867630172
10637.050867630172
10637.050867630172
10637.050867630172
10637.050867630172
10637.050867630172
10637.050867630172
10637.050867630172
10637.050867630172
10637.050867630172
10637.050867630172
10637.050867630172
10637.050867630172
10637.050867630172
10637.050867630172
10637.050867630172
10637.050867630172
10637.050867630172
10637.050867630172
10637.050867630172
10637.050867630172
10637.050867630172
10637.050867630172
10637.050867630172
10637.050867630172
10637.050867630172
10637.050867630172
10637.050867630172
10637.050867630172
10637.050867630172
10637.050867630172
10637.050867630172
10637.050867630172
10637.050867630172
10637.050867630172
10637.050867630172
10637.050867630172
10637.050867630172
10637.050867630172
10637.050867630172
10637.050867630172
10637.050867630172
10637.050867630172
10637.050867630172
10637.050867630172
10637.050867630172
10637.050867630172
10637.050867630172
10637.050867630172
11472.930526729044
10637.050867630172
10637.050867630172
10637.050867630172
10637.050867630172
10637.050867630172
10637.050867630172
10637.050867630172
10637.050867630172
10637.050867630172
10637.050867630172
10637.050867630172
10637.050867630172
10637.050867630172
10637.050867630172
10637.050867630172
10637.050867630172
10637.050867630172
10637.050867630172
10637.050867630172
10637.050867630172
10637.050867630172
10637.050867630172
10637.050867630172
10637.050867630172
10637.050867630172
10637.050867630172
10637.050867630172
10637.050867630172
10637.050867630172
10637.050867630172
10637.050867630172
10637.050867630172
10637.050867630172
10637.050867630172
10637.050867630172
10637.050867630172
10637.050867630172
10637.050867630172
10637.050867630172
10637.050867630172
10637.050867630172
10637.050867630172
10637.050867630172
10637.050867630172
10637.050867630172
10637.050867630172
10637.050867630172
10637.050867630172
10637.050867630172
10637.050867630172
10637.050867630172
10637.050867630172
10637.050867630172
10637.050867630172
10637.050867630172
10637.050867630172
10637.050867630172
10637.050867630172
10637.050867630172
10637.050867630172
10637.050867630172
10637.050867630172
10637.050867630172
10637.050867630172
10637.050867630172
10637.050867630172
10637.050867630172
10637.050867630172
10637.050867630172
10637.050867630172
10637.050867630172
10637.050867630172
10637.050867630172
10637.050867630172
10637.050867630172
10637.050867630172
10637.050867630172
10637.050867630172
10637.050867630172
10637.050867630172
10637.050867630172
10637.050867630172
10637.050867630172
10637.050867630172
10637.050867630172
10637.050867630172
10637.050867630172
10637.050867630172
10637.050867630172
10637.050867630172
10637.050867630172
10637.050867630172
10637.050867630172
10637.050867630172
10637.050867630172
10637.050867630172
10637.050867630172
10637.050867630172
10637.050867630172
10637.050867630172
10637.050867630172
10637.050867630172
10637.050867630172
10637.050867630172
10637.050867630172
10637.050867630172
10637.050867630172
10637.050867630172
10637.050867630172
10637.050867630172
10637.050867630172
10637.050867630172
10637.050867630172
10637.050867630172
10637.050867630172
10637.050867630172
10637.050867630172
10637.050867630172
10637.050867630172
10637.050867630172
10637.050867630172
10637.050867630172
10637.050867630172
10637.050867630172
10637.050867630172
10637.050867630172
10637.050867630172
10637.050867630172
10637.050867630172
10637.050867630172
10637.050867630172
10637.050867630172
10637.050867630172
10637.050867630172
10637.050867630172
10637.050867630172
10637.050867630172
10637.050867630172
10637.050867630172
10637.050867630172
10637.050867630172
10637.050867630172
10637.050867630172
10637.050867630172
10637.050867630172
10637.050867630172
10637.050867630172
10637.050867630172
10637.050867630172
10637.050867630172
10637.050867630172
10637.050867630172
10637.050867630172
10637.050867630172
10637.050867630172
10637.050867630172
10637.050867630172
10637.050867630172
10637.050867630172
10637.050867630172
10637.050867630172
10637.050867630172
10637.050867630172
10637.050867630172
10637.050867630172
10637.050867630172
10637.050867630172
10637.050867630172
10637.050867630172
10637.050867630172
10637.050867630172
10637.050867630172
10637.050867630172
10637.050867630172
10637.050867630172
10637.050867630172
10637.050867630172
10637.050867630172
10637.050867630172
10637.050867630172
10637.050867630172
10637.050867630172
10637.050867630172
10637.050867630172
10637.050867630172
10637.050867630172
10637.050867630172
10637.050867630172
10637.050867630172
10637.050867630172
10637.050867630172
10637.050867630172
10637.050867630172
10637.050867630172
10637.050867630172
10637.050867630172
10637.050867630172
10637.050867630172
10637.050867630172
10637.050867630172
10637.050867630172
10637.050867630172
10637.050867630172
10637.050867630172
10637.050867630172
10637.050867630172
10637.050867630172
10637.050867630172
10637.050867630172
10637.050867630172
10637.050867630172
10637.050867630172
10637.050867630172
10637.050867630172
10637.050867630172
10637.050867630172
10637.050867630172
10637.050867630172
10637.050867630172
10637.050867630172
10637.050867630172
10637.050867630172
10637.050867630172
10637.050867630172
10637.050867630172
10637.050867630172
10637.050867630172
10637.050867630172
10637.050867630172
10637.050867630172
10637.050867630172
10637.050867630172
10637.050867630172
10637.050867630172
10637.050867630172
10637.050867630172
10637.050867630172
10637.050867630172
10637.050867630172
10637.050867630172
10637.050867630172
10637.050867630172
10637.050867630172
10637.050867630172
10637.050867630172
10637.050867630172
10637.050867630172
10637.050867630172
10637.050867630172
10637.050867630172
10637.050867630172
10637.050867630172
10637.050867630172
10637.050867630172
10637.050867630172
10637.050867630172
10637.050867630172
10637.050867630172
10637.050867630172
10637.050867630172
10637.050867630172
10637.050867630172
10637.050867630172
10637.050867630172
10637.050867630172
10637.050867630172
10637.050867630172
10637.050867630172
10637.050867630172
10637.050867630172
10637.050867630172
10637.050867630172
10637.050867630172
10637.050867630172
10637.050867630172
10637.050867630172
10637.050867630172
10637.050867630172
10637.050867630172
10637.050867630172
10637.050867630172
10637.050867630172
10637.050867630172
10637.050867630172
10637.050867630172
10637.050867630172
10637.050867630172
10637.050867630172
10637.050867630172
10637.050867630172
10637.050867630172
10637.050867630172
10637.050867630172
10637.050867630172
10637.050867630172
10637.050867630172
10637.050867630172
10637.050867630172
10637.050867630172
10637.050867630172
10637.050867630172
10637.050867630172
10637.050867630172
10637.050867630172
10637.050867630172
10637.050867630172
10637.050867630172
10637.050867630172
10637.050867630172
10637.050867630172
10637.050867630172
10637.050867630172
10637.050867630172
10637.050867630172
10637.050867630172
10637.050867630172
10637.050867630172
10637.050867630172
10637.050867630172
10637.050867630172
10637.050867630172
10637.050867630172
10637.050867630172
10637.050867630172
10637.050867630172
10637.050867630172
10637.050867630172
10637.050867630172
10637.050867630172
10637.050867630172
10637.050867630172
10637.050867630172
10637.050867630172
10637.050867630172
10637.050867630172
10637.050867630172
10637.050867630172
10637.050867630172
10637.050867630172
10637.050867630172
10637.050867630172
10637.050867630172
10637.050867630172
10637.050867630172
10637.050867630172
10637.050867630172
10637.050867630172
10637.050867630172
10637.050867630172
10637.050867630172
10637.050867630172
10637.050867630172
10637.050867630172
10637.050867630172
10637.050867630172
10637.050867630172
10637.050867630172
10637.050867630172
10637.050867630172
10637.050867630172
10637.050867630172
10637.050867630172
10637.050867630172
10637.050867630172
10637.050867630172
10637.050867630172
10637.050867630172
10637.050867630172
10637.050867630172
10637.050867630172
10637.050867630172
10637.050867630172
10637.050867630172
10637.050867630172
10637.050867630172
10637.050867630172
10637.050867630172
10637.050867630172
10637.050867630172
10637.050867630172
10637.050867630172
10637.050867630172
10637.050867630172
10637.050867630172
10637.050867630172
10637.050867630172
10637.050867630172
10637.050867630172
10637.050867630172
10637.050867630172
10637.050867630172
10637.050867630172
10637.050867630172
10637.050867630172
10637.050867630172
10637.050867630172
10637.050867630172
10637.050867630172
10637.050867630172
10637.050867630172
10637.050867630172
10637.050867630172
10637.050867630172
10637.050867630172
10637.050867630172
10637.050867630172
10637.050867630172
10637.050867630172
10637.050867630172
10637.050867630172
10637.050867630172
10637.050867630172
10637.050867630172
10637.050867630172
10637.050867630172
10637.050867630172
10637.050867630172
10637.050867630172
10637.050867630172
10637.050867630172
10637.050867630172
10637.050867630172
10637.050867630172
10637.050867630172
10637.050867630172
10637.050867630172
10637.050867630172
10637.050867630172
10637.050867630172
10637.050867630172
10637.050867630172
10637.050867630172
10637.050867630172
10637.050867630172
10637.050867630172
10637.050867630172
10637.050867630172
10637.050867630172
10637.050867630172
10637.050867630172
10637.050867630172
10637.050867630172
10637.050867630172
10637.050867630172
10637.050867630172
10637.050867630172
10637.050867630172
10637.050867630172
10637.050867630172
10637.050867630172
10637.050867630172
10637.050867630172
10637.050867630172
10637.050867630172
10637.050867630172
10637.050867630172
10637.050867630172
10637.050867630172
10637.050867630172
10637.050867630172
10637.050867630172
10637.050867630172
10637.050867630172
10637.050867630172
10637.050867630172
10637.050867630172
10637.050867630172
10637.050867630172
10637.050867630172
10637.050867630172
10637.050867630172
10637.050867630172
10637.050867630172
10637.050867630172
10637.050867630172
10637.050867630172
10637.050867630172
10637.050867630172
10637.050867630172
10637.050867630172
10637.050867630172
10637.050867630172
10637.050867630172
10637.050867630172
10637.050867630172
10637.050867630172
10637.050867630172
10637.050867630172
10637.050867630172
10637.050867630172
10637.050867630172
10637.050867630172
10637.050867630172
10637.050867630172
12500.634964637684
10637.050867630172
10637.050867630172
10637.050867630172
10637.050867630172
10637.050867630172
10637.050867630172
10637.050867630172
10637.050867630172
10637.050867630172
10637.050867630172
10637.050867630172
10637.050867630172
10637.050867630172
10637.050867630172
10637.050867630172
10637.050867630172
10637.050867630172
10637.050867630172
10637.050867630172
10637.050867630172
10637.050867630172
10637.050867630172
10637.050867630172
10637.050867630172
10637.050867630172
10637.050867630172
10637.050867630172
10637.050867630172
10637.050867630172
10637.050867630172
10637.050867630172
10637.050867630172
10637.050867630172
10637.050867630172
10637.050867630172
10637.050867630172
10637.050867630172
10637.050867630172
10637.050867630172
10637.050867630172
10637.050867630172
10637.050867630172
10637.050867630172
10637.050867630172
14936.656625349831
10637.050867630172
10637.050867630172
10637.050867630172
10637.050867630172
10637.050867630172
10637.050867630172
10637.050867630172
10637.050867630172
10637.050867630172
10637.050867630172
10637.050867630172
10637.050867630172
10637.050867630172
10637.050867630172
10637.050867630172
10637.050867630172
10637.050867630172
10637.050867630172
10637.050867630172
10637.050867630172
10637.050867630172
10637.050867630172
10637.050867630172
10637.050867630172
10637.050867630172
10637.050867630172
10637.050867630172
10637.050867630172
10637.050867630172
10637.050867630172
10637.050867630172
10637.050867630172
10637.050867630172
10637.050867630172
10637.050867630172
10637.050867630172
10637.050867630172
10637.050867630172
10637.050867630172
10637.050867630172
10637.050867630172
10637.050867630172
10637.050867630172
10637.050867630172
10637.050867630172
10637.050867630172
10637.050867630172
10637.050867630172
10637.050867630172
10637.050867630172
10637.050867630172
10637.050867630172
10637.050867630172
10637.050867630172
10637.050867630172
10637.050867630172
10637.050867630172
10637.050867630172
10637.050867630172
10637.050867630172
