157.93
38
2510.1424233536745
2423.2234477592556
2495.059782796408
2558.7773946774355
2476.512299678465
2400.1601258485607
2579.0020258390377
2420.965603795764
2605.6260445577523
2567.1242425371283
2433.642508624149
2341.411926260405
2560.176311612919
2383.1351539877687
2351.0459275415283
2648.549930348443
2289.492368649096
2310.3897764300436
2493.204515491144
2592.0129767435124
2428.8073596073837
2569.5667060628125
2453.9665193697233
2745.645581525207
2418.5116494793247
2511.908296808935
2565.632575281385
2478.886954937667
2438.5217382660167
2460.0569730922593
2471.7232048020282
2559.139192587367
2396.7482279839746
2547.788015130085
2463.6539545363294
2546.8133275974774
2466.1642573075733
2429.3064478965216
2166.046131993632
2336.1193300479167
2231.2382746756357
2280.344315913166
2405.5161281956766
2297.9478874902697
2263.309979807928
2441.813711536272
2270.936807520935
2459.7709706514474
2407.6087710774163
2270.20966472378
2223.1874936773306
2392.353197928833
2250.598086275444
2218.3472101944485
2457.6227220555375
2166.046131993632
2198.481913455153
2325.6617064484744
2458.1563272227017
2277.02066680776
2407.9846255230764
2305.230954892974
2499.166469797897
2285.9663767890884
2364.1767950342655
2361.338278585851
2340.796652358417
2272.354220535929
2326.401113581582
2340.0596017946823
2412.219644734755
2245.3396906852195
2401.460343505612
2326.9444213096663
2384.6904355164174
2313.253598228217
2007.3422762850917
1889.0239307784607
2213.3301320962037
2096.9842795661802
2142.1926005254763
1988.0396701289956
2162.5802324460365
1969.341365550027
2333.9371653081143
2142.4740033850203
1939.3240806304593
2237.811368277424
1937.40899209108
2119.302924355381
2251.5353016471386
2148.9022837212146
2086.4484394523497
2298.590590611961
2043.9347546871234
2090.1970286043634
2202.0466010662344
1949.5735961569947
2147.078704652477
2276.4749682326174
2161.306827515715
2281.1557027003523
2172.4263152408716
2219.8269091972675
2238.1937756606467
2212.573774280379
2140.3717564942053
2202.9259139997885
2218.7228511215103
1988.0396701289956
2102.2772113410706
2270.3965893344157
2211.2071415085884
2241.0487080703197
2160.8894572295003
1889.0239307784607
1783.5709574625
2111.149601680483
1921.9031740087576
2142.1926005254763
1838.1725378878941
2034.9540516857846
1889.0131898990423
1861.3473739860583
1840.6381780259017
1748.9935709493577
2098.901930136753
1771.4924993459367
2032.5992607771962
2124.4086183463114
1869.7213246223648
1960.2210811974765
1849.224046024124
1929.812496896511
1869.7213246223648
2085.9417717488573
1820.041778201574
1845.4604680065934
1858.144238145352
2038.7195559589945
2168.0583092816264
2059.7317040966054
2118.256090671409
2121.054522915217
2098.4550911053175
2029.8769813388878
2096.203366068873
2110.2047613251293
1838.1725378878941
2009.5601833693452
2153.748482007209
1796.6531811979467
2115.85442879266
2051.2780199763556
1783.5709574625
1686.2462866842345
1748.9935709493575
1815.3550894586979
1748.9935709493575
1757.4226625292167
1748.9935709493575
1794.0821191828966
1748.9935709493575
1768.712977181927
1686.2462866842345
2013.886854594256
1703.9984398409506
1686.2462866842343
2019.2616969505286
1788.9714492636874
1686.2462866842343
1686.2462866842343
1838.5257769956795
1686.2462866842343
1980.0839542433116
1746.6965112665505
1763.333519582269
1771.5530375342269
1949.3423873487545
2055.924809626014
1686.2462866842343
1686.2462866842343
2016.0906592280696
1677.4288759937167
1686.2462866842343
1985.259037038983
1686.2462866842343
1686.2462866842343
1686.2462866842343
2041.4592961961198
1686.2462866842343
2016.3059908584712
1954.005401202092
1686.2462866842343
1657.4232230183072
1677.4288759937172
1729.4329391264444
1677.4288759937172
1677.4288759937172
1677.4288759937172
1720.1746945862642
1683.606785444522
1677.4288759937172
1677.4288759937172
1929.8849082030429
1638.4338454472954
1633.3442861482886
1924.2890138243954
1677.4288759937172
1633.3442861482886
1677.4288759937172
1677.4288759937172
1640.5955222593666
1677.4288759937172
1678.6026433772183
1677.4288759937172
1677.4288759937172
1868.4169090953217
1950.4443829925035
1633.3442861482886
1640.5955222593666
1913.6224809348919
1657.4232230183072
1640.5955222593666
1657.4232230183075
1604.7737067081732
1640.5955222593666
1608.2025461857052
1947.2711101948328
1640.5955222593666
1657.4232230183075
1657.4232230183075
1604.7737067081732
1560.160210539102
1632.8153798246458
1648.831008402302
1624.8740505856288
1632.8153798246458
1604.7737067081734
1650.9205283122162
1637.9560210196544
1632.8153798246458
1632.8153798246458
1604.7737067081734
1604.7737067081734
1588.7307899792172
1830.1727186932637
1604.7737067081734
1586.4521354868714
1604.7737067081734
1604.7737067081734
1595.9820260902952
1604.7737067081734
1610.6156695678649
1604.7737067081734
1604.7737067081734
1797.978149554025
1604.7737067081734
1601.1729630445175
1595.9820260902952
1603.2320292570887
1604.7737067081734
1593.342524850583
1612.8097268492363
1560.160210539102
1559.7589784361485
1557.6547778074705
1560.160210539102
1595.9820260902952
1612.8097268492363
1560.160210539102
1560.160210539102
1522.0600952465652
1557.654777807471
1583.820917468383
1581.4780481081125
1569.850820999897
1560.160210539102
1557.654777807471
1593.342524850583
1557.654777807471
1557.654777807471
1557.654777807471
1560.160210539102
1557.654777807471
1576.8643626084458
1557.654777807471
1557.654777807471
1560.160210539102
1557.654777807471
1557.654777807471
1557.654777807471
1557.654777807471
1560.160210539102
1534.127823318567
1557.654777807471
1557.654777807471
1550.846467109922
1554.8411876990053
1545.0390097938327
1557.654777807471
1557.654777807471
1569.850820999897
1518.6562044509558
1523.2559000800386
1522.0600952465652
1519.0193721478122
1522.060095246565
1522.060095246565
1519.0193721478122
1519.0193721478124
1486.6622655537058
1481.9968095071545
1519.257412241181
1486.6622655537058
1528.709982608607
1486.6622655537058
1489.9288810674316
1486.6622655537058
1487.0088944178642
1513.0412816383996
1481.9968095071545
1462.5974512345874
1487.0088944178642
1489.4344141447627
1481.9968095071545
1513.0412816383996
1462.5974512345874
1489.9288810674316
1513.0412816383996
1513.0412816383996
1481.9968095071545
1486.6622655537058
1466.20993860278
1489.9288810674316
1481.9968095071545
1484.9129098788273
1552.1065263592009
1500.4255136247614
1481.9968095071545
1489.9288810674316
1528.709982608607
1486.6622655537058
1495.0875965682455
1477.4465990774938
1455.7066820329649
1477.4465990774936
1486.6622655537058
1465.8131615597729
1467.7241179048372
1416.2651958945928
1440.8559711158646
1454.8995011283619
1418.7103510203544
1438.8995523873416
1444.6289901320788
1454.9786309741398
1437.9711800598554
1455.706682032965
1471.9004432471097
1455.706682032965
1405.519116431663
1455.706682032965
1422.4256148343086
1455.706682032965
1471.9004432471097
1361.0553599522045
1403.0209299665635
1449.570298260795
1449.570298260795
1440.8559711158646
1437.9711800598554
1426.7684524644076
1403.0209299665635
1440.8559711158646
1447.904849118246
1443.2956553762847
1456.649133469925
1440.8559711158646
1454.9786309741398
1477.414728365632
1437.9711800598554
1446.666212907192
1395.9872747494765
1416.2651958945928
1416.2651958945928
1398.5296939214832
1419.6403682525086
1398.5296939214832
1327.2505582175215
1350.3524051794993
1361.0553599522045
1418.7103510203544
1350.3524051794993
1405.1875039937065
1350.3524051794993
1350.3524051794993
1343.1567194248223
1350.3524051794993
1416.2651958945928
1361.0553599522045
1350.3524051794993
1343.1567194248223
1350.3524051794993
1400.7167055254067
1327.2505582175215
1327.2505582175218
1327.2505582175218
1327.2505582175218
1327.2505582175218
1327.2505582175218
1327.2505582175218
1363.5794438281912
1327.2505582175218
1372.2591464439438
1402.3371104663447
1327.2505582175218
1327.2505582175218
1327.2505582175218
1437.9732422272598
1309.3519176901395
1327.2505582175218
1327.2505582175218
1327.2505582175218
1381.314945801301
1327.2505582175218
1380.3485256673528
1309.3519176901395
1305.1003432267971
1317.3346081187815
1309.3519176901395
1350.3524051794993
1309.3519176901395
1365.8956614085507
1317.3346081187815
1309.3519176901395
1305.1003432267971
1317.3346081187815
1381.314945801301
1309.3519176901395
1309.3519176901395
1332.8690713427143
1317.3346081187815
1365.766455432115
1294.2327611568035
1292.230237992973
1309.3519176901395
1294.232761156804
1292.230237992973
1327.2505582175218
1292.230237992973
1309.3519176901395
1294.232761156804
1369.7700231890947
1309.3519176901395
1309.3519176901395
1294.232761156804
1327.2505582175218
1309.3519176901395
1305.1003432267971
1292.230237992973
1305.1003432267971
1305.1003432267971
1381.314945801301
1294.6975196671142
1345.3982755740612
1305.1003432267971
1268.624760036868
1290.7141835751074
1277.8124420192712
1350.3524051794993
1276.3341206294217
1292.230237992973
1293.729130162677
1277.8124420192712
1272.0825461660793
1292.230237992973
1292.230237992973
1277.8124420192712
1276.3341206294217
1277.8124420192712
1292.230237992973
1292.230237992973
1292.230237992973
1268.624760036868
1254.2069640631667
1268.624760036868
1268.624760036868
1254.2069640631667
1268.624760036868
1276.3341206294217
1268.624760036868
1268.624760036868
1254.2069640631667
1254.2069640631667
1268.624760036868
1268.624760036868
1254.2069640631667
1253.7897838734825
1268.624760036868
1253.7897838734825
1254.2069640631667
1268.624760036868
1271.0920417110096
1268.624760036868
1254.2069640631667
1219.1965753323034
1213.9125401790006
1219.1965753323034
1292.230237992973
1219.1965753323034
1268.624760036868
1219.410229607668
1251.731803631813
1219.1965753323034
1224.6046229214767
1224.6046229214767
1219.1965753323034
1219.1965753323034
1218.7919432226927
1224.6046229214767
1224.6046229214767
1224.6046229214767
1224.6046229214767
1181.597655086223
1210.2164383452364
1224.6046229214767
1181.597655086223
1245.4854043236714
1219.1965753323034
1210.2164383452364
1210.2164383452364
1218.7919432226927
1218.7919432226927
1210.2164383452364
1267.7514795673837
1218.7919432226927
1219.1965753323034
1219.1965753323036
1211.8910321964318
1215.5171658276013
1219.1965753323036
1219.1965753323036
1219.1965753323036
1215.5171658276013
1158.4582993730264
1162.5549677368492
1181.597655086223
1181.597655086223
1181.597655086223
1169.03847209697
1168.0526571655164
1181.597655086223
1181.597655086223
1181.597655086223
1181.597655086223
1181.597655086223
1181.597655086223
1181.597655086223
1196.8929459595727
1194.7359308420057
1196.8929459595727
1181.597655086223
1158.4582993730264
1188.005962742704
1158.4582993730264
1158.4582993730264
1158.4582993730264
1158.4582993730264
1158.4582993730264
1158.4582993730264
1158.4582993730264
1158.4582993730264
1158.4582993730264
1158.4582993730264
1188.8207517741691
1219.1965753323034
1219.1965753323036
1188.7516764832349
1114.8742223194001
1158.4582993730264
1158.4582993730264
1158.4582993730264
1114.8742223194001
1088.045519771663
1114.8742223194001
1114.8742223194001
1114.8742223194001
1158.4582993730264
1114.8742223194001
1114.8742223194001
1108.4191503780353
1114.8742223194001
1114.8742223194001
1108.4191503780353
1174.0357754184754
1108.4191503780353
1108.4191503780353
1114.8742223194001
1133.271243739748
1108.4191503780353
1114.8742223194001
1114.8742223194001
1114.8742223194001
1108.4191503780353
1114.8742223194001
1114.8742223194001
1114.8742223194001
1136.247823770494
1114.8742223194001
1114.8742223194001
1136.247823770494
1108.4191503780353
1108.4191503780353
1114.8742223194001
1114.8742223194001
1114.8742223194001
1114.8742223194001
1088.045519771663
1088.0455197716628
1088.0455197716628
1088.0455197716628
1085.2113670682288
1063.0008914656964
1085.0431980218323
1085.2113670682288
1085.0431980218323
1085.2113670682288
1085.0431980218323
1088.0455197716628
1086.2086747755027
1085.0431980218323
1085.0431980218323
1085.2113670682288
1085.2113670682288
1085.2113670682288
1085.2113670682288
1085.2113670682288
1085.2113670682288
1086.2086747755027
1088.0455197716628
1085.0431980218323
1085.2113670682288
1085.2113670682288
1085.0431980218323
1085.0431980218323
1085.2113670682288
1085.2113670682288
1085.0431980218323
1085.0431980218323
1085.2113670682288
1085.2113670682288
1072.9327185549148
1085.2113670682288
1085.2113670682288
1088.0455197716628
1085.0431980218323
1062.8327224193
1085.0431980218323
1083.5601265173027
1083.5601265173027
1063.0008914656964
1042.1740059915437
1062.8327224193
1062.8327224193
1062.8327224193
1062.8327224193
1085.0431980218323
1062.8327224193
1062.8327224193
1062.8327224193
1062.8327224193
1062.8327224193
1063.0008914656964
1062.8327224193
1062.8327224193
1062.8327224193
1062.8327224193
1062.8327224193
1062.8327224193
1062.8327224193
1062.8327224193
1062.8327224193
1062.8327224193
1062.8327224193
1062.8327224193
1062.8327224193
1062.8327224193
1062.8327224193
1062.8327224193
1062.8327224193
1062.8327224193
1062.8327224193
1062.8327224193
1062.8327224193
1062.8327224193
1042.1740059915437
1042.1740059915437
1042.1740059915437
1042.1740059915437
1042.1740059915437
1027.4657137381655
1042.1740059915437
1042.1740059915437
1042.1740059915437
1042.1740059915437
1042.1740059915437
1042.1740059915437
1042.1740059915437
1042.1740059915437
1062.8327224193
1062.8327224193
1063.0008914656964
1042.1740059915437
1042.1740059915437
1042.1740059915437
1042.1740059915437
1042.1740059915437
1042.1740059915437
1042.1740059915437
1042.1740059915437
1042.1740059915437
1042.1740059915437
1042.1740059915437
1042.1740059915437
1042.1740059915437
1045.012934828442
1042.1740059915437
1042.1740059915437
1042.1740059915437
1042.1740059915437
1042.1740059915437
1042.1740059915437
1042.1740059915437
1042.1740059915437
1027.4657137381655
1027.4657137381657
1027.4657137381657
1027.4657137381657
1027.4657137381657
1015.3618215402512
1027.4657137381657
1042.1740059915437
1027.4657137381657
1027.4657137381657
1027.4657137381657
1027.4657137381657
1027.4657137381657
1027.4657137381655
1027.4657137381657
1027.4657137381657
1063.0008914656964
1027.4657137381657
1027.4657137381657
1027.4657137381657
1027.4657137381657
1042.1740059915437
1027.4657137381657
1027.4657137381657
1027.4657137381657
1027.4657137381657
1027.4657137381657
1027.4657137381657
1027.4657137381657
1027.4657137381657
1027.4657137381657
1027.4657137381657
1027.4657137381657
1027.4657137381657
1027.4657137381657
1027.4657137381657
1042.1740059915437
1027.4657137381657
1027.4657137381657
1015.3618215402512
1015.3618215402512
1015.3618215402512
1015.3618215402512
1015.3618215402512
1015.3618215402512
1015.3618215402512
1042.1740059915437
1015.3618215402512
1015.3618215402512
1015.3618215402512
1015.3618215402512
1015.3618215402512
1015.3618215402512
1015.3618215402512
1015.3618215402512
1015.3618215402512
1015.3618215402512
1015.3618215402512
1015.3618215402512
1015.3618215402512
1015.3618215402512
1015.3618215402512
1015.3618215402512
1015.3618215402512
1015.3618215402512
1015.3618215402512
1015.3618215402512
1015.3618215402512
1015.3618215402512
1015.3618215402512
1015.3618215402512
1015.3618215402512
1015.3618215402512
1015.3618215402512
1015.3618215402512
1042.1740059915437
1015.3618215402512
1015.3618215402512
1015.3618215402512
1015.3618215402512
1015.3618215402512
1000.5171436076554
1000.5171436076554
990.374167496868
1000.5171436076554
1000.5171436076554
1000.5171436076554
1015.3618215402512
1000.5171436076554
1000.5171436076554
1000.5171436076554
1000.5171436076554
1000.5171436076554
1000.5171436076554
1000.5171436076554
1000.5171436076554
1000.5171436076554
1000.5171436076554
1000.5171436076554
1000.5171436076554
1000.5171436076554
1000.5171436076554
1000.5171436076554
1000.5171436076554
1000.5171436076554
1000.5171436076554
1000.5171436076554
1000.5171436076554
1000.5171436076554
1000.5171436076554
1000.5171436076554
1000.5171436076554
1000.5171436076554
1000.5171436076554
1000.5171436076554
1000.5171436076554
1000.5171436076554
1000.5171436076554
1000.5171436076554
1000.5171436076554
990.374167496868
977.1382390448974
973.1638541324114
977.1382390448975
977.1382390448975
977.1382390448975
977.1382390448975
973.1638541324114
977.1382390448975
973.1638541324114
973.1638541324114
977.1382390448975
977.1382390448975
973.1638541324114
977.1382390448975
973.1638541324114
990.3741674968682
977.1382390448975
973.1638541324114
990.374167496868
977.1382390448975
973.1638541324114
973.1638541324114
977.1382390448975
977.1382390448975
977.1382390448975
1000.5171436076554
977.1382390448975
977.1382390448975
977.1382390448975
977.1382390448975
977.1382390448975
973.1638541324114
977.1382390448975
977.1382390448975
977.1382390448975
973.1638541324114
977.1382390448975
977.1382390448975
976.6852410720372
973.1638541324114
971.9302117453074
971.8709063616561
958.1819799368252
946.7611458236477
958.1819799368252
973.1638541324114
958.1819799368252
971.9302117453074
971.9302117453074
971.8709063616561
971.8709063616561
971.9302117453074
971.8709063616561
971.9302117453074
958.1819799368252
971.8709063616561
958.9514954363681
971.8709063616561
958.1819799368252
973.1638541324114
973.1638541324114
958.1819799368252
971.8709063616561
971.8709063616561
971.9302117453074
946.7611458236477
946.7611458236477
971.8709063616561
946.7611458236477
946.7611458236477
973.1638541324114
971.8709063616561
971.8709063616561
971.8709063616561
971.9302117453074
971.8709063616561
971.8709063616561
958.1819799368252
971.9302117453074
946.1891963762906
941.5695022886309
935.6690694034456
946.1891963762906
929.0983710620117
935.9404268704149
929.0983710620117
971.9302117453074
935.9404268704149
929.0983710620117
935.9404268704149
935.9404268704149
935.9404268704149
935.9404268704149
929.0983710620117
935.9404268704149
929.0983710620117
929.0983710620117
929.0983710620117
929.0983710620117
935.9404268704149
929.0983710620117
935.9404268704149
935.9404268704149
935.9404268704149
935.9404268704149
927.1487979237804
948.675035868895
927.1487979237804
935.9404268704149
935.9404268704149
929.0983710620117
935.9404268704149
935.9404268704149
929.0983710620117
935.9404268704149
935.9404268704149
943.8054539752699
935.9404268704149
917.2947024621036
927.1487979237805
921.5706406956659
916.116937526742
918.4249662314335
916.116937526742
921.5706406956659
927.1487979237805
916.116937526742
921.5706406956659
916.116937526742
921.5706406956659
921.5706406956659
921.5706406956659
905.0611712934868
921.5706406956659
921.5706406956659
921.5706406956659
921.5706406956659
918.4249662314335
921.5706406956659
921.5706406956659
921.5706406956659
921.5706406956659
921.5706406956659
921.5706406956659
917.2947024621036
911.009216382283
913.5201507599858
911.009216382283
922.2515004455839
917.2947024621037
911.009216382283
911.009216382283
892.0413291720159
911.009216382283
911.009216382283
901.767237204864
911.009216382283
868.0193224070911
927.1487979237805
879.0903760607672
874.2587649178023
909.2047891112766
874.2587649178023
879.0903760607672
879.0903760607672
874.2587649178023
879.0903760607672
874.2587649178023
879.0903760607672
879.0903760607672
879.0903760607672
869.9865600538782
879.0903760607672
879.0903760607672
879.0903760607672
879.0903760607672
886.3764250123676
879.0903760607672
879.0903760607672
879.0903760607672
875.839029271989
879.0903760607672
879.0903760607672
879.0903760607672
865.5416052730142
871.8182536080468
879.0903760607672
879.0903760607672
879.0903760607672
879.0903760607672
879.0903760607672
868.0193224070911
856.0348558266036
856.0348558266036
856.0348558266036
856.0348558266036
853.4620977683419
853.4620977683419
853.4620977683419
853.4620977683419
854.2834361309633
851.8253251157635
853.4620977683419
853.4620977683419
853.4620977683419
853.4620977683419
851.8253251157635
853.4620977683419
879.0903760607672
853.4620977683419
853.4620977683419
861.4420962894665
853.4620977683419
853.4620977683419
853.4620977683419
854.2834361309633
853.4620977683419
853.4620977683419
853.4620977683419
853.4620977683419
853.4620977683419
853.4620977683419
853.4620977683419
853.4620977683419
853.4620977683419
853.4620977683419
853.4620977683419
853.4620977683419
879.0903760607672
853.4620977683419
853.4620977683419
853.4620977683419
849.7469771918845
849.7469771918845
849.7469771918845
849.7469771918845
849.7469771918845
849.7469771918845
849.7469771918845
847.9595626363626
849.7469771918845
849.7469771918845
853.4620977683419
849.7469771918845
849.7469771918845
842.8504169518978
853.4620977683419
849.7469771918845
849.7469771918845
849.7469771918845
861.4420962894665
849.7469771918845
849.7469771918845
849.7469771918845
838.6450525609963
844.4871896044763
849.7469771918845
849.7469771918845
849.7469771918845
844.4871896044763
849.7469771918845
849.7469771918845
844.4871896044763
853.4620977683419
849.7469771918845
849.7469771918845
849.7469771918845
849.7469771918845
849.7469771918845
853.4620977683419
853.4620977683419
849.7469771918845
840.7720690280189
849.7469771918845
835.4703469335909
838.6450525609962
838.6450525609962
838.3031043641626
838.6450525609962
829.6545152572153
849.7469771918845
838.6450525609962
838.6450525609962
838.6450525609962
838.6450525609962
838.6450525609962
840.772069028019
838.6450525609962
829.6545152572153
838.6450525609962
838.6450525609962
838.6450525609962
838.6450525609962
835.4703469335909
835.4703469335909
835.4703469335909
840.772069028019
835.4703469335909
833.2175129761476
835.4703469335909
835.4703469335909
835.4703469335909
835.4703469335909
835.4703469335909
835.4703469335909
835.4703469335909
835.4703469335909
835.4703469335909
835.4703469335909
853.4620977683419
835.4703469335909
832.7081481050925
835.4703469335909
829.6545152572153
829.6701443971307
829.6545152572153
830.2391834412362
829.6545152572153
829.6545152572153
829.6545152572153
838.6450525609962
829.6545152572153
838.6450525609962
826.4954387697253
829.6545152572153
829.6545152572153
826.4954387697253
829.6545152572153
829.6545152572153
829.6545152572153
826.4954387697253
829.6545152572153
820.6347040509152
823.6343032047793
820.6347040509152
829.6545152572153
820.6347040509152
829.2588441979624
820.6347040509152
815.1418483663792
823.6343032047793
815.1418483663792
815.1418483663792
823.6343032047793
815.1418483663792
820.6347040509152
820.6347040509152
820.6347040509152
853.4620977683419
823.6343032047793
829.6545152572153
823.6343032047793
815.1418483663791
829.6701443971307
815.1418483663791
815.1418483663791
815.1418483663791
815.1418483663791
815.1418483663791
815.1418483663791
815.1418483663791
815.1418483663791
815.1418483663791
815.1418483663791
815.1418483663791
814.2982662740932
815.1418483663791
815.1418483663791
815.1418483663791
814.2982662740932
815.1418483663791
815.1418483663791
815.1418483663791
815.1418483663791
815.1418483663791
820.6347040509152
815.1418483663791
803.094943462169
815.1418483663791
815.1418483663791
815.1418483663791
797.6020877776331
803.094943462169
797.6020877776331
797.6020877776331
815.1418483663791
803.094943462169
815.1418483663791
815.1418483663791
815.1418483663791
815.1418483663791
797.6020877776331
797.6020877776331
797.6020877776331
797.6020877776331
797.6020877776331
797.6020877776331
797.6020877776331
797.6020877776331
797.6020877776331
797.6020877776331
797.6020877776331
797.6020877776331
797.6020877776331
797.6020877776331
797.6020877776331
797.6020877776331
797.6020877776331
797.6020877776331
797.6020877776331
797.6020877776331
797.6020877776331
815.1418483663791
797.6020877776331
797.6020877776331
797.6020877776331
797.6020877776331
797.6020877776331
797.6020877776331
797.6020877776331
797.6020877776331
797.6020877776331
788.6271796137676
788.6271796137676
797.602087777633
788.6271796137676
797.602087777633
797.6020877776331
797.6020877776331
797.6020877776331
788.6271796137675
788.6271796137675
788.6271796137675
788.6271796137675
788.6271796137675
788.6271796137675
788.6271796137675
788.6271796137675
788.6271796137675
788.6271796137675
788.6271796137675
788.6271796137675
788.6271796137675
788.6271796137675
788.6271796137675
788.6271796137675
788.6271796137675
788.6271796137675
788.6271796137675
788.6271796137675
788.6271796137675
788.6271796137675
788.6271796137675
788.6271796137675
788.6271796137675
788.6271796137675
788.6271796137675
788.6271796137675
788.6271796137675
788.6271796137675
788.6271796137675
788.6271796137675
788.6271796137673
788.6271796137673
788.6271796137676
788.6271796137673
788.6271796137673
788.6271796137673
788.6271796137673
788.6271796137673
788.6271796137673
780.563258690841
788.6271796137673
788.6271796137673
788.6271796137673
780.563258690841
780.563258690841
788.6271796137673
780.563258690841
788.6271796137673
788.6271796137673
788.6271796137673
788.6271796137673
788.6271796137673
788.6271796137673
788.6271796137673
788.6271796137673
780.563258690841
780.563258690841
788.6271796137673
788.6271796137673
788.6271796137673
788.6271796137673
788.6271796137673
788.6271796137673
788.6271796137673
788.6271796137673
780.563258690841
788.6271796137673
780.563258690841
788.6271796137673
788.6271796137673
788.6271796137673
788.6271796137673
788.6271796137673
780.5632586908409
788.6271796137673
788.6271796137673
780.5632586908409
780.5632586908409
767.4786682568889
780.5632586908409
780.5632586908409
780.5632586908409
780.5632586908409
780.5632586908409
780.5632586908409
767.4786682568889
788.6271796137673
780.5632586908409
780.5632586908409
788.6271796137673
780.5632586908409
780.5632586908409
780.5632586908409
780.5632586908409
780.5632586908409
780.563258690841
780.5632586908409
780.5632586908409
780.5632586908409
780.5632586908409
780.5632586908409
780.5632586908409
780.5632586908409
780.5632586908409
780.5632586908409
780.5632586908409
780.5632586908409
780.5632586908409
780.5632586908409
780.5632586908409
780.5632586908409
780.5632586908409
780.5632586908409
780.5632586908409
780.5632586908409
767.4786682568889
767.4786682568889
767.4786682568889
767.4786682568889
767.4786682568889
767.4786682568889
767.4786682568889
767.4786682568889
767.4786682568889
767.4786682568889
767.4786682568889
767.4786682568889
767.4786682568889
767.4786682568889
767.4786682568889
767.4786682568889
767.4786682568889
767.4786682568889
767.4786682568889
767.4786682568889
767.4786682568889
767.4786682568889
767.4786682568889
767.4786682568889
767.4786682568889
767.4786682568889
767.4786682568889
767.4786682568889
767.4786682568889
767.4786682568889
767.4786682568889
767.4786682568889
767.4786682568889
767.4786682568889
767.4786682568889
767.4786682568889
767.4786682568889
767.4786682568889
767.4786682568889
762.8997795082745
767.4786682568889
762.8997795082745
762.8997795082745
762.8997795082745
762.8997795082745
762.8997795082745
762.8997795082745
762.8997795082745
762.8997795082745
762.8997795082745
762.8997795082745
762.8997795082745
762.8997795082745
762.8997795082745
762.8997795082745
762.8997795082745
762.8997795082745
762.8997795082745
762.8997795082745
762.8997795082745
762.8997795082745
762.8997795082745
762.8997795082745
762.8997795082745
762.8997795082745
762.8997795082745
762.8997795082745
762.8997795082745
762.8997795082745
762.8997795082745
762.8997795082745
762.8997795082745
762.8997795082745
762.8997795082745
762.8997795082745
762.8997795082745
762.8997795082745
762.8997795082745
762.8997795082745
762.8997795082745
762.8997795082745
762.8997795082745
762.8997795082745
762.8997795082745
762.8997795082745
762.8997795082745
762.8997795082745
762.8997795082745
762.8997795082745
762.8997795082745
758.5299253210092
762.8997795082745
762.8997795082745
762.8997795082745
762.8997795082745
758.5299253210092
758.5299253210092
762.8997795082745
762.8997795082745
758.5299253210092
762.8997795082745
762.8997795082745
762.8997795082745
762.8997795082745
762.8997795082745
758.5299253210092
758.5299253210092
762.8997795082745
762.8997795082745
762.8997795082745
758.5299253210092
762.8997795082745
762.8997795082745
762.8997795082745
762.8997795082745
762.8997795082745
762.8997795082745
758.529925321009
758.529925321009
758.529925321009
762.8997795082745
758.529925321009
758.529925321009
758.529925321009
758.529925321009
758.529925321009
758.529925321009
758.529925321009
758.529925321009
758.529925321009
758.529925321009
758.529925321009
758.529925321009
758.529925321009
758.529925321009
758.5299253210092
758.529925321009
758.529925321009
758.529925321009
758.529925321009
758.5299253210092
758.529925321009
758.529925321009
758.529925321009
758.529925321009
758.529925321009
758.529925321009
758.529925321009
758.529925321009
758.529925321009
758.529925321009
758.529925321009
758.529925321009
758.529925321009
758.529925321009
758.529925321009
758.529925321009
758.529925321009
758.529925321009
758.529925321009
758.529925321009
754.2104035967103
758.529925321009
758.529925321009
758.529925321009
758.529925321009
758.529925321009
758.529925321009
758.529925321009
758.529925321009
758.529925321009
758.529925321009
754.2104035967103
758.529925321009
758.529925321009
758.529925321009
758.529925321009
754.2104035967103
758.529925321009
758.529925321009
758.529925321009
758.529925321009
758.529925321009
754.2104035967103
758.529925321009
758.529925321009
754.2104035967103
758.529925321009
754.2104035967103
758.529925321009
754.2104035967103
758.529925321009
758.529925321009
758.529925321009
758.529925321009
750.9182486395964
754.2104035967103
754.2104035967103
754.2104035967103
754.2104035967103
750.9182486395964
750.9182486395965
754.2104035967103
750.9182486395965
750.9182486395965
750.9182486395965
750.9182486395965
758.529925321009
750.9182486395965
750.9182486395965
750.9182486395965
750.9182486395965
750.9182486395965
758.529925321009
750.9182486395965
750.9182486395965
750.9182486395965
750.9182486395965
750.9182486395965
750.9182486395965
750.9182486395965
750.9182486395965
750.9182486395965
750.9182486395965
750.9182486395965
750.9182486395964
750.9182486395965
750.9182486395965
750.9182486395965
750.9182486395964
750.9182486395965
750.9182486395965
750.9182486395965
750.9182486395965
750.9182486395964
750.9182486395964
750.9182486395965
750.9182486395965
750.9182486395965
750.9182486395964
750.9182486395965
750.9182486395965
750.9182486395965
750.9182486395965
745.0400084614316
750.9182486395965
750.9182486395965
750.9182486395965
750.9182486395965
750.9182486395965
750.9182486395965
750.9182486395965
750.9182486395965
745.0400084614316
750.9182486395965
750.9182486395965
750.9182486395965
750.9182486395965
750.9182486395965
750.9182486395965
750.9182486395965
750.9182486395965
750.9182486395965
750.9182486395965
750.9182486395964
750.9182486395965
750.9182486395965
745.0400084614316
750.9182486395964
750.9182486395965
750.9182486395965
750.9182486395965
750.9182486395965
745.0400084614316
745.0400084614317
745.0400084614317
745.0400084614317
745.0400084614317
745.0400084614317
745.0400084614317
745.0400084614317
745.0400084614317
745.0400084614317
745.0400084614316
745.0400084614316
750.9182486395965
745.0400084614317
745.0400084614317
745.0400084614317
745.0400084614317
745.0400084614316
745.0400084614317
745.0400084614316
745.0400084614317
745.0400084614317
745.0400084614317
745.0400084614317
745.0400084614317
745.0400084614317
745.0400084614316
745.0400084614317
745.0400084614317
745.0400084614317
745.0400084614317
745.0400084614317
745.0400084614316
738.0624485718639
745.0400084614317
745.0400084614317
745.0400084614317
745.0400084614317
745.0400084614316
738.0624485718639
745.0400084614317
738.0624485718639
738.0624485718639
738.0624485718639
738.0624485718639
738.0624485718639
738.0624485718639
738.0624485718639
738.0624485718639
738.0624485718639
738.0624485718639
738.0624485718639
738.0624485718639
738.0624485718639
738.0624485718639
738.0624485718639
738.0624485718639
738.0624485718639
738.0624485718639
738.0624485718639
738.0624485718639
738.0624485718639
738.0624485718639
738.0624485718639
738.0624485718639
738.0624485718639
738.0624485718639
738.0624485718639
738.0624485718639
738.0624485718639
745.0400084614317
738.0624485718639
738.0624485718639
738.0624485718639
738.0624485718639
738.0624485718639
738.0624485718639
738.0624485718639
738.0624485718639
738.0624485718639
738.0624485718639
734.8131010162277
738.0624485718639
738.0624485718639
738.0624485718639
738.0624485718639
738.0624485718639
738.0624485718639
738.0624485718639
738.0624485718639
738.0624485718639
738.0624485718639
738.0624485718639
738.0624485718639
738.0624485718639
738.0624485718639
738.0624485718639
738.0624485718639
738.0624485718639
738.0624485718639
738.0624485718639
738.0624485718639
738.0624485718639
738.0624485718639
738.0624485718639
738.0624485718639
738.0624485718639
738.0624485718639
738.0624485718639
738.0624485718639
738.0624485718639
738.0624485718639
738.0624485718639
738.0624485718639
738.0624485718639
738.0624485718639
738.0624485718639
734.8131010162277
734.8131010162278
734.8131010162278
734.8131010162277
734.8131010162277
734.8131010162277
734.8131010162278
734.8131010162278
734.8131010162278
734.8131010162278
734.8131010162277
734.8131010162278
734.8131010162278
734.8131010162278
734.8131010162278
734.8131010162278
734.8131010162278
734.8131010162278
734.8131010162278
734.8131010162277
734.8131010162278
734.8131010162278
734.8131010162278
734.8131010162278
734.8131010162278
734.8131010162278
734.8131010162278
734.8131010162278
734.8131010162278
734.8131010162278
734.8131010162278
734.8131010162277
734.8131010162277
734.8131010162278
734.8131010162278
734.8131010162278
734.8131010162278
734.8131010162278
734.8131010162278
734.8131010162277
734.8131010162278
731.9888344323365
734.8131010162277
734.8131010162277
734.8131010162277
733.2502998642793
734.8131010162278
734.8131010162278
734.8131010162278
734.8131010162277
734.8131010162278
733.2502998642793
734.8131010162278
734.8131010162278
734.8131010162278
734.8131010162278
734.8131010162278
734.8131010162278
734.8131010162277
733.2502998642793
734.8131010162278
731.9888344323365
733.2502998642793
731.9888344323365
733.2502998642793
734.8131010162278
733.2502998642793
734.8131010162278
734.8131010162278
734.8131010162278
734.8131010162277
731.9888344323364
734.8131010162278
733.2502998642793
734.8131010162278
734.8131010162278
733.2502998642793
734.8131010162278
731.9888344323364
734.8131010162278
731.9888344323365
731.9888344323365
731.9888344323365
731.9888344323365
731.9888344323365
731.9888344323365
734.8131010162278
731.9888344323365
731.9888344323365
731.9888344323365
733.2502998642793
731.9888344323365
731.9888344323365
731.9888344323365
731.9888344323365
731.9888344323365
731.9888344323365
731.9888344323365
730.426033280388
734.8131010162278
731.9888344323365
730.426033280388
731.9888344323365
731.9888344323365
731.9888344323365
731.9888344323365
731.9888344323365
731.9888344323365
731.9888344323365
731.9888344323365
731.9888344323364
731.9888344323365
731.9888344323365
731.9888344323365
731.9888344323365
731.9888344323365
731.9888344323365
730.426033280388
730.426033280388
730.426033280388
730.426033280388
730.426033280388
727.842823631777
730.426033280388
730.426033280388
730.426033280388
731.9888344323365
730.426033280388
730.426033280388
730.426033280388
727.842823631777
730.426033280388
730.426033280388
730.426033280388
730.426033280388
730.426033280388
730.426033280388
730.426033280388
730.426033280388
730.426033280388
730.426033280388
730.426033280388
730.426033280388
730.426033280388
730.426033280388
730.426033280388
730.426033280388
730.426033280388
730.426033280388
727.8428236317769
730.426033280388
730.426033280388
730.426033280388
730.426033280388
727.842823631777
730.426033280388
727.8428236317769
727.842823631777
727.842823631777
726.2800224798285
727.842823631777
727.842823631777
727.842823631777
727.842823631777
727.842823631777
727.842823631777
727.842823631777
727.842823631777
727.842823631777
727.842823631777
727.842823631777
727.842823631777
727.842823631777
727.842823631777
727.842823631777
727.842823631777
727.842823631777
727.842823631777
727.842823631777
727.842823631777
730.426033280388
726.2800224798285
727.842823631777
727.842823631777
727.842823631777
726.2800224798285
727.842823631777
727.842823631777
727.8428236317769
727.842823631777
727.842823631777
727.842823631777
727.842823631777
727.842823631777
727.842823631777
726.2800224798285
726.2800224798285
726.2800224798285
726.2800224798285
726.2800224798285
726.2800224798285
726.2800224798285
720.5898926990018
726.2800224798285
726.2800224798285
726.2800224798285
726.2800224798285
726.2800224798285
726.2800224798285
727.842823631777
720.5898926990018
726.2800224798285
726.2800224798285
726.2800224798285
727.842823631777
726.2800224798285
726.2800224798285
726.2800224798285
726.2800224798285
726.2800224798285
726.2800224798285
726.2800224798285
726.2800224798285
726.2800224798285
726.2800224798285
726.2800224798285
720.5898926990018
726.2800224798285
726.2800224798285
726.2800224798285
726.2800224798285
726.2800224798285
726.2800224798285
726.2800224798285
720.5898926990018
720.5898926990018
720.5898926990018
720.5898926990018
720.5898926990018
720.5898926990018
720.5898926990018
720.5898926990018
720.5898926990018
720.5898926990018
720.5898926990018
720.5898926990018
720.5898926990018
720.5898926990018
720.5898926990018
720.5898926990018
720.5898926990018
720.5898926990018
720.5898926990018
720.5898926990018
720.5898926990018
720.5898926990018
720.5898926990018
720.5898926990018
720.5898926990018
720.5898926990018
720.5898926990018
720.5898926990018
720.5898926990018
720.5898926990018
720.5898926990018
720.5898926990018
720.5898926990018
720.5898926990018
720.5898926990018
720.5898926990018
720.5898926990018
720.5898926990018
720.5898926990018
720.5898926990018
720.5898926990018
720.5898926990018
720.5898926990018
720.5898926990018
720.5898926990018
720.5898926990018
720.5898926990018
720.5898926990018
715.6325929712572
720.5898926990018
720.5898926990018
720.5898926990018
720.5898926990018
720.5898926990018
720.5898926990018
720.5898926990018
720.5898926990018
720.5898926990018
720.5898926990018
720.5898926990018
720.5898926990018
720.5898926990018
720.5898926990018
720.5898926990018
720.5898926990018
720.5898926990018
720.5898926990018
720.5898926990018
720.5898926990018
720.5898926990018
720.5898926990018
720.5898926990018
720.5898926990018
720.5898926990018
720.5898926990018
720.5898926990018
720.5898926990018
720.5898926990018
715.632592971257
715.632592971257
715.632592971257
715.632592971257
715.632592971257
715.632592971257
715.632592971257
715.632592971257
715.632592971257
715.632592971257
715.6325929712572
715.6325929712572
715.6325929712572
715.6325929712572
715.6325929712572
720.5898926990018
715.6325929712572
720.5898926990018
715.6325929712572
715.6325929712572
715.6325929712572
715.6325929712572
715.6325929712572
715.6325929712572
715.6325929712572
715.6325929712572
715.6325929712572
715.6325929712572
720.5898926990018
715.6325929712572
715.6325929712572
715.6325929712572
715.6325929712572
715.6325929712572
715.6325929712572
715.6325929712572
715.6325929712572
720.5898926990018
715.6325929712572
715.632592971257
715.632592971257
715.632592971257
715.632592971257
715.632592971257
715.632592971257
715.632592971257
715.632592971257
715.632592971257
715.632592971257
715.6325929712572
715.6325929712572
715.6325929712572
715.632592971257
715.632592971257
715.6325929712572
715.6325929712572
715.6325929712572
715.632592971257
715.6325929712572
715.6325929712572
715.632592971257
715.632592971257
715.6325929712572
713.0025981172363
715.632592971257
715.6325929712572
715.6325929712572
715.6325929712572
715.6325929712572
715.6325929712572
715.632592971257
715.632592971257
715.6325929712572
715.6325929712572
715.632592971257
715.632592971257
715.6325929712572
715.632592971257
754.0242820370275
713.0025981172363
713.0025981172363
713.0025981172363
713.0025981172363
713.0025981172363
713.0025981172363
713.0025981172363
713.0025981172363
713.0025981172363
713.0025981172363
713.0025981172363
713.0025981172363
713.0025981172363
713.0025981172363
713.0025981172363
713.0025981172363
713.0025981172363
713.0025981172363
713.0025981172363
713.0025981172363
713.0025981172363
713.0025981172363
713.0025981172363
713.0025981172363
715.632592971257
715.6325929712572
715.6325929712572
715.6325929712572
715.6325929712572
715.632592971257
715.632592971257
715.632592971257
715.6325929712572
715.632592971257
715.632592971257
714.6104671060492
715.6325929712572
715.632592971257
712.6793517552359
712.6793517552359
711.7383892954672
711.7383892954672
711.7383892954672
711.7383892954672
711.7383892954672
712.6793517552358
711.7383892954672
711.7383892954672
711.7383892954672
711.7383892954672
711.7383892954672
711.7383892954672
711.7383892954672
711.7383892954672
713.0025981172363
711.7383892954672
712.6793517552358
711.7383892954672
711.7383892954672
712.6793517552358
710.6592146991785
711.7383892954672
712.6793517552358
712.6793517552358
712.6793517552358
712.6793517552358
712.6793517552358
712.6793517552358
712.6793517552358
712.6793517552358
712.6793517552358
712.6793517552358
715.632592971257
712.6793517552358
712.6793517552358
712.6793517552358
712.6793517552358
709.9674589002428
709.9674589002428
703.3556341111599
711.7383892954672
711.7383892954672
703.3556341111599
703.3556341111599
709.9674589002428
711.7383892954672
703.3556341111599
703.3556341111599
703.3556341111599
703.3556341111599
703.3556341111599
703.3556341111599
703.3556341111599
713.0025981172363
703.3556341111599
709.9674589002428
703.3556341111599
703.3556341111599
709.9674589002428
709.9674589002428
707.9039805433133
709.9674589002427
709.9674589002427
709.9674589002427
709.9674589002427
709.9674589002427
709.9674589002427
709.9674589002427
709.9674589002427
709.9674589002427
709.9674589002427
709.9674589002427
709.9674589002427
709.9674589002427
709.9674589002427
709.9674589002427
703.3556341111598
703.3556341111598
703.3556341111598
703.3556341111598
703.3556341111598
702.997168869927
702.997168869927
703.3556341111598
703.3556341111598
702.997168869927
702.997168869927
702.997168869927
702.997168869927
702.997168869927
702.997168869927
702.997168869927
703.3556341111598
702.997168869927
703.3556341111598
702.997168869927
702.997168869927
709.9674589002428
703.3556341111598
703.3556341111598
703.3556341111598
703.3556341111598
703.3556341111598
703.3556341111598
703.3556341111598
703.3556341111598
703.3556341111598
703.3556341111598
703.3556341111598
703.3556341111598
703.3556341111598
703.3556341111598
703.3556341111598
703.3556341111598
703.3556341111598
702.997168869927
702.997168869927
702.997168869927
702.997168869927
702.997168869927
702.997168869927
702.997168869927
702.997168869927
702.997168869927
702.997168869927
702.997168869927
702.997168869927
702.997168869927
702.997168869927
702.997168869927
702.997168869927
702.997168869927
702.997168869927
702.997168869927
702.997168869927
702.997168869927
702.997168869927
702.997168869927
702.997168869927
702.997168869927
702.997168869927
702.997168869927
697.4768902899403
702.997168869927
702.997168869927
702.997168869927
702.997168869927
703.3556341111598
702.997168869927
702.997168869927
702.997168869927
702.997168869927
702.997168869927
702.997168869927
697.4768902899403
697.4768902899403
702.997168869927
697.4768902899403
697.4768902899403
697.4768902899403
697.4768902899403
697.4768902899403
697.4768902899403
697.4768902899403
697.4768902899403
697.4768902899403
697.4768902899403
697.4768902899403
697.4768902899403
697.4768902899403
697.4768902899403
697.4768902899403
697.4768902899403
697.4768902899403
697.4768902899403
697.4768902899403
697.4768902899403
697.4768902899403
702.997168869927
697.4768902899403
697.4768902899403
697.4768902899403
697.4768902899403
697.4768902899403
697.4768902899403
697.4768902899403
697.4768902899403
697.4768902899403
702.997168869927
697.4768902899403
697.4768902899403
697.4768902899403
697.4768902899403
697.4768902899403
697.3130805310955
697.4768902899403
697.4768902899403
697.4768902899403
697.3130805310955
697.4768902899403
697.3130805310955
697.4768902899403
697.3130805310955
697.4768902899403
697.4768902899403
697.4768902899403
697.4768902899403
697.4768902899403
697.4768902899403
697.3130805310955
697.4768902899403
697.3130805310955
697.4768902899403
697.4768902899403
697.3130805310955
697.3130805310955
697.3130805310955
697.4768902899403
697.3130805310955
697.3130805310955
697.4768902899403
697.4768902899403
697.4768902899403
697.4768902899403
697.4768902899403
697.4768902899403
697.3130805310955
697.3130805310955
697.3130805310955
697.3130805310955
697.4768902899403
697.4768902899403
697.3130805310955
697.3130805310955
696.5919541344836
697.3130805310955
696.5919541344836
697.3130805310955
696.5919541344836
697.3130805310955
696.5919541344836
693.9257737745755
697.3130805310955
696.5919541344836
696.5919541344836
696.5919541344836
696.5919541344836
696.5919541344836
697.3130805310955
696.5919541344836
697.3130805310955
696.5919541344836
697.3130805310955
697.3130805310955
697.3130805310955
697.3130805310955
696.5919541344836
697.3130805310955
697.3130805310955
696.5919541344836
696.5919541344836
697.3130805310955
696.5919541344836
696.5919541344836
697.4768902899403
697.3130805310955
697.3130805310955
697.3130805310955
697.3130805310955
697.3130805310955
696.5919541344836
693.9257737745754
693.9257737745754
692.1161780813628
693.9257737745754
692.1161780813628
693.9257737745754
692.1161780813628
693.9257737745754
692.1161780813628
693.9257737745754
693.9257737745755
692.1161780813628
692.1161780813628
692.1161780813628
692.1161780813628
692.1161780813628
693.9257737745755
689.624335457303
693.9257737745755
689.624335457303
693.9257737745755
693.9257737745755
693.9257737745755
693.9257737745755
692.1161780813628
693.9257737745755
693.9257737745755
692.1161780813628
696.5919541344836
693.9257737745755
689.6243354573028
692.1161780813628
693.9257737745755
693.9257737745755
693.9257737745755
693.9257737745755
693.9257737745755
693.9257737745755
692.1161780813628
689.6243354573028
689.624335457303
689.624335457303
689.624335457303
689.624335457303
689.624335457303
689.624335457303
689.624335457303
689.624335457303
689.624335457303
689.624335457303
689.624335457303
689.624335457303
689.624335457303
689.624335457303
689.624335457303
689.624335457303
689.624335457303
689.624335457303
689.624335457303
689.624335457303
689.624335457303
689.624335457303
689.624335457303
689.624335457303
689.624335457303
689.624335457303
689.624335457303
689.624335457303
689.624335457303
689.6243354573028
689.624335457303
689.624335457303
689.624335457303
689.624335457303
689.624335457303
689.624335457303
689.624335457303
689.624335457303
686.237028700783
689.624335457303
689.624335457303
689.624335457303
689.624335457303
689.624335457303
689.624335457303
689.624335457303
689.624335457303
689.624335457303
689.624335457303
689.624335457303
689.624335457303
689.624335457303
689.624335457303
689.624335457303
689.624335457303
689.624335457303
689.624335457303
689.624335457303
689.624335457303
689.624335457303
689.624335457303
689.624335457303
689.624335457303
689.624335457303
689.624335457303
689.624335457303
689.624335457303
689.624335457303
686.237028700783
689.624335457303
686.237028700783
686.237028700783
686.237028700783
686.237028700783
686.237028700783
686.237028700783
686.237028700783
686.237028700783
686.237028700783
689.624335457303
686.237028700783
686.237028700783
686.237028700783
686.237028700783
686.237028700783
686.237028700783
686.237028700783
686.237028700783
686.237028700783
686.237028700783
686.237028700783
686.237028700783
686.237028700783
686.237028700783
686.237028700783
686.237028700783
686.237028700783
686.237028700783
686.237028700783
686.237028700783
686.237028700783
686.237028700783
686.237028700783
686.237028700783
686.237028700783
686.237028700783
686.237028700783
686.237028700783
686.237028700783
686.237028700783
686.237028700783
686.237028700783
686.237028700783
686.237028700783
686.237028700783
686.237028700783
686.237028700783
686.237028700783
686.237028700783
686.237028700783
686.237028700783
686.237028700783
686.237028700783
686.237028700783
686.237028700783
686.237028700783
686.237028700783
686.237028700783
686.237028700783
686.237028700783
686.237028700783
686.237028700783
686.237028700783
686.237028700783
686.237028700783
686.237028700783
686.237028700783
686.237028700783
686.237028700783
686.237028700783
686.237028700783
686.237028700783
686.237028700783
686.237028700783
686.237028700783
686.237028700783
686.237028700783
686.237028700783
686.237028700783
686.237028700783
686.237028700783
686.237028700783
686.237028700783
686.237028700783
686.237028700783
686.237028700783
686.237028700783
686.237028700783
686.237028700783
686.237028700783
686.237028700783
686.237028700783
686.237028700783
686.237028700783
686.237028700783
686.237028700783
686.237028700783
686.237028700783
686.237028700783
686.237028700783
686.237028700783
686.237028700783
686.237028700783
686.237028700783
686.237028700783
686.237028700783
686.237028700783
686.237028700783
686.237028700783
686.237028700783
686.237028700783
686.237028700783
686.237028700783
686.237028700783
686.237028700783
686.237028700783
686.237028700783
686.237028700783
686.237028700783
686.237028700783
686.237028700783
686.237028700783
686.237028700783
686.237028700783
686.237028700783
686.237028700783
686.237028700783
686.237028700783
686.237028700783
686.237028700783
686.237028700783
686.237028700783
686.237028700783
683.8609111544984
686.237028700783
683.8609111544984
686.237028700783
686.237028700783
686.237028700783
686.237028700783
686.237028700783
686.237028700783
686.237028700783
686.237028700783
686.237028700783
686.237028700783
686.237028700783
686.237028700783
686.237028700783
686.237028700783
686.237028700783
686.237028700783
686.237028700783
686.237028700783
686.237028700783
686.237028700783
686.237028700783
686.237028700783
686.237028700783
686.237028700783
686.237028700783
686.237028700783
686.237028700783
683.8609111544984
683.8609111544986
683.8609111544986
683.8609111544986
683.8609111544986
683.8609111544986
683.8609111544986
683.8609111544986
683.8609111544986
683.8609111544984
683.8609111544986
683.8609111544984
683.8609111544986
683.8609111544986
683.8609111544986
683.8609111544986
683.8609111544986
683.8609111544986
683.8609111544986
683.8609111544986
683.8609111544986
683.8609111544986
683.8609111544986
683.8609111544986
683.8609111544986
683.8609111544986
683.8609111544986
683.8609111544986
683.8609111544986
683.8609111544986
683.8609111544986
683.8609111544986
686.237028700783
683.8609111544986
683.8609111544986
683.8609111544986
683.8609111544986
683.8609111544986
683.8609111544986
722.3065436364707
683.8609111544986
683.8609111544985
683.8609111544986
683.8609111544985
683.8609111544986
683.8609111544986
683.8609111544986
683.8609111544985
683.8609111544984
683.8609111544986
683.8609111544984
683.8609111544986
683.8609111544986
683.8609111544986
683.8609111544986
683.8609111544986
683.8609111544986
683.8609111544985
683.8609111544986
683.8609111544985
683.8609111544986
683.8609111544986
683.8609111544986
683.8609111544986
683.8609111544986
683.8609111544986
683.8609111544986
683.8609111544986
683.8609111544985
683.8609111544986
683.8609111544986
686.237028700783
683.8609111544985
675.3789980047568
683.8609111544986
683.8609111544986
683.8609111544986
683.8609111544986
675.3789980047568
675.3789980047569
675.3789980047569
675.3789980047569
675.3789980047569
675.3789980047569
675.3789980047569
675.3789980047569
675.3789980047569
675.3789980047569
675.3789980047569
675.3789980047569
675.3789980047569
675.3789980047569
675.3789980047569
675.3789980047569
675.3789980047569
675.3789980047569
675.3789980047569
675.3789980047569
675.3789980047569
683.8609111544986
675.3789980047569
675.3789980047569
675.3789980047569
675.3789980047569
675.3789980047569
675.3789980047569
675.3789980047569
675.3789980047569
675.3789980047569
675.3789980047569
675.3789980047569
675.3789980047569
675.3789980047568
675.3789980047569
675.3789980047569
675.3789980047569
675.3789980047569
837.774142350092
675.3789980047569
675.3789980047569
675.3789980047569
667.2182490966079
675.3789980047569
675.3789980047569
667.2182490966079
675.3789980047569
675.3789980047569
675.3789980047569
667.2182490966079
667.2182490966079
675.3789980047569
675.3789980047569
675.3789980047569
675.3789980047569
673.0331949274565
675.3789980047569
667.2182490966079
675.3789980047569
675.3789980047569
667.2182490966079
667.2182490966079
675.3789980047569
675.3789980047569
675.3789980047569
675.3789980047569
675.3789980047569
675.3789980047569
675.3789980047569
675.3789980047569
675.3789980047569
675.3789980047569
675.3789980047568
675.3789980047569
675.3789980047569
675.3789980047569
675.3789980047569
662.6371720290529
665.7214288440373
665.7214288440373
662.6371720290529
662.6371720290529
662.637172029053
662.637172029053
662.637172029053
662.637172029053
662.637172029053
662.637172029053
662.637172029053
667.2182490966079
662.637172029053
662.637172029053
662.637172029053
662.637172029053
662.637172029053
675.3789980047569
662.6371720290529
662.637172029053
662.637172029053
662.637172029053
662.637172029053
662.637172029053
662.637172029053
662.637172029053
662.637172029053
662.637172029053
662.637172029053
662.637172029053
662.637172029053
662.637172029053
662.637172029053
662.637172029053
662.637172029053
662.637172029053
662.637172029053
662.637172029053
662.6371720290529
662.637172029053
662.637172029053
662.6371720290529
662.6371720290529
662.637172029053
662.637172029053
662.637172029053
662.637172029053
662.637172029053
662.637172029053
662.637172029053
662.637172029053
662.637172029053
662.637172029053
662.637172029053
662.637172029053
662.637172029053
662.637172029053
662.6371720290529
662.637172029053
662.637172029053
662.637172029053
662.637172029053
662.637172029053
662.637172029053
662.637172029053
662.637172029053
662.637172029053
662.637172029053
662.637172029053
662.637172029053
662.637172029053
662.637172029053
662.637172029053
662.637172029053
662.637172029053
662.637172029053
662.637172029053
662.6371720290529
662.637172029053
662.637172029053
662.6371720290529
662.6371720290529
662.637172029053
662.637172029053
660.2913689517526
662.637172029053
662.637172029053
662.637172029053
662.637172029053
662.637172029053
662.637172029053
662.637172029053
662.637172029053
660.2913689517526
662.637172029053
662.637172029053
662.6371720290529
662.637172029053
662.637172029053
662.637172029053
662.637172029053
662.637172029053
662.637172029053
662.637172029053
662.637172029053
662.637172029053
662.637172029053
662.637172029053
662.637172029053
662.637172029053
662.637172029053
662.637172029053
662.637172029053
662.637172029053
662.637172029053
662.637172029053
660.2913689517526
660.2913689517526
660.2913689517526
660.2913689517526
660.2913689517526
660.2913689517526
660.2913689517526
660.2913689517526
660.2913689517526
660.2913689517526
660.2913689517526
660.2913689517526
660.2913689517526
660.2913689517526
660.2913689517526
660.2913689517526
660.2913689517526
660.2913689517526
660.2913689517526
660.2913689517525
660.2913689517526
660.2913689517526
660.2913689517526
660.2913689517526
660.2913689517526
660.2913689517526
660.2913689517526
660.2913689517526
660.2913689517526
660.2913689517526
660.2913689517526
660.2913689517526
660.2913689517526
660.2913689517526
660.2913689517526
660.2913689517526
660.2913689517526
660.2913689517526
660.2913689517526
660.2913689517525
660.2913689517526
660.2913689517526
660.2913689517526
660.2913689517526
660.2913689517526
660.2913689517526
660.2913689517526
660.2913689517526
660.2913689517526
660.2913689517526
660.2913689517526
660.2913689517526
660.2913689517526
660.2913689517526
660.2913689517526
660.2913689517526
660.2913689517526
660.2913689517526
660.2913689517525
660.2913689517526
657.1188887188291
660.2913689517526
660.2913689517526
660.2913689517526
660.2913689517526
660.2913689517526
660.2913689517526
660.2913689517526
660.2913689517526
657.1188887188291
660.2913689517526
660.2913689517526
660.2913689517526
660.2913689517526
660.2913689517526
660.2913689517526
660.2913689517526
660.2913689517526
657.1188887188291
657.1188887188291
657.1188887188291
657.1188887188291
657.1188887188291
657.1188887188291
660.2913689517526
657.1188887188291
657.1188887188291
657.1188887188291
657.1188887188291
657.1188887188291
657.1188887188291
657.1188887188291
657.1188887188291
657.1188887188291
657.1188887188291
657.1188887188291
657.1188887188291
657.1188887188291
657.1188887188291
657.1188887188291
657.1188887188291
657.1188887188291
657.1188887188291
657.1188887188291
657.1188887188291
657.1188887188291
657.1188887188291
657.1188887188291
657.1188887188291
657.1188887188291
657.1188887188291
657.1188887188291
660.2913689517526
657.1188887188291
657.1188887188291
657.1188887188291
657.1188887188291
657.1188887188291
655.6256981208951
657.1188887188291
657.1188887188291
657.1188887188291
657.1188887188291
660.2913689517526
657.1188887188291
657.1188887188291
657.1188887188291
657.1188887188291
657.1188887188291
657.1188887188291
657.1188887188291
657.1188887188291
657.1188887188291
657.1188887188291
657.1188887188291
657.1188887188291
657.1188887188291
657.1188887188291
657.1188887188291
657.1188887188291
657.1188887188291
657.1188887188291
657.1188887188291
657.1188887188291
657.1188887188291
657.1188887188291
657.1188887188291
657.1188887188291
657.1188887188291
657.1188887188291
657.1188887188291
657.1188887188291
657.1188887188291
657.1188887188291
657.1188887188291
657.1188887188291
655.6256981208951
655.6256981208951
655.6256981208951
655.6256981208951
655.6256981208951
655.6256981208951
655.6256981208951
655.6256981208951
655.6256981208951
655.6256981208951
655.6256981208951
655.6256981208951
655.6256981208951
655.6256981208951
655.6256981208951
655.6256981208951
655.6256981208951
655.6256981208951
655.6256981208951
655.6256981208951
655.6256981208951
655.6256981208951
655.6256981208951
655.6256981208951
655.6256981208951
655.6256981208951
655.6256981208951
655.6256981208951
655.6256981208951
655.6256981208951
655.6256981208951
655.6256981208951
657.1188887188291
655.6256981208951
655.6256981208951
655.6256981208951
655.6256981208951
655.6256981208951
655.6256981208951
655.6256981208951
655.6256981208951
654.2297882091696
655.6256981208951
655.6256981208951
655.6256981208951
655.6256981208951
654.2297882091696
655.6256981208951
655.6256981208951
655.6256981208951
655.6256981208951
655.6256981208951
655.6256981208951
655.6256981208951
655.6256981208951
655.6256981208951
655.6256981208951
655.6256981208951
655.6256981208951
655.6256981208951
655.6256981208951
655.6256981208951
655.6256981208951
655.6256981208951
655.6256981208951
655.6256981208951
655.6256981208951
655.6256981208951
655.6256981208951
655.6256981208951
655.6256981208951
655.6256981208951
655.6256981208951
655.6256981208951
655.6256981208951
655.6256981208951
654.2297882091696
655.6256981208951
654.2297882091694
654.2297882091694
654.2297882091694
654.2297882091694
654.2297882091694
654.2297882091694
654.2297882091694
654.2297882091694
654.2297882091694
654.2297882091694
654.2297882091694
654.2297882091694
655.6256981208951
654.2297882091694
654.2297882091694
655.6256981208951
654.2297882091694
654.2297882091694
654.2297882091694
654.2297882091694
654.2297882091694
654.2297882091694
654.2297882091694
654.2297882091694
654.2297882091694
654.2297882091694
654.2297882091694
654.2297882091694
654.2297882091694
654.2297882091694
654.2297882091694
654.2297882091694
654.2297882091694
654.2297882091694
654.2297882091694
654.2297882091694
654.2297882091694
654.2297882091694
654.2297882091694
654.2297882091694
654.2297882091694
654.2297882091694
654.2297882091694
654.2297882091694
654.2297882091694
654.2297882091694
654.2297882091694
654.2297882091694
654.2297882091694
654.2297882091694
654.2297882091694
654.2297882091694
654.2297882091694
647.62012609031
654.2297882091694
654.2297882091694
654.2297882091694
654.2297882091694
654.2297882091694
654.2297882091694
654.2297882091694
654.2297882091694
654.2297882091694
654.2297882091694
654.2297882091694
654.2297882091694
654.2297882091694
654.2297882091694
654.2297882091694
654.2297882091694
654.2297882091694
654.2297882091694
654.2297882091694
654.2297882091694
654.2297882091694
654.2297882091694
654.2297882091694
654.2297882091694
633.7054679137627
647.62012609031
647.62012609031
654.2297882091694
647.62012609031
647.62012609031
647.62012609031
647.62012609031
647.62012609031
647.62012609031
647.62012609031
647.62012609031
654.2297882091694
654.2297882091694
633.7054679137627
633.7054679137627
633.7054679137627
633.7054679137627
633.7054679137627
633.7054679137627
633.7054679137627
633.7054679137627
633.7054679137627
633.7054679137627
633.7054679137627
633.7054679137627
633.7054679137627
633.7054679137627
633.7054679137627
633.7054679137627
633.7054679137627
633.7054679137627
633.7054679137627
633.7054679137627
633.7054679137627
633.7054679137627
633.7054679137627
633.7054679137627
633.7054679137627
633.7054679137627
647.62012609031
633.7054679137627
633.7054679137627
633.7054679137627
647.62012609031
633.7054679137627
633.7054679137627
633.7054679137627
633.7054679137627
633.7054679137627
633.7054679137627
633.7054679137627
633.7054679137627
633.7054679137627
633.7054679137627
633.7054679137627
633.7054679137627
633.7054679137627
633.7054679137627
633.7054679137627
633.7054679137627
633.7054679137627
633.7054679137627
633.7054679137627
633.7054679137627
633.7054679137627
633.7054679137627
633.7054679137627
633.7054679137627
633.7054679137627
633.7054679137627
633.7054679137627
633.7054679137627
633.7054679137627
633.7054679137627
633.7054679137627
633.7054679137627
633.7054679137627
633.7054679137627
633.7054679137627
633.7054679137627
633.7054679137627
633.7054679137627
633.7054679137627
633.7054679137627
633.7054679137627
633.7054679137627
633.7054679137627
633.7054679137627
633.7054679137627
633.7054679137627
633.7054679137627
633.7054679137627
633.7054679137627
633.7054679137627
633.7054679137627
633.7054679137627
633.7054679137627
633.7054679137627
633.7054679137627
633.7054679137627
633.7054679137627
633.7054679137627
633.7054679137627
633.7054679137627
633.7054679137627
633.7054679137627
633.7054679137627
633.7054679137627
633.7054679137627
633.7054679137627
633.7054679137627
633.7054679137627
633.7054679137627
633.7054679137627
632.895494769471
633.7054679137627
632.895494769471
632.895494769471
633.7054679137627
632.895494769471
632.895494769471
632.895494769471
632.895494769471
632.895494769471
632.895494769471
632.895494769471
632.895494769471
633.7054679137627
632.895494769471
632.895494769471
632.895494769471
632.895494769471
632.895494769471
632.895494769471
632.895494769471
632.895494769471
632.895494769471
632.895494769471
632.895494769471
632.895494769471
632.895494769471
633.7054679137627
632.895494769471
632.895494769471
632.895494769471
632.895494769471
632.895494769471
632.895494769471
632.895494769471
632.895494769471
632.895494769471
632.895494769471
632.895494769471
632.895494769471
633.7054679137627
632.895494769471
632.895494769471
632.895494769471
632.895494769471
632.895494769471
632.895494769471
632.895494769471
632.895494769471
632.895494769471
632.895494769471
632.895494769471
632.895494769471
632.895494769471
632.895494769471
632.895494769471
632.895494769471
632.895494769471
632.895494769471
632.895494769471
632.895494769471
632.895494769471
632.5417158854335
632.895494769471
632.895494769471
632.895494769471
629.9933812864429
632.895494769471
632.895494769471
632.895494769471
632.895494769471
632.895494769471
632.895494769471
632.895494769471
632.895494769471
632.895494769471
632.895494769471
632.895494769471
632.895494769471
632.895494769471
629.9933812864429
629.993381286443
629.993381286443
629.993381286443
629.993381286443
629.993381286443
629.993381286443
629.993381286443
629.993381286443
629.993381286443
629.993381286443
629.993381286443
629.993381286443
629.993381286443
629.993381286443
629.993381286443
629.993381286443
629.993381286443
629.993381286443
629.993381286443
629.993381286443
629.993381286443
629.993381286443
629.993381286443
629.993381286443
629.9933812864429
629.993381286443
629.993381286443
629.993381286443
629.993381286443
629.993381286443
629.993381286443
629.993381286443
629.993381286443
629.993381286443
629.993381286443
629.993381286443
629.993381286443
629.993381286443
629.9933812864429
629.993381286443
629.993381286443
629.9933812864429
629.993381286443
629.9933812864429
629.993381286443
629.993381286443
629.9933812864429
629.993381286443
629.9933812864429
629.9933812864429
629.9933812864429
629.993381286443
629.993381286443
629.993381286443
629.993381286443
629.993381286443
629.993381286443
629.9933812864429
629.993381286443
629.993381286443
629.9933812864429
629.993381286443
629.9933812864429
629.9933812864429
629.9933812864429
629.9933812864429
629.993381286443
629.9933812864429
629.993381286443
629.993381286443
629.9933812864429
629.993381286443
629.993381286443
629.993381286443
629.993381286443
629.993381286443
629.9933812864429
736.0764159786349
629.993381286443
629.9933812864429
629.9933812864429
629.993381286443
629.9933812864429
629.993381286443
629.9933812864429
629.9933812864429
629.993381286443
629.9933812864429
629.9933812864429
629.9933812864429
629.9933812864429
629.993381286443
629.9933812864429
629.993381286443
629.9933812864429
629.9933812864429
629.9933812864429
629.993381286443
629.993381286443
629.9933812864429
629.9933812864429
629.9933812864429
629.9933812864429
629.9933812864429
629.9933812864429
629.993381286443
629.9933812864429
629.9933812864429
629.993381286443
629.9933812864429
629.9933812864429
629.993381286443
629.993381286443
629.993381286443
629.993381286443
629.9933812864429
629.6396024024053
629.993381286443
629.6396024024053
629.6396024024054
629.6396024024054
629.6396024024054
629.6396024024054
629.6396024024054
629.6396024024054
629.6396024024054
629.6396024024054
629.6396024024054
629.6396024024054
629.6396024024054
629.6396024024054
629.6396024024054
629.6396024024054
629.6396024024054
629.6396024024054
629.6396024024054
629.6396024024054
629.6396024024054
629.6396024024054
629.6396024024054
629.6396024024054
629.6396024024054
629.6396024024054
629.6396024024054
629.6396024024054
629.6396024024054
629.6396024024054
629.6396024024054
629.6396024024054
629.6396024024054
629.993381286443
629.6396024024054
629.6396024024054
629.6396024024054
629.6396024024054
629.6396024024053
629.6396024024054
629.6396024024053
629.6396024024054
629.6396024024054
629.6396024024054
629.6396024024054
629.6396024024054
629.6396024024054
629.6396024024054
629.6396024024054
629.6396024024054
629.6396024024054
629.6396024024054
629.6396024024054
629.6396024024054
629.6396024024054
629.6396024024054
629.6396024024054
629.6396024024054
629.6396024024054
629.6396024024054
629.6396024024054
629.6396024024054
629.6396024024054
629.6396024024054
629.6396024024054
629.6396024024054
629.6396024024054
629.6396024024054
629.6396024024054
629.6396024024054
629.6396024024054
629.6396024024054
629.6396024024054
629.6396024024054
629.6396024024054
629.6396024024054
629.6396024024054
629.6396024024053
629.6396024024054
629.6396024024053
629.6396024024054
629.6396024024054
629.6396024024054
629.6396024024054
629.6396024024054
629.6396024024054
629.6396024024054
629.6396024024054
629.6396024024054
629.6396024024054
629.6396024024054
629.6396024024054
629.6396024024054
629.6396024024054
629.6396024024054
629.6396024024054
629.6396024024054
629.6396024024054
629.6396024024054
629.6396024024054
629.6396024024054
629.6396024024054
629.6396024024054
629.6396024024054
629.6396024024054
629.6396024024054
629.6396024024054
629.6396024024054
629.6396024024054
629.6396024024054
629.6396024024054
629.6396024024054
629.6396024024054
629.6396024024054
629.6396024024054
629.6396024024054
629.6396024024053
629.6396024024054
629.6396024024053
629.6396024024054
629.6396024024054
629.6396024024054
629.6396024024054
629.6396024024054
629.6396024024054
629.6396024024054
629.6396024024054
629.6396024024054
629.6396024024054
629.6396024024054
629.6396024024054
629.6396024024054
629.6396024024054
629.6396024024054
629.6396024024054
629.6396024024054
627.6264700810401
629.6396024024054
629.6396024024054
629.6396024024054
629.6396024024054
629.6396024024054
629.6396024024054
629.6396024024054
629.6396024024054
629.6396024024054
629.6396024024054
629.6396024024054
629.6396024024054
629.6396024024054
629.6396024024054
629.6396024024054
629.6396024024054
629.6396024024054
629.6396024024054
627.6264700810401
627.6264700810401
627.6264700810401
627.6264700810401
627.6264700810401
627.6264700810401
629.6396024024054
627.6264700810401
627.6264700810401
627.6264700810401
627.6264700810401
627.6264700810401
627.6264700810401
627.6264700810401
627.6264700810401
627.6264700810401
627.6264700810401
627.6264700810401
627.6264700810401
627.6264700810401
627.6264700810401
627.6264700810401
627.6264700810401
627.6264700810401
627.6264700810401
627.6264700810401
627.6264700810401
627.6264700810401
627.6264700810401
627.6264700810401
627.6264700810401
627.6264700810401
629.6396024024054
627.6264700810401
627.6264700810401
627.6264700810401
627.6264700810401
627.6264700810401
629.6396024024054
627.6264700810401
627.6264700810401
627.6264700810401
627.6264700810401
627.6264700810401
627.6264700810401
627.6264700810401
627.6264700810401
627.6264700810401
627.6264700810401
627.6264700810401
627.6264700810401
627.6264700810401
627.6264700810401
627.6264700810401
627.6264700810401
627.6264700810401
627.6264700810401
627.6264700810401
627.6264700810401
627.6264700810401
627.6264700810401
627.6264700810401
627.6264700810401
627.6264700810401
627.6264700810401
627.6264700810401
627.6264700810401
627.6264700810401
627.6264700810401
627.6264700810401
627.6264700810401
627.6264700810401
627.6264700810401
627.6264700810401
627.6264700810401
627.6264700810401
627.6264700810401
627.6264700810401
627.6264700810401
