68.20
51
1658.5565426385908
1656.5051489110253
1865.581639258408
1796.7560618394086
1582.2247403562856
1617.1697604425742
1723.7739113330092
1709.2620186082186
1685.4770165145887
1695.693677371057
1542.820688603474
1727.5321117375654
1667.8405096889212
1729.4617655901502
1809.6203839845443
1791.9251835953228
1666.6176251364634
1820.8775043945166
1623.828108716457
1651.9111770705654
1599.4851573820695
1686.6068812958983
1634.4028481076562
1634.7858919463247
1721.2014773136168
1653.820021415112
1556.723253253502
1692.4620280681079
1537.8201023497475
1766.0153402352134
1568.9119586200936
1733.7280576947762
1652.5266487997326
1639.140861347461
1594.1425386782846
1591.3669834012826
1702.619581061316
1657.9748218566265
1529.3140848937421
1689.7513417914734
1506.8269301551402
1656.4852478709688
1679.0134656251867
1759.784575432407
1591.9217454906566
1476.538928857575
1438.7135460761565
1695.987344181223
1692.7034218473214
1568.6734974322749
1756.599292953596
1308.2076348633213
1471.363705618131
1383.1700678442098
1738.9316542893325
1643.4666119145793
1389.8945338581377
1499.11028582089
1542.2892793253711
1582.7465080100505
1529.9267150839055
1550.6187222013243
1426.1736515036107
1366.4111936668928
1528.941770221361
1338.8915922777574
1682.663596336068
1621.9681860929966
1539.824034261285
1643.5355178570483
1443.393412738119
1494.9580415037385
1479.7956139282321
1569.8655811424514
1491.5311168749568
1484.5047454699018
1594.7479735465386
1370.312589949254
1443.2287570347376
1527.288567580656
1435.6769143389458
1602.8742929731727
1432.6142495563033
1580.852295135472
1506.4919924134372
1512.4767175871373
1468.3005206471773
1460.642699298249
1567.4822986476233
1519.7709519420714
1424.6005889416892
1344.6056961155728
1405.3244469845495
1307.8825770733076
1532.6044499370425
1629.9430696430697
1367.3431297413733
1389.4569859690016
1308.2076348633213
1562.8267068913765
1556.9513825302267
1201.6449069202508
1597.0414830426769
1101.6071907563278
1356.5300280569477
1252.6641566313747
1604.1800569052114
1522.730575559907
1316.6338464365003
1377.4221598283912
1187.3663230767854
1200.4827765218372
1424.9466474913884
1432.7660091504924
1174.040440906082
1235.9052824540574
1407.2384342080004
1208.3856810649222
1562.7783074332908
1475.266848817234
1422.9993965836788
1496.8692141958852
1333.314047766452
1361.2298195296817
1387.2935314955537
1474.3838358767007
1353.9113919230008
1278.1795810047818
1496.709872659609
1164.4721575096344
1334.849421237361
1408.7641431596476
1336.4074010861075
1438.1638736928276
1332.4760664833307
1463.6212965260754
1377.144496056527
1395.487316674581
1179.0886323609204
1342.2399259294323
1463.5781525318694
1185.0688144390651
1334.149549369175
1344.6056961155728
1310.1227695463822
1177.3766658604725
1183.7959655093762
1515.5386437814636
1236.8372185285382
1313.0600768615427
1190.7801495660929
1432.863741005656
1437.8335580109524
1101.6071907563278
1490.2907750943568
1024.540909824263
1271.4843507125624
1112.4592732017572
1475.681076200493
1409.4541558963658
1244.5279816515413
1097.3210533085055
1102.9397385049544
1039.2464863231796
1083.790339074773
1431.7636334039637
1174.040440906082
1085.839253170453
1321.8195121321833
1208.3856810649222
1075.128670394691
1365.1930182110646
1065.030421433413
1351.2240495796168
1100.4450603579141
1265.9220441281768
1095.38537017663
1388.9338626363765
1226.8320373891186
1178.1418648408587
1101.6071907563276
1009.5631189903521
1241.402222514608
1100.4450603579141
1244.7799652136896
986.4908021306758
1098.8154867095532
1357.4377607840388
1034.8141581115312
1100.4450603579141
1079.0509161969974
1088.4629705204984
1366.6585861630463
1085.031098275142
1260.3067854052413
1214.0997849027376
1067.594430802248
1098.865133812377
1052.1007871222166
1080.277560952202
1137.996011754076
1247.320892375925
1109.9910434044687
1323.0091768189884
1100.4450603579141
1024.540909824263
1393.378650940895
929.0368990098169
1189.7787307452068
980.9063946097897
980.9063946097897
1301.9683583960875
1182.7185089673121
1002.424240005169
980.9063946097897
956.5388553048567
980.9063946097897
980.9063946097897
1074.0027247421592
1008.7729722383881
1217.9793427361124
929.0368990098168
977.4517663114464
1261.102346567383
987.9641405013481
980.9063946097897
980.9063946097897
1190.7658466116804
980.9063946097897
1309.430640847689
1133.464615539165
1078.231731623494
1024.5409098242628
929.0368990098168
1175.8897209814506
1023.3787794258492
1178.8943861208788
929.0368990098169
1013.0310435290207
1269.3988851121424
957.7478771794661
929.0368990098168
929.0368990098168
1011.3966895884334
1273.2645267987893
929.0368990098168
929.0368990098168
1125.6170066599227
990.5281498701833
1035.0953611101354
1052.1007871222166
1003.211280020137
1051.8145051702884
929.0368990098168
929.0368990098168
1246.9774349795694
1023.3787794258492
975.0283428917055
1297.1434234904873
884.0834850878397
1092.6833528202458
923.2654794748146
912.1104697294502
929.0368990098168
1126.892115219586
949.8729996896537
930.7779279114184
929.0368990098168
912.1104697294502
923.7008444312057
996.9364438100944
929.0368990098168
1156.1135638548235
884.0834850878397
914.562977103463
1179.3741588514886
943.010726579371
923.7008444312057
923.7008444312057
1140.688243923148
923.7008444312057
884.0834850878397
1045.5426869512148
884.0834850878397
975.0283428917055
884.0834850878397
1123.7056333827902
884.0834850878397
1116.697433872194
884.0834850878397
884.0834850878397
884.0834850878397
911.7301987725274
884.0834850878397
884.0834850878397
966.4432756664564
884.0834850878397
884.0834850878397
884.0834850878397
1048.5507257278575
945.5747359482061
884.0834850878397
929.0368990098168
958.2578660981599
884.0834850878397
884.0834850878397
900.8936773011839
1177.6572251133916
978.4253655038721
884.0834850878397
1174.6009345205864
854.3745401031348
884.0834850878397
880.692497139223
867.1570558074731
884.0834850878397
884.0834850878397
884.0834850878397
864.7237742300354
884.0834850878397
847.7780337642423
878.3120655528375
884.0834850878397
884.0834850878397
884.0834850878397
854.3745401031348
854.3745401031348
854.3745401031348
900.4682944640276
854.3745401031348
854.3745401031348
1099.0079760874135
854.3745401031348
854.3745401031348
961.490106261942
854.3745401031348
854.3745401031348
854.3745401031348
1053.852146591838
854.3745401031348
854.3745401031348
854.3745401031348
854.3745401031348
854.3745401031348
869.2599566539604
854.3745401031348
854.3745401031348
923.900843551113
854.3745401031348
854.3745401031348
854.3745401031348
854.3745401031348
903.0323038328628
854.3745401031348
884.0834850878397
952.6165160119019
854.3745401031348
854.3745401031348
854.3745401031348
1090.1477002359313
935.8829333885287
854.3745401031348
1097.3683227950148
795.491456538247
847.7780337642422
847.2754471640015
847.7780337642422
854.3745401031348
854.3745401031348
884.0834850878397
847.7780337642422
854.3745401031348
795.491456538247
792.0434272206433
854.3745401031348
854.3745401031348
792.0434272206433
792.0434272206433
792.0434272206433
792.0434272206433
792.0434272206433
792.0434272206433
831.5730445421726
793.6678349826536
831.5730445421726
793.6678349826536
793.7497266467363
792.0434272206433
793.6678349826536
831.5730445421725
1013.5103325502143
820.0510256587985
793.6678349826536
792.0434272206433
793.6678349826536
831.5730445421726
843.0667131626305
831.5730445421725
831.5730445421726
792.0434272206433
792.0434272206433
793.6678349826536
792.0434272206433
831.5730445421726
876.5667847603496
793.6678349826536
854.3745401031348
892.0084559002745
831.5730445421726
792.0434272206433
792.0434272206433
1021.0164453085025
792.0434272206433
792.0434272206433
1022.341253849883
792.0434272206433
792.0434272206433
792.0434272206433
792.0434272206433
831.5730445421726
852.9788861010849
884.0834850878397
792.0434272206433
821.9589670549594
759.3194881130667
792.0434272206433
831.5730445421726
792.0434272206433
755.8714587954627
755.8714587954627
785.2667995697198
730.5033032315857
730.5033032315857
792.0434272206433
815.4969097023701
757.4958665574732
792.0434272206433
757.4958665574732
757.5777582215559
730.5033032315857
730.6420712760076
815.4969097023702
792.0434272206433
757.0252619521525
730.6420712760076
730.5033032315857
730.6420712760076
792.0434272206433
814.5398049504086
792.0434272206433
792.0434272206433
755.8714587954627
755.8714587954627
730.6420712760076
755.8714587954627
792.0434272206433
792.0434272206433
792.0434272206433
831.5730445421725
792.0434272206433
792.0434272206433
755.8714587954627
730.5033032315857
792.0434272206433
792.0434272206433
792.0434272206433
792.0434272206433
692.521765635954
755.8714587954628
755.8714587954628
755.8714587954628
730.5033032315857
730.5033032315857
854.3745401031347
755.8714587954628
730.5033032315857
725.3939603641671
727.5859142004117
730.5033032315857
792.0434272206433
697.8769692157067
726.1625138107578
730.5033032315857
692.521765635954
692.521765635954
755.8714587954627
692.521765635954
690.1502029695755
792.0434272206433
690.1502029695755
692.3418684607473
685.5190267653571
681.1489608355587
698.5050821288667
755.8714587954628
727.3163169674476
700.9331262913028
685.5190267653571
700.9331262913028
755.8714587954628
780.7100003501018
692.521765635954
724.2502189564922
720.5415072481417
692.521765635954
681.1489608355587
692.521765635954
692.521765635954
692.521765635954
755.8714587954628
815.4969097023702
752.0084525663455
692.521765635954
692.521765635954
692.521765635954
692.521765635954
730.5033032315857
692.521765635954
692.521765635954
676.3509575083415
726.1625138107579
681.1489608355586
726.1625138107579
700.7943582468808
700.7943582468808
681.1489608355586
681.1489608355586
681.1489608355586
679.926782707376
681.1489608355586
681.1489608355586
755.8714587954628
681.1489608355586
681.1489608355586
681.1489608355586
676.5004135288245
676.5004135288245
681.1489608355586
677.5599988106931
669.3543686407666
681.1489608355586
676.3509575083415
670.1363637601123
672.1246118042412
676.3509575083415
680.3785796923397
676.3509575083414
676.3509575083414
676.3509575083414
671.082751401471
676.3509575083414
676.3509575083414
676.3509575083414
676.3509575083414
676.3509575083414
676.3509575083414
677.5599988106931
666.7126854716724
676.3509575083414
676.5004135288245
676.3509575083414
676.3509575083414
676.3509575083414
676.3509575083414
676.3509575083414
676.3509575083414
676.3509575083414
676.3509575083414
676.3509575083414
677.5599988106931
676.3509575083414
647.2878486537272
666.7126854716724
680.5161755027104
666.7126854716724
666.7126854716724
666.7126854716724
667.7545458744428
667.7545458744428
666.7126854716724
666.5323677462602
666.7126854716724
666.7126854716724
666.7126854716724
666.7126854716724
666.7126854716724
681.1489608355586
663.1059985677088
663.1059985677088
666.7126854716724
666.7126854716724
660.5602385346109
667.7545458744428
666.7126854716724
640.0516866563615
660.325995098981
659.5603669059922
666.7126854716724
666.7126854716724
666.7126854716724
659.5603669059922
666.7126854716724
666.7126854716724
659.5603669059922
666.7126854716724
666.7126854716724
659.5603669059922
662.9565425472255
666.7126854716724
647.2878486537272
647.2878486537272
647.2878486537272
647.2878486537272
662.9565425472255
676.3509575083414
647.2878486537272
647.2878486537272
647.2878486537272
647.2878486537272
647.2878486537272
647.2878486537272
647.2878486537272
647.2878486537272
640.0516866563614
640.0516866563614
666.8118624670917
640.0516866563614
640.0516866563614
640.0516866563614
640.0516866563614
655.9559291691826
647.2878486537272
640.0516866563614
647.2878486537272
640.0516866563614
640.0516866563614
640.0516866563614
647.2878486537272
640.0516866563614
640.0516866563614
640.0516866563614
640.0516866563614
640.0516866563614
640.0516866563614
640.0516866563614
640.0516866563614
640.0516866563614
640.0516866563614
636.5461859953238
640.0516866563614
640.0516866563614
640.0516866563614
643.8744905359251
640.0516866563614
640.0516866563614
636.5461859953238
647.2878486537272
640.0516866563614
636.5461859953238
640.0516866563614
666.7126854716724
640.0516866563614
640.0516866563614
640.0516866563614
630.2968936952715
640.0516866563614
647.2878486537272
630.2968936952715
640.0516866563614
630.2968936952715
630.2968936952715
630.2968936952715
640.0516866563614
630.2968936952715
630.2968936952715
618.5815968676151
630.0926885352391
630.2968936952716
630.0926885352391
616.0675140608226
630.0926885352391
630.0926885352391
645.9969310480602
630.2968936952715
616.0675140608226
630.2968936952716
623.0448880202592
630.0926885352391
630.0926885352391
630.2968936952715
616.0675140608226
640.0516866563614
623.0448880202592
630.0926885352391
623.0448880202592
616.0675140608226
630.0926885352391
630.0926885352391
616.0675140608226
616.0675140608228
616.0675140608226
630.0926885352391
630.0926885352391
623.0448880202592
630.2968936952716
616.0675140608226
630.0926885352391
626.8935889718317
630.2968936952716
630.0926885352391
616.0675140608226
616.0675140608226
630.2968936952716
616.0675140608226
630.0926885352391
623.0448880202592
618.5815968676151
618.5815968676152
618.5815968676152
618.5815968676151
616.0675140608226
618.5815968676151
618.5815968676151
618.5815968676151
618.5815968676152
630.2968936952715
618.5815968676151
603.644749499238
617.6699239736544
616.0675140608226
615.1167542273728
603.644749499238
617.6699239736544
603.6447494992381
603.6447494992381
603.6447494992381
616.0675140608226
603.6447494992381
610.6221234586745
603.6447494992381
603.6447494992381
603.6447494992381
603.6447494992381
603.6447494992381
603.6447494992381
603.6447494992381
610.6221234586745
616.0675140608226
603.6447494992381
603.6447494992381
603.644749499238
603.6447494992381
603.644749499238
603.6447494992381
617.6699239736544
603.6447494992381
630.2968936952716
603.6447494992381
603.6447494992381
603.6447494992381
603.6447494992381
603.6447494992381
603.6447494992381
616.0675140608226
603.6447494992381
603.6447494992381
603.6447494992381
603.6447494992381
603.6447494992381
603.6447494992381
603.6447494992381
603.6447494992381
603.6447494992381
603.6447494992381
603.6447494992381
603.6447494992381
603.6447494992381
618.5815968676151
603.6447494992381
603.644749499238
603.6447494992381
603.6447494992381
604.3346610423196
603.644749499238
603.6447494992381
603.6447494992381
603.6447494992381
603.6447494992381
603.644749499238
592.8626563141847
603.6447494992381
592.8626563141847
592.8626563141847
592.8626563141847
603.6447494992381
603.6447494992381
603.6447494992381
603.6447494992381
599.8400302736213
603.6447494992381
603.6447494992381
603.6447494992381
603.644749499238
603.6447494992381
603.644749499238
603.6447494992381
603.6447494992381
592.8626563141847
618.5815968676152
603.6447494992381
592.8626563141847
603.6447494992381
592.8626563141847
592.8626563141847
592.8626563141847
603.6447494992381
592.8626563141847
603.6447494992381
603.6447494992381
603.6447494992381
592.8626563141847
592.8626563141847
603.6447494992381
603.6447494992381
603.6447494992381
603.6447494992381
603.6447494992381
592.8626563141847
603.6447494992381
603.6447494992381
603.6447494992381
592.8626563141847
592.8626563141848
592.8626563141848
596.7422623362509
592.8626563141848
592.8626563141848
592.8626563141847
592.8626563141847
592.8626563141847
592.8626563141848
592.8626563141847
592.8626563141848
585.2702576081161
585.2702576081161
592.8626563141847
592.8626563141848
592.8626563141847
592.8626563141847
592.8626563141847
592.8626563141847
592.8626563141848
592.8626563141848
592.8626563141848
592.8626563141848
592.8626563141848
592.8626563141848
592.8626563141848
592.8626563141847
585.2702576081161
592.8626563141848
592.8626563141848
585.2702576081161
592.8626563141847
592.8626563141847
585.2702576081161
592.8626563141847
592.8626563141847
585.2702576081161
592.8626563141847
592.8626563141848
592.8626563141848
592.8626563141847
592.8626563141847
592.8626563141848
592.8626563141848
603.6447494992381
592.8626563141848
592.8626563141847
592.8626563141847
592.8626563141847
592.8626563141848
592.8626563141847
580.0638256395566
585.2702576081161
585.2702576081161
585.2702576081161
585.2702576081161
585.2702576081161
585.2702576081161
585.2702576081161
585.2702576081161
585.2702576081161
585.2702576081161
585.2702576081161
580.0638256395566
580.0638256395566
592.8626563141847
580.0638256395566
580.0638256395566
580.0638256395566
580.0638256395566
580.0638256395566
580.0638256395566
580.0638256395566
585.2702576081161
580.0638256395566
585.2702576081161
580.0638256395566
580.0638256395566
580.0638256395566
580.0638256395566
580.0638256395566
580.0638256395566
580.0638256395566
580.0638256395566
585.2702576081161
580.0638256395566
580.0638256395566
580.0638256395566
580.0638256395566
580.0638256395566
580.0638256395566
580.0638256395566
580.0638256395566
580.0638256395566
580.0638256395566
592.8626563141848
580.0638256395566
580.0638256395566
580.0638256395566
580.0638256395566
580.0638256395566
580.0638256395566
580.0638256395566
580.0638256395566
585.2702576081161
580.0638256395566
580.0638256395566
580.0638256395566
580.0638256395566
580.0638256395566
580.0638256395566
580.0638256395566
580.0638256395566
580.0638256395566
580.0638256395566
580.0638256395566
576.2604117653219
592.8626563141847
580.0638256395566
576.2604117653219
580.0638256395566
580.0638256395566
576.2604117653219
576.2604117653219
580.0638256395566
580.0638256395566
576.2604117653219
580.0638256395566
580.0638256395566
580.0638256395566
580.0638256395566
580.0638256395566
580.0638256395566
580.0638256395566
576.2604117653219
580.0638256395566
580.0638256395566
580.0638256395566
576.2604117653219
580.0638256395566
576.2604117653219
580.0638256395566
580.0638256395566
580.0638256395566
576.2604117653219
576.2604117653219
576.2604117653219
580.0638256395566
580.0638256395566
580.0638256395566
580.0638256395566
580.0638256395566
576.2604117653219
576.2604117653219
580.0638256395566
576.2604117653218
576.2604117653218
576.2604117653218
576.2604117653218
576.2604117653218
576.2604117653218
576.2604117653218
576.2604117653219
576.2604117653218
576.2604117653218
576.2604117653218
576.2604117653218
576.2604117653218
576.2604117653218
576.2604117653219
576.2604117653219
573.0158597827492
576.2604117653219
576.2604117653219
573.0158597827492
576.2604117653219
576.2604117653219
576.2604117653219
573.0158597827492
576.2604117653219
576.2604117653219
580.0638256395566
576.2604117653219
576.2604117653219
576.2604117653219
576.2604117653219
573.0158597827492
576.2604117653219
576.2604117653219
576.2604117653219
576.2604117653219
576.2604117653219
576.2604117653219
576.2604117653219
576.2604117653219
576.2604117653219
576.2604117653218
576.2604117653218
576.2604117653219
576.2604117653219
576.2604117653219
576.2604117653219
576.2604117653219
580.0638256395566
576.2604117653219
576.2604117653219
576.2604117653219
568.0807422994822
573.0158597827492
573.0158597827492
573.0158597827492
573.0158597827492
573.0158597827492
573.0158597827492
573.0158597827492
573.0158597827492
573.0158597827492
573.0158597827492
573.0158597827492
573.0158597827492
573.0158597827492
573.0158597827492
573.0158597827492
568.0807422994822
568.080742299482
568.080742299482
568.080742299482
568.080742299482
568.080742299482
568.080742299482
568.080742299482
568.080742299482
568.080742299482
568.080742299482
568.080742299482
568.080742299482
576.2604117653219
568.080742299482
568.080742299482
568.080742299482
568.080742299482
568.080742299482
568.080742299482
568.080742299482
568.080742299482
568.080742299482
568.080742299482
568.080742299482
568.080742299482
568.080742299482
568.080742299482
573.0158597827492
573.0158597827492
568.080742299482
568.080742299482
568.080742299482
568.080742299482
568.080742299482
568.080742299482
568.080742299482
568.0807422994822
568.0807422994822
568.0807422994822
568.080742299482
568.0807422994822
568.0807422994822
568.0807422994822
568.080742299482
568.0807422994822
568.0807422994822
568.080742299482
568.0807422994822
568.080742299482
568.0807422994822
568.080742299482
568.080742299482
568.080742299482
564.9591165419877
568.080742299482
564.9591165419877
568.080742299482
568.080742299482
568.080742299482
568.080742299482
568.080742299482
568.080742299482
568.080742299482
564.9591165419877
568.0807422994822
564.9591165419877
568.080742299482
568.080742299482
564.9591165419877
568.080742299482
564.9591165419877
568.080742299482
568.080742299482
568.080742299482
568.080742299482
564.9591165419877
564.9591165419877
568.080742299482
568.080742299482
568.0807422994822
568.0807422994822
568.080742299482
568.080742299482
564.9591165419877
564.9591165419877
568.080742299482
568.080742299482
564.9591165419877
564.9591165419877
564.9591165419877
564.9591165419877
564.9591165419877
564.9591165419877
564.9591165419877
564.9591165419877
564.9591165419877
564.9591165419877
564.9591165419877
564.9591165419877
564.9591165419877
564.9591165419877
564.9591165419877
564.9591165419877
564.9591165419877
564.9591165419877
564.9591165419877
564.9591165419877
564.9591165419877
564.9591165419877
564.9591165419877
564.9591165419877
564.9591165419877
564.9591165419877
568.080742299482
564.9591165419877
562.5147274641045
568.0807422994822
564.9591165419877
564.9591165419877
564.9591165419877
564.9591165419877
564.9591165419877
564.9591165419877
564.9591165419877
564.9591165419877
564.9591165419877
564.9591165419877
562.5147274641045
562.5147274641045
564.9591165419877
564.9591165419877
564.9591165419877
564.9591165419877
564.9591165419877
564.9591165419877
564.9591165419877
562.5147274641045
564.9591165419877
564.9591165419877
562.5147274641045
562.5147274641045
562.5147274641045
562.5147274641045
562.5147274641045
562.5147274641045
562.5147274641045
562.5147274641045
562.5147274641045
562.5147274641045
562.5147274641045
562.5147274641045
562.5147274641045
562.5147274641045
562.5147274641045
562.5147274641045
562.5147274641045
562.5147274641045
562.5147274641045
562.5147274641045
562.5147274641045
562.5147274641045
562.5147274641045
562.5147274641045
562.5147274641045
562.5147274641045
562.5147274641045
562.5147274641045
562.5147274641045
562.5147274641045
562.5147274641045
562.5147274641045
562.5147274641045
562.5147274641045
562.5147274641045
562.5147274641045
562.5147274641045
562.5147274641045
562.5147274641045
562.5147274641045
561.0138882223077
562.5147274641045
562.5147274641045
562.5147274641045
562.5147274641045
562.5147274641045
562.5147274641045
562.5147274641045
562.5147274641045
562.5147274641045
562.5147274641045
562.5147274641045
559.2518876781944
561.0138882223076
561.0138882223076
561.0138882223076
561.0138882223076
561.0138882223076
561.0138882223076
561.0138882223076
561.0138882223076
561.0138882223076
561.0138882223076
561.0138882223076
561.0138882223076
561.0138882223076
561.0138882223076
561.0138882223076
561.0138882223076
561.0138882223076
561.0138882223076
561.0138882223076
561.0138882223076
561.0138882223076
561.0138882223076
562.5147274641045
561.0138882223076
561.0138882223076
561.0138882223076
561.0138882223076
561.0138882223076
561.0138882223076
561.0138882223076
561.0138882223076
561.0138882223076
561.0138882223076
561.0138882223076
561.0138882223076
561.0138882223076
561.0138882223076
561.0138882223076
561.0138882223076
559.2518876781944
559.2518876781944
559.2518876781944
559.2518876781944
559.2518876781944
559.2518876781944
559.2518876781944
559.2518876781944
559.2518876781944
562.5147274641045
562.5147274641045
559.2518876781944
559.2518876781944
559.2518876781944
559.2518876781944
559.2518876781944
559.2518876781944
559.2518876781944
559.2518876781944
559.2518876781944
559.2518876781944
559.2518876781944
559.2518876781944
559.2518876781944
559.2518876781944
559.2518876781944
559.2518876781944
559.2518876781944
559.2518876781944
559.2518876781944
559.2518876781944
559.2518876781944
559.2518876781944
559.2518876781944
559.2518876781944
559.2518876781944
559.2518876781944
559.2518876781944
559.2518876781944
559.2518876781944
559.2518876781944
559.2518876781944
559.2518876781944
559.2518876781944
559.2518876781944
559.2518876781944
559.2518876781944
559.2518876781944
559.2518876781944
559.2518876781944
559.2518876781944
559.2518876781944
559.2518876781944
559.2518876781944
559.2518876781944
559.2518876781944
559.2518876781944
559.2518876781944
559.2518876781944
556.9337227914097
556.9337227914097
559.2518876781944
559.2518876781944
556.9337227914097
594.9239623605033
556.9337227914095
556.9337227914097
555.0113655928221
555.0113655928221
559.2518876781944
547.7938460708924
547.7938460708924
556.9337227914097
556.9337227914095
556.9337227914095
555.0113655928221
556.9337227914095
555.0113655928221
547.7938460708924
555.0113655928221
555.0113655928221
547.7938460708924
555.0113655928221
555.0113655928221
555.0113655928221
555.0113655928221
555.0113655928221
555.0113655928221
556.9337227914095
547.7938460708924
555.0113655928221
547.7938460708924
555.0113655928221
555.0113655928221
555.0113655928221
555.0113655928221
555.0113655928221
547.7938460708924
547.7938460708924
555.0113655928221
547.7938460708924
547.7938460708924
555.0113655928221
555.0113655928221
555.0113655928221
556.9337227914095
556.9337227914095
555.0113655928221
555.0113655928221
555.0113655928221
555.0113655928221
556.9337227914097
556.9337227914097
528.9963108003276
556.9337227914097
550.4747607205754
528.9963108003276
528.9963108003276
550.4747607205754
528.9963108003276
528.9963108003276
528.9963108003276
528.9963108003276
528.9963108003276
528.9963108003276
552.8156619267027
528.9963108003276
528.9963108003276
556.9337227914095
528.9963108003276
528.9963108003276
528.9963108003276
528.9963108003276
528.9963108003276
528.9963108003276
528.9963108003276
528.9963108003276
528.9963108003276
528.9963108003276
528.9963108003276
528.9963108003276
528.9963108003276
528.9963108003276
528.9963108003276
555.0113655928221
528.9963108003276
528.9963108003276
528.9963108003276
553.6940379301587
528.9963108003276
528.9963108003276
528.9963108003276
528.9963108003276
528.9963108003276
528.9963108003276
528.9963108003276
528.9963108003276
528.9963108003276
528.9963108003276
528.9963108003276
528.9963108003276
528.9963108003276
528.9963108003276
528.9963108003276
550.4747607205754
528.9963108003276
528.9963108003276
528.9963108003276
526.6156813134904
528.9963108003276
528.9963108003276
528.9963108003276
528.9963108003276
528.9963108003276
528.9963108003276
526.6156813134905
528.9963108003276
528.9963108003276
528.9963108003276
526.6156813134905
528.9963108003276
528.9963108003276
528.9963108003276
528.9963108003276
526.6156813134905
528.9963108003276
528.9963108003276
528.9963108003276
528.9963108003276
526.6156813134905
528.9963108003276
526.6156813134905
528.9963108003276
528.9963108003276
528.9963108003276
528.9963108003276
528.9963108003276
528.9963108003276
526.6156813134905
526.6156813134905
528.9963108003276
528.9963108003276
528.9963108003276
528.9963108003276
528.9963108003276
528.9963108003276
528.9963108003276
528.9963108003276
528.9963108003276
528.9963108003276
528.9963108003276
528.9963108003276
526.6156813134905
528.9963108003276
526.6156813134905
528.9963108003276
528.9963108003276
526.6156813134904
526.6156813134905
526.6156813134905
526.6156813134904
526.6156813134905
526.6156813134905
526.6156813134905
526.6156813134905
526.6156813134905
526.6156813134905
526.6156813134905
526.6156813134905
526.6156813134905
526.6156813134905
526.6156813134905
526.6156813134905
526.6156813134905
526.6156813134905
526.6156813134905
526.6156813134905
526.6156813134905
526.6156813134905
526.6156813134905
526.6156813134905
526.6156813134905
526.6156813134905
524.8749367614803
526.6156813134905
526.6156813134905
526.6156813134905
526.6156813134905
526.6156813134905
526.6156813134905
524.8749367614803
524.8749367614803
526.6156813134905
526.6156813134905
526.6156813134905
526.6156813134905
526.6156813134905
526.6156813134905
526.6156813134905
526.6156813134905
526.6156813134905
526.6156813134905
526.6156813134905
526.6156813134905
526.6156813134905
526.6156813134905
526.6156813134905
526.6156813134905
526.6156813134905
526.6156813134904
526.6156813134905
524.8749367614803
522.4276113388223
524.8749367614803
524.8749367614803
524.8749367614803
524.8749367614803
524.8749367614803
524.8749367614803
524.8749367614803
524.8749367614803
524.8749367614803
524.8749367614803
524.8749367614803
524.8749367614803
524.8749367614803
526.6156813134905
524.8749367614803
524.8749367614803
526.6156813134905
526.6156813134905
524.8749367614803
524.8749367614803
524.8749367614803
524.8749367614803
522.4276113388223
522.4276113388224
522.4276113388224
522.4276113388224
522.4276113388224
524.8749367614803
522.4276113388224
522.4276113388224
522.4276113388224
522.4276113388224
522.4276113388224
522.4276113388224
526.6156813134905
526.6156813134905
522.4276113388224
522.4276113388224
524.8749367614803
522.4276113388224
522.4276113388224
522.4276113388224
522.4276113388224
522.4276113388224
522.4276113388224
522.4276113388224
522.4276113388224
522.4276113388224
522.4276113388224
522.4276113388224
522.4276113388224
522.4276113388223
522.4276113388224
522.4276113388224
522.4276113388224
522.4276113388224
524.8749367614803
522.4276113388223
522.4276113388224
519.8500469008478
524.8749367614803
522.4276113388224
519.8500469008478
519.8500469008478
519.8500469008478
522.4276113388224
522.4276113388224
519.8500469008478
522.4276113388224
524.8749367614803
522.4276113388224
522.4276113388224
522.4276113388224
522.4276113388224
522.4276113388223
522.4276113388224
517.4027214781898
519.5386081292777
519.5386081292777
522.4276113388224
519.5386081292777
519.5386081292777
519.5386081292777
517.4027214781898
522.4276113388224
522.4276113388224
522.4276113388224
522.4276113388224
522.4276113388224
517.4027214781898
522.4276113388224
519.5386081292777
517.4027214781898
517.4027214781898
522.4276113388224
519.5386081292777
517.4027214781898
522.4276113388224
522.4276113388224
522.4276113388224
522.4276113388224
517.4027214781898
519.5386081292777
517.4027214781898
517.4027214781898
517.4027214781898
517.4027214781898
517.4027214781898
517.4027214781898
517.4027214781898
517.4027214781898
517.4027214781898
517.4027214781898
517.4027214781898
517.4027214781898
517.4027214781898
517.4027214781898
517.4027214781898
517.4027214781898
517.4027214781898
517.4027214781898
517.4027214781898
517.4027214781898
517.4027214781898
517.4027214781898
517.4027214781898
517.4027214781898
517.4027214781898
517.4027214781898
517.4027214781898
517.4027214781898
517.4027214781898
517.4027214781898
517.4027214781898
514.5137182686451
514.5137182686451
517.4027214781898
517.4027214781898
517.4027214781898
517.4027214781898
517.4027214781898
517.4027214781898
517.4027214781898
517.4027214781898
517.4027214781898
517.4027214781898
517.4027214781898
517.4027214781898
517.4027214781898
517.4027214781898
517.4027214781898
519.5386081292777
517.4027214781898
517.4027214781898
517.4027214781898
514.5137182686452
514.5137182686452
514.5137182686452
514.5137182686451
514.5137182686452
514.5137182686452
514.5137182686452
514.5137182686452
514.5137182686452
514.5137182686452
514.5137182686452
514.5137182686452
514.5137182686452
514.5137182686452
514.5137182686452
514.5137182686451
514.5137182686452
514.5137182686452
514.5137182686452
514.5137182686452
514.5137182686452
514.5137182686452
514.5137182686452
517.4027214781898
514.5137182686452
514.5137182686452
514.5137182686452
514.5137182686452
514.5137182686452
514.5137182686452
514.5137182686452
514.5137182686451
514.5137182686451
514.5137182686451
514.5137182686451
514.5137182686451
514.5137182686451
514.5137182686451
514.5137182686451
514.5137182686451
514.5137182686451
514.5137182686451
514.5137182686451
514.5137182686451
514.5137182686451
514.5137182686451
514.5137182686451
514.5137182686451
514.5137182686451
514.5137182686451
514.5137182686451
514.5137182686451
514.5291586090987
514.5137182686452
514.5137182686451
514.5137182686451
514.5137182686452
514.5137182686452
514.5137182686451
514.5137182686452
514.5137182686451
514.5137182686451
514.5137182686452
514.5137182686452
514.5137182686452
514.5137182686452
514.5137182686452
514.5137182686451
514.5137182686452
514.5137182686452
514.5137182686452
514.5137182686451
514.5137182686452
514.5137182686451
514.5137182686452
514.5291586090987
514.5137182686451
514.5137182686452
514.5137182686452
514.5137182686452
514.5137182686452
514.5137182686452
514.5137182686452
514.5137182686451
514.5137182686451
514.5137182686451
514.5137182686451
514.5137182686451
514.5137182686451
514.5137182686451
514.5137182686451
514.5137182686451
514.5137182686451
514.5137182686451
514.5137182686451
514.5137182686451
514.5137182686451
514.5137182686451
514.5137182686451
514.5137182686451
514.5137182686451
514.5137182686451
514.5137182686451
514.5137182686451
514.5137182686451
514.5137182686451
514.5137182686451
511.92974896938966
514.5137182686452
514.5137182686452
514.5137182686451
514.5137182686452
514.5137182686451
514.5137182686451
514.5137182686451
514.5137182686452
514.5137182686452
514.5137182686452
514.5137182686452
514.5137182686451
514.5137182686452
514.5137182686452
514.5137182686452
514.5137182686451
514.5137182686452
514.5137182686451
514.5137182686452
514.5137182686452
514.5137182686451
514.5137182686452
514.5137182686451
514.5137182686452
514.5137182686451
514.5137182686451
511.92974896938966
514.5137182686451
514.5137182686451
514.5137182686451
514.5137182686451
514.5137182686451
514.5137182686451
514.5137182686451
514.5137182686451
514.5137182686451
514.5137182686451
514.5137182686451
514.5137182686451
514.5137182686451
514.5137182686451
514.5137182686451
514.5137182686451
514.5137182686451
514.5137182686451
514.5137182686451
514.5137182686451
514.5137182686451
511.92974896938966
511.92974896938966
511.92974896938966
511.92974896938966
514.5137182686452
514.5137182686452
511.92974896938966
511.92974896938966
511.92974896938966
511.92974896938966
511.92974896938966
511.92974896938966
511.92974896938966
511.92974896938966
514.5137182686452
511.92974896938966
511.92974896938966
511.92974896938966
511.92974896938966
511.92974896938966
511.92974896938966
511.92974896938966
511.92974896938966
514.5137182686452
511.92974896938966
511.92974896938966
511.92974896938966
511.92974896938966
511.92974896938966
511.92974896938966
511.92974896938966
511.92974896938966
511.92974896938966
511.92974896938966
511.92974896938966
511.92974896938966
514.5137182686451
511.92974896938966
511.92974896938966
511.92974896938966
511.92974896938966
511.92974896938966
511.92974896938966
511.92974896938966
511.92974896938966
511.92974896938966
511.92974896938966
511.92974896938966
514.5137182686451
511.92974896938966
511.92974896938966
511.92974896938966
511.92974896938966
511.92974896938966
511.92974896938966
511.92974896938966
511.92974896938966
511.92974896938966
511.92974896938966
511.92974896938966
511.92974896938966
511.92974896938966
511.92974896938966
511.92974896938966
511.92974896938966
511.92974896938966
511.92974896938966
511.92974896938966
511.92974896938966
511.92974896938966
511.92974896938966
511.92974896938966
511.92974896938966
511.92974896938966
511.92974896938966
511.92974896938966
511.92974896938966
511.92974896938966
511.63391295799266
511.92974896938966
511.92974896938966
511.92974896938966
511.92974896938966
511.92974896938966
511.92974896938966
511.92974896938966
511.92974896938966
511.92974896938966
511.92974896938966
511.92974896938966
511.92974896938966
511.92974896938966
511.92974896938966
511.63391295799266
511.92974896938966
511.92974896938966
511.92974896938966
511.92974896938966
511.92974896938966
511.92974896938966
511.92974896938966
511.92974896938966
511.92974896938966
511.92974896938966
511.63391295799266
511.63391295799266
511.63391295799266
511.63391295799266
511.63391295799266
511.63391295799266
511.63391295799266
511.92974896938966
511.63391295799266
511.63391295799266
511.63391295799266
511.63391295799266
511.63391295799266
511.63391295799266
511.63391295799266
511.63391295799266
511.63391295799266
511.63391295799266
511.63391295799266
511.63391295799266
511.63391295799266
511.63391295799266
511.63391295799266
511.63391295799266
511.63391295799266
511.63391295799266
511.63391295799266
511.63391295799266
511.63391295799266
511.63391295799266
511.63391295799266
511.63391295799266
511.63391295799266
511.63391295799266
511.63391295799266
511.63391295799266
511.63391295799266
511.63391295799266
511.63391295799266
511.63391295799266
511.63391295799266
506.75489581293994
511.63391295799266
511.63391295799266
511.63391295799266
511.63391295799266
511.63391295799266
511.63391295799266
511.63391295799266
511.63391295799266
511.63391295799266
511.63391295799266
599.0006950814437
506.75489581293994
506.75489581293994
506.75489581293994
506.75489581293994
506.75489581293994
506.75489581293994
506.75489581293994
506.75489581293994
506.75489581293994
506.75489581293994
506.75489581293994
506.75489581293994
506.75489581293994
506.75489581293994
506.75489581293994
506.75489581293994
506.75489581293994
506.75489581293994
511.63391295799266
506.75489581293994
511.63391295799266
506.75489581293994
506.75489581293994
506.75489581293994
506.75489581293994
506.75489581293994
506.75489581293994
506.75489581293994
506.75489581293994
506.75489581293994
506.75489581293994
506.75489581293994
506.75489581293994
506.75489581293994
506.75489581293994
506.75489581293994
506.75489581293994
506.75489581293994
506.75489581293994
506.75489581293994
506.75489581293994
506.75489581293994
511.63391295799266
511.63391295799266
511.63391295799266
511.63391295799266
511.63391295799266
511.63391295799266
511.63391295799266
511.63391295799266
511.63391295799266
506.75489581293994
506.75489581293994
506.75489581293994
506.75489581293994
506.75489581293994
506.75489581293994
506.75489581293994
506.75489581293994
506.75489581293994
506.75489581293994
506.75489581293994
506.75489581293994
506.75489581293994
506.75489581293994
506.75489581293994
506.75489581293994
506.75489581293994
506.75489581293994
503.82495762448286
506.75489581293994
506.75489581293994
506.75489581293994
506.75489581293994
506.75489581293994
503.82495762448286
506.75489581293994
506.75489581293994
503.82495762448286
503.82495762448286
506.75489581293994
506.75489581293994
503.82495762448286
506.75489581293994
506.75489581293994
506.75489581293994
506.75489581293994
503.82495762448286
506.75489581293994
506.75489581293994
506.75489581293994
506.75489581293994
506.75489581293994
506.75489581293994
506.75489581293994
506.75489581293994
506.75489581293994
506.75489581293994
506.75489581293994
506.75489581293994
511.63391295799266
506.75489581293994
506.75489581293994
498.76852878238606
503.82495762448286
503.82495762448286
503.82495762448286
503.82495762448286
503.82495762448286
503.82495762448286
503.82495762448286
503.82495762448286
503.82495762448286
503.82495762448286
503.82495762448286
503.82495762448286
503.82495762448286
503.82495762448286
503.82495762448286
506.75489581293994
503.82495762448286
498.76852878238606
498.7685287823861
498.7685287823861
498.7685287823861
498.7685287823861
498.7685287823861
498.7685287823861
498.7685287823861
498.7685287823861
498.7685287823861
498.7685287823861
498.7685287823861
498.7685287823861
498.7685287823861
498.7685287823861
506.75489581293994
498.7685287823861
498.7685287823861
498.7685287823861
498.7685287823861
498.7685287823861
498.7685287823861
498.7685287823861
498.7685287823861
498.7685287823861
498.7685287823861
498.7685287823861
498.7685287823861
506.75489581293994
498.7685287823861
498.7685287823861
498.7685287823861
498.7685287823861
498.7685287823861
498.76852878238606
498.7685287823861
498.76852878238606
498.7685287823861
498.7685287823861
498.7685287823861
498.7685287823861
498.7685287823861
498.76852878238606
498.7685287823861
498.7685287823861
498.7685287823861
503.82495762448286
498.7685287823861
498.7685287823861
498.7685287823861
498.7685287823861
498.7685287823861
498.76852878238606
498.7685287823861
498.7685287823861
498.7685287823861
498.7685287823861
498.7685287823861
498.7685287823861
498.7685287823861
498.7685287823861
498.7685287823861
498.7685287823861
498.7685287823861
498.7685287823861
498.7685287823861
498.7685287823861
498.7685287823861
498.7685287823861
498.7685287823861
498.7685287823861
498.7685287823861
498.7685287823861
498.7685287823861
498.7685287823861
498.7685287823861
498.7685287823861
492.85319748044685
498.7685287823861
498.7685287823861
498.7685287823861
492.85319748044685
498.7685287823861
498.7685287823861
498.7685287823861
498.7685287823861
492.85319748044685
492.8531974804469
492.8531974804469
492.8531974804469
492.8531974804469
492.8531974804469
492.8531974804469
492.8531974804469
492.8531974804469
498.7685287823861
492.8531974804469
492.8531974804469
492.8531974804469
492.8531974804469
492.8531974804469
492.8531974804469
492.8531974804469
492.8531974804469
492.8531974804469
492.8531974804469
492.8531974804469
492.8531974804469
492.8531974804469
492.85319748044685
492.8531974804469
492.8531974804469
498.7685287823861
492.8531974804469
492.8531974804469
492.8531974804469
492.8531974804469
492.8531974804469
492.8531974804469
492.8531974804469
492.85319748044685
498.7685287823861
492.8531974804469
492.8531974804469
492.8531974804469
492.8531974804469
492.8531974804469
492.8531974804469
492.85319748044685
492.85319748044685
498.7685287823861
492.8531974804469
492.8531974804469
492.85319748044685
492.8531974804469
492.8531974804469
492.85319748044685
492.8531974804469
492.85319748044685
492.8531974804469
492.8531974804469
492.8531974804469
492.8531974804469
492.8531974804469
492.8531974804469
492.85319748044685
492.8531974804469
492.8531974804469
492.8531974804469
492.85319748044685
492.85319748044685
492.85319748044685
492.85319748044685
492.85319748044685
492.8531974804469
492.8531974804469
492.85319748044685
492.8531974804469
492.8531974804469
492.8531974804469
492.8531974804469
492.85319748044685
492.8531974804469
492.8531974804469
492.8531974804469
492.8531974804469
492.8531974804469
492.8531974804469
492.85319748044685
492.8531974804469
492.8531974804469
492.8531974804469
492.85319748044685
492.8531974804469
492.8531974804469
492.85319748044685
492.8531974804469
492.8531974804469
492.85319748044685
492.85319748044685
492.85319748044685
492.85319748044685
492.8531974804469
492.8531974804469
492.8531974804469
492.85319748044685
492.8531974804469
492.8531974804469
492.85319748044685
492.8531974804469
492.85319748044685
492.8531974804469
492.8531974804469
492.8531974804469
492.8531974804469
492.85319748044685
492.8531974804469
492.85319748044685
492.8531974804469
492.8531974804469
492.85319748044685
492.85319748044685
492.85319748044685
492.85319748044685
492.85319748044685
492.85319748044685
492.8531974804469
492.8531974804469
492.85319748044685
492.85319748044685
492.8531974804469
492.8531974804469
492.8531974804469
492.85319748044685
492.8531974804469
492.8531974804469
492.8531974804469
492.8531974804469
492.85319748044685
492.8531974804469
492.85319748044685
492.8531974804469
492.8531974804469
492.85319748044685
492.85319748044685
492.85319748044685
492.8531974804469
492.85319748044685
492.8531974804469
492.85319748044685
492.85319748044685
492.85319748044685
492.85319748044685
492.85319748044685
492.8531974804469
492.8531974804469
492.8531974804469
492.85319748044685
492.8531974804469
492.8531974804469
492.85319748044685
492.8531974804469
493.7185702640054
492.8531974804469
492.8531974804469
492.8531974804469
492.8531974804469
492.85319748044685
492.85319748044685
492.85319748044685
492.8531974804469
492.8531974804469
492.85319748044685
492.85319748044685
492.85319748044685
492.85319748044685
492.85319748044685
492.85319748044685
492.8531974804469
492.8531974804469
492.85319748044685
492.85319748044685
492.8531974804469
492.8531974804469
492.8531974804469
492.85319748044685
492.8531974804469
492.85319748044685
492.8531974804469
492.8531974804469
492.85319748044685
492.85319748044685
492.85319748044685
492.8531974804469
492.8531974804469
492.85319748044685
492.85319748044685
492.85319748044685
492.8531974804469
492.85319748044685
492.8531974804469
492.85319748044685
492.85319748044685
492.85319748044685
492.85319748044685
492.85319748044685
492.85319748044685
492.8531974804469
492.85319748044685
492.85319748044685
492.8531974804469
492.8531974804469
492.85319748044685
492.8531974804469
492.85319748044685
492.8531974804469
492.85319748044685
492.8531974804469
492.85319748044685
492.85319748044685
492.85319748044685
492.85319748044685
492.8531974804469
492.8531974804469
492.85319748044685
492.85319748044685
492.85319748044685
492.85319748044685
492.85319748044685
492.85319748044685
492.85319748044685
492.8531974804469
492.85319748044685
492.85319748044685
492.8531974804469
492.8531974804469
492.8531974804469
492.85319748044685
492.8531974804469
492.85319748044685
492.8531974804469
492.85319748044685
492.85319748044685
492.85319748044685
492.85319748044685
492.8531974804469
492.85319748044685
492.85319748044685
492.85319748044685
492.85319748044685
492.8531974804469
492.85319748044685
492.8531974804469
492.85319748044685
492.85319748044685
492.85319748044685
492.85319748044685
492.85319748044685
492.85319748044685
492.85319748044685
492.85319748044685
492.85319748044685
492.8531974804469
492.8531974804469
492.85319748044685
492.8531974804469
492.85319748044685
492.8531974804469
492.85319748044685
492.8531974804469
492.85319748044685
492.85319748044685
492.85319748044685
492.85319748044685
492.8531974804469
492.8531974804469
492.85319748044685
492.85319748044685
492.85319748044685
492.85319748044685
492.85319748044685
492.85319748044685
492.85319748044685
492.8531974804469
492.85319748044685
492.85319748044685
492.8531974804469
492.8531974804469
492.8531974804469
492.85319748044685
492.8531974804469
492.85319748044685
492.8531974804469
492.85319748044685
492.85319748044685
492.85319748044685
492.85319748044685
492.8531974804469
492.85319748044685
492.85319748044685
492.85319748044685
492.85319748044685
492.8531974804469
492.85319748044685
492.85319748044685
492.85319748044685
492.85319748044685
492.85319748044685
492.85319748044685
492.85319748044685
492.85319748044685
492.85319748044685
492.85319748044685
492.85319748044685
492.8531974804469
492.85319748044685
492.85319748044685
492.8531974804469
492.85319748044685
492.8531974804469
492.85319748044685
492.8531974804469
492.85319748044685
492.85319748044685
492.85319748044685
492.85319748044685
492.8531974804469
492.8531974804469
492.85319748044685
492.85319748044685
492.85319748044685
492.85319748044685
492.85319748044685
492.85319748044685
492.85319748044685
492.8531974804469
492.85319748044685
492.85319748044685
492.8531974804469
492.85319748044685
492.85319748044685
492.85319748044685
492.8531974804469
492.85319748044685
492.8531974804469
492.85319748044685
492.85319748044685
492.85319748044685
492.85319748044685
492.85319748044685
492.85319748044685
492.85319748044685
492.85319748044685
492.85319748044685
492.85319748044685
492.85319748044685
492.85319748044685
492.85319748044685
492.85319748044685
492.85319748044685
492.85319748044685
492.85319748044685
492.85319748044685
492.85319748044685
492.85319748044685
492.85319748044685
492.8531974804469
492.85319748044685
492.85319748044685
492.85319748044685
492.85319748044685
492.8531974804469
492.85319748044685
492.8531974804469
492.85319748044685
492.85319748044685
492.85319748044685
492.85319748044685
492.8531974804469
492.8531974804469
492.85319748044685
492.85319748044685
492.85319748044685
492.85319748044685
492.85319748044685
492.85319748044685
492.85319748044685
492.8531974804469
492.85319748044685
492.85319748044685
492.8531974804469
492.85319748044685
492.85319748044685
492.85319748044685
492.85319748044685
492.85319748044685
492.8531974804469
492.85319748044685
492.85319748044685
492.85319748044685
492.85319748044685
492.85319748044685
492.85319748044685
492.85319748044685
492.85319748044685
492.85319748044685
492.85319748044685
492.85319748044685
492.85319748044685
492.85319748044685
492.85319748044685
492.85319748044685
492.85319748044685
492.85319748044685
492.85319748044685
492.85319748044685
492.85319748044685
492.85319748044685
492.8531974804469
492.85319748044685
492.85319748044685
492.85319748044685
492.85319748044685
492.8531974804469
492.85319748044685
492.8531974804469
492.85319748044685
492.85319748044685
492.85319748044685
492.85319748044685
492.8531974804469
492.8531974804469
492.85319748044685
492.85319748044685
492.85319748044685
492.85319748044685
492.85319748044685
492.85319748044685
492.85319748044685
492.8531974804469
492.85319748044685
492.85319748044685
492.8531974804469
492.85319748044685
492.85319748044685
492.85319748044685
492.85319748044685
492.85319748044685
492.85319748044685
492.85319748044685
492.85319748044685
492.85319748044685
492.85319748044685
492.85319748044685
492.85319748044685
492.85319748044685
492.85319748044685
492.85319748044685
492.85319748044685
492.85319748044685
492.85319748044685
492.85319748044685
492.85319748044685
492.85319748044685
492.85319748044685
492.85319748044685
492.85319748044685
492.85319748044685
492.85319748044685
492.85319748044685
492.8531974804469
492.85319748044685
492.85319748044685
492.85319748044685
558.8324604816377
492.8531974804469
492.85319748044685
492.8531974804469
492.85319748044685
492.85319748044685
492.85319748044685
492.85319748044685
492.8531974804469
492.85319748044685
492.85319748044685
492.85319748044685
492.85319748044685
492.85319748044685
492.85319748044685
492.85319748044685
492.85319748044685
492.85319748044685
492.85319748044685
492.85319748044685
492.8531974804469
492.85319748044685
492.85319748044685
492.85319748044685
492.85319748044685
492.85319748044685
492.85319748044685
492.85319748044685
492.85319748044685
492.85319748044685
492.85319748044685
492.85319748044685
492.85319748044685
492.85319748044685
492.85319748044685
492.85319748044685
492.85319748044685
492.85319748044685
492.85319748044685
492.85319748044685
492.85319748044685
492.85319748044685
492.85319748044685
492.85319748044685
492.85319748044685
492.85319748044685
492.85319748044685
492.85319748044685
492.8531974804469
492.85319748044685
492.85319748044685
492.85319748044685
492.85319748044685
492.8531974804469
492.85319748044685
492.8531974804469
492.85319748044685
492.85319748044685
492.85319748044685
492.85319748044685
492.8531974804469
492.85319748044685
492.85319748044685
492.85319748044685
492.85319748044685
492.85319748044685
492.85319748044685
492.85319748044685
492.85319748044685
492.85319748044685
492.85319748044685
492.85319748044685
492.8531974804469
492.85319748044685
492.85319748044685
492.85319748044685
492.85319748044685
492.85319748044685
492.85319748044685
492.85319748044685
492.85319748044685
492.85319748044685
492.85319748044685
492.85319748044685
492.85319748044685
492.85319748044685
492.85319748044685
492.85319748044685
492.85319748044685
492.85319748044685
492.85319748044685
492.85319748044685
492.85319748044685
492.85319748044685
492.85319748044685
492.85319748044685
492.85319748044685
492.85319748044685
492.85319748044685
492.85319748044685
492.8531974804469
492.85319748044685
492.85319748044685
492.85319748044685
492.85319748044685
492.8531974804469
492.85319748044685
492.8531974804469
492.85319748044685
492.85319748044685
492.85319748044685
492.85319748044685
492.8531974804469
492.85319748044685
492.85319748044685
492.85319748044685
492.85319748044685
492.85319748044685
492.85319748044685
492.85319748044685
492.85319748044685
492.85319748044685
492.85319748044685
492.85319748044685
492.8531974804469
492.85319748044685
492.85319748044685
492.85319748044685
492.85319748044685
492.85319748044685
492.85319748044685
492.85319748044685
492.85319748044685
492.85319748044685
492.85319748044685
492.85319748044685
492.85319748044685
492.85319748044685
492.85319748044685
492.85319748044685
492.85319748044685
492.85319748044685
492.85319748044685
492.85319748044685
492.85319748044685
492.85319748044685
492.85319748044685
492.85319748044685
492.85319748044685
492.85319748044685
492.85319748044685
492.85319748044685
492.8531974804469
492.85319748044685
492.85319748044685
492.85319748044685
492.85319748044685
492.8531974804469
492.85319748044685
492.8531974804469
492.85319748044685
492.85319748044685
492.85319748044685
492.85319748044685
492.85319748044685
492.85319748044685
492.85319748044685
492.85319748044685
492.85319748044685
492.85319748044685
492.85319748044685
492.85319748044685
492.85319748044685
492.85319748044685
492.85319748044685
492.85319748044685
492.8531974804469
492.85319748044685
492.85319748044685
492.85319748044685
492.85319748044685
492.85319748044685
492.85319748044685
492.85319748044685
492.85319748044685
492.85319748044685
492.85319748044685
492.85319748044685
492.85319748044685
492.85319748044685
492.85319748044685
492.85319748044685
492.85319748044685
492.85319748044685
492.85319748044685
492.85319748044685
492.85319748044685
492.85319748044685
492.85319748044685
492.85319748044685
492.85319748044685
492.85319748044685
492.85319748044685
492.85319748044685
492.8531974804469
492.85319748044685
492.85319748044685
492.85319748044685
492.85319748044685
492.8531974804469
492.85319748044685
492.85319748044685
492.85319748044685
492.85319748044685
492.85319748044685
492.85319748044685
492.85319748044685
492.85319748044685
492.85319748044685
492.85319748044685
492.85319748044685
492.85319748044685
492.85319748044685
492.85319748044685
492.85319748044685
492.85319748044685
492.85319748044685
492.85319748044685
492.8531974804469
492.85319748044685
492.85319748044685
492.85319748044685
492.85319748044685
492.85319748044685
492.85319748044685
492.85319748044685
492.85319748044685
492.85319748044685
492.85319748044685
492.85319748044685
492.85319748044685
492.85319748044685
492.85319748044685
492.85319748044685
492.85319748044685
492.85319748044685
492.85319748044685
492.85319748044685
492.85319748044685
492.85319748044685
492.85319748044685
492.85319748044685
492.85319748044685
492.85319748044685
492.85319748044685
492.85319748044685
492.8531974804469
492.85319748044685
492.85319748044685
492.85319748044685
492.85319748044685
492.8531974804469
492.85319748044685
492.85319748044685
492.85319748044685
492.85319748044685
492.85319748044685
492.85319748044685
492.85319748044685
492.85319748044685
492.85319748044685
492.85319748044685
492.85319748044685
492.85319748044685
492.85319748044685
492.85319748044685
492.85319748044685
492.85319748044685
492.85319748044685
492.85319748044685
492.85319748044685
492.85319748044685
492.85319748044685
492.85319748044685
492.85319748044685
492.85319748044685
492.85319748044685
492.85319748044685
492.85319748044685
492.85319748044685
492.85319748044685
492.85319748044685
492.85319748044685
492.85319748044685
492.85319748044685
492.85319748044685
492.85319748044685
492.85319748044685
492.85319748044685
492.85319748044685
492.85319748044685
492.85319748044685
492.85319748044685
492.85319748044685
492.85319748044685
492.85319748044685
492.85319748044685
492.85319748044685
492.8531974804469
492.85319748044685
492.85319748044685
492.85319748044685
492.85319748044685
492.8531974804469
492.85319748044685
492.85319748044685
492.85319748044685
492.85319748044685
492.85319748044685
492.85319748044685
492.85319748044685
492.85319748044685
492.85319748044685
492.85319748044685
492.85319748044685
492.85319748044685
492.85319748044685
492.85319748044685
492.85319748044685
492.85319748044685
492.85319748044685
492.85319748044685
492.85319748044685
492.85319748044685
492.85319748044685
492.85319748044685
492.85319748044685
492.85319748044685
492.85319748044685
492.85319748044685
492.85319748044685
492.85319748044685
492.85319748044685
492.85319748044685
492.85319748044685
492.85319748044685
492.85319748044685
492.85319748044685
492.85319748044685
492.85319748044685
492.85319748044685
492.85319748044685
492.85319748044685
492.85319748044685
492.85319748044685
492.85319748044685
492.85319748044685
492.85319748044685
492.85319748044685
492.85319748044685
492.8531974804469
492.85319748044685
492.85319748044685
492.85319748044685
492.85319748044685
492.85319748044685
492.85319748044685
492.85319748044685
492.85319748044685
492.85319748044685
492.85319748044685
492.85319748044685
492.85319748044685
492.85319748044685
492.85319748044685
492.85319748044685
492.85319748044685
492.85319748044685
492.85319748044685
492.85319748044685
492.85319748044685
492.85319748044685
492.85319748044685
492.85319748044685
492.85319748044685
492.85319748044685
492.85319748044685
492.85319748044685
492.85319748044685
492.85319748044685
492.85319748044685
492.85319748044685
492.85319748044685
492.85319748044685
492.85319748044685
492.85319748044685
492.85319748044685
492.85319748044685
492.85319748044685
492.85319748044685
492.85319748044685
492.85319748044685
492.85319748044685
492.85319748044685
492.85319748044685
492.85319748044685
492.85319748044685
492.85319748044685
492.85319748044685
492.85319748044685
492.85319748044685
492.85319748044685
492.8531974804469
492.85319748044685
492.85319748044685
492.85319748044685
492.85319748044685
492.85319748044685
492.85319748044685
492.85319748044685
492.85319748044685
492.85319748044685
492.85319748044685
492.85319748044685
492.85319748044685
492.85319748044685
492.85319748044685
492.85319748044685
492.85319748044685
492.85319748044685
492.85319748044685
492.85319748044685
492.85319748044685
492.85319748044685
492.85319748044685
492.85319748044685
492.85319748044685
492.85319748044685
492.85319748044685
492.85319748044685
492.85319748044685
492.85319748044685
492.85319748044685
492.85319748044685
492.85319748044685
492.85319748044685
492.85319748044685
492.85319748044685
492.85319748044685
492.85319748044685
492.85319748044685
492.85319748044685
492.85319748044685
492.85319748044685
492.85319748044685
492.85319748044685
492.85319748044685
492.85319748044685
492.85319748044685
492.85319748044685
492.85319748044685
492.85319748044685
492.85319748044685
492.85319748044685
492.8531974804469
492.85319748044685
492.85319748044685
492.85319748044685
658.2338785541086
492.85319748044685
492.85319748044685
492.85319748044685
492.85319748044685
492.85319748044685
492.85319748044685
492.85319748044685
492.85319748044685
492.85319748044685
492.85319748044685
492.85319748044685
492.85319748044685
492.85319748044685
492.85319748044685
492.85319748044685
492.85319748044685
492.85319748044685
492.85319748044685
492.85319748044685
492.85319748044685
492.85319748044685
492.85319748044685
492.85319748044685
492.85319748044685
492.85319748044685
492.85319748044685
492.85319748044685
492.85319748044685
492.85319748044685
492.85319748044685
492.85319748044685
492.85319748044685
492.85319748044685
492.85319748044685
492.85319748044685
492.85319748044685
492.85319748044685
492.85319748044685
492.85319748044685
492.85319748044685
492.85319748044685
492.85319748044685
492.85319748044685
492.85319748044685
492.85319748044685
492.85319748044685
492.85319748044685
492.8531974804469
492.85319748044685
492.85319748044685
492.85319748044685
492.85319748044685
492.85319748044685
492.85319748044685
492.85319748044685
492.85319748044685
492.85319748044685
492.85319748044685
492.85319748044685
492.85319748044685
492.85319748044685
492.85319748044685
492.85319748044685
492.85319748044685
492.85319748044685
492.85319748044685
492.85319748044685
492.85319748044685
492.85319748044685
492.85319748044685
492.85319748044685
492.85319748044685
492.85319748044685
492.85319748044685
492.85319748044685
492.85319748044685
492.85319748044685
492.85319748044685
492.85319748044685
492.85319748044685
492.85319748044685
492.85319748044685
492.85319748044685
492.85319748044685
492.85319748044685
492.85319748044685
492.85319748044685
492.85319748044685
492.85319748044685
492.85319748044685
492.85319748044685
492.85319748044685
492.85319748044685
492.85319748044685
492.85319748044685
492.85319748044685
492.85319748044685
492.85319748044685
492.85319748044685
492.85319748044685
492.85319748044685
492.85319748044685
492.85319748044685
492.85319748044685
492.85319748044685
492.85319748044685
492.85319748044685
492.85319748044685
492.85319748044685
492.85319748044685
492.85319748044685
492.85319748044685
492.85319748044685
492.85319748044685
492.85319748044685
492.85319748044685
492.85319748044685
492.85319748044685
492.85319748044685
492.85319748044685
492.85319748044685
492.85319748044685
492.85319748044685
492.85319748044685
492.85319748044685
492.85319748044685
492.85319748044685
492.85319748044685
492.85319748044685
492.85319748044685
492.85319748044685
492.85319748044685
492.85319748044685
492.85319748044685
492.85319748044685
492.85319748044685
492.85319748044685
492.85319748044685
492.85319748044685
492.85319748044685
492.85319748044685
492.85319748044685
492.85319748044685
492.85319748044685
492.85319748044685
492.85319748044685
492.85319748044685
492.85319748044685
492.85319748044685
492.85319748044685
492.85319748044685
492.85319748044685
492.85319748044685
492.85319748044685
492.85319748044685
492.85319748044685
492.85319748044685
492.85319748044685
492.85319748044685
492.85319748044685
492.85319748044685
492.85319748044685
492.85319748044685
492.85319748044685
492.85319748044685
492.85319748044685
492.85319748044685
492.85319748044685
492.85319748044685
492.85319748044685
492.85319748044685
492.85319748044685
492.85319748044685
492.85319748044685
492.85319748044685
492.85319748044685
492.85319748044685
492.85319748044685
492.85319748044685
492.85319748044685
492.85319748044685
492.85319748044685
492.85319748044685
492.85319748044685
492.85319748044685
492.85319748044685
492.85319748044685
492.85319748044685
492.85319748044685
492.85319748044685
492.85319748044685
492.85319748044685
492.85319748044685
492.85319748044685
492.85319748044685
492.85319748044685
492.85319748044685
492.85319748044685
492.85319748044685
492.85319748044685
492.85319748044685
492.85319748044685
492.85319748044685
492.85319748044685
492.85319748044685
492.85319748044685
492.85319748044685
492.85319748044685
492.85319748044685
492.85319748044685
492.85319748044685
492.85319748044685
492.85319748044685
492.85319748044685
492.85319748044685
492.85319748044685
492.85319748044685
492.85319748044685
492.85319748044685
492.85319748044685
492.85319748044685
492.85319748044685
492.85319748044685
492.85319748044685
492.85319748044685
492.85319748044685
492.85319748044685
492.85319748044685
492.85319748044685
492.85319748044685
492.85319748044685
492.85319748044685
492.85319748044685
492.85319748044685
492.85319748044685
492.85319748044685
492.85319748044685
492.85319748044685
492.85319748044685
492.85319748044685
492.85319748044685
492.85319748044685
492.85319748044685
492.85319748044685
492.85319748044685
492.85319748044685
492.85319748044685
492.85319748044685
492.85319748044685
492.85319748044685
492.85319748044685
492.85319748044685
492.85319748044685
492.85319748044685
492.85319748044685
492.85319748044685
492.85319748044685
492.85319748044685
492.85319748044685
492.85319748044685
492.85319748044685
492.85319748044685
492.85319748044685
492.85319748044685
492.85319748044685
492.85319748044685
492.85319748044685
492.85319748044685
492.85319748044685
492.85319748044685
492.85319748044685
492.85319748044685
492.85319748044685
492.85319748044685
492.85319748044685
492.85319748044685
492.85319748044685
492.85319748044685
492.85319748044685
492.85319748044685
492.85319748044685
492.85319748044685
492.85319748044685
492.85319748044685
492.85319748044685
492.85319748044685
492.85319748044685
492.85319748044685
492.85319748044685
492.85319748044685
492.85319748044685
492.85319748044685
492.85319748044685
492.85319748044685
492.85319748044685
492.85319748044685
492.85319748044685
492.85319748044685
492.85319748044685
492.85319748044685
492.85319748044685
492.85319748044685
492.85319748044685
492.85319748044685
492.85319748044685
492.85319748044685
492.85319748044685
492.85319748044685
492.85319748044685
492.85319748044685
492.85319748044685
492.85319748044685
492.85319748044685
492.85319748044685
492.85319748044685
492.85319748044685
492.85319748044685
492.85319748044685
492.85319748044685
492.85319748044685
492.85319748044685
492.85319748044685
492.85319748044685
492.85319748044685
492.85319748044685
492.85319748044685
492.85319748044685
492.85319748044685
492.85319748044685
492.85319748044685
492.85319748044685
492.85319748044685
492.85319748044685
492.85319748044685
492.85319748044685
492.85319748044685
492.85319748044685
492.85319748044685
492.85319748044685
492.85319748044685
492.85319748044685
492.85319748044685
492.85319748044685
492.85319748044685
492.85319748044685
492.85319748044685
492.85319748044685
492.85319748044685
492.85319748044685
492.85319748044685
492.85319748044685
492.85319748044685
492.85319748044685
492.85319748044685
492.85319748044685
492.85319748044685
492.85319748044685
492.85319748044685
492.85319748044685
492.85319748044685
492.85319748044685
492.85319748044685
492.85319748044685
492.85319748044685
492.85319748044685
492.85319748044685
492.85319748044685
492.85319748044685
492.85319748044685
492.85319748044685
492.85319748044685
492.85319748044685
492.85319748044685
492.85319748044685
492.85319748044685
492.85319748044685
492.85319748044685
492.85319748044685
492.85319748044685
492.85319748044685
492.85319748044685
492.85319748044685
492.85319748044685
492.85319748044685
492.85319748044685
492.85319748044685
492.85319748044685
492.85319748044685
492.85319748044685
492.85319748044685
492.85319748044685
492.85319748044685
492.85319748044685
492.85319748044685
492.85319748044685
492.85319748044685
492.85319748044685
492.85319748044685
492.85319748044685
492.85319748044685
492.85319748044685
492.85319748044685
492.85319748044685
492.85319748044685
492.85319748044685
492.85319748044685
492.85319748044685
492.85319748044685
492.85319748044685
492.85319748044685
492.85319748044685
492.85319748044685
492.85319748044685
492.85319748044685
492.85319748044685
492.85319748044685
492.85319748044685
492.85319748044685
492.85319748044685
492.85319748044685
492.85319748044685
492.85319748044685
492.85319748044685
492.85319748044685
492.85319748044685
492.85319748044685
492.85319748044685
492.85319748044685
492.85319748044685
492.85319748044685
492.85319748044685
492.85319748044685
492.85319748044685
492.85319748044685
492.85319748044685
492.85319748044685
492.85319748044685
492.85319748044685
492.85319748044685
492.85319748044685
492.85319748044685
492.85319748044685
492.85319748044685
492.85319748044685
492.85319748044685
492.85319748044685
492.85319748044685
492.85319748044685
492.85319748044685
492.85319748044685
492.85319748044685
492.85319748044685
492.85319748044685
492.85319748044685
492.85319748044685
492.85319748044685
492.85319748044685
492.85319748044685
492.85319748044685
492.85319748044685
492.85319748044685
492.85319748044685
492.85319748044685
492.85319748044685
492.85319748044685
492.85319748044685
492.85319748044685
492.85319748044685
492.85319748044685
492.85319748044685
492.85319748044685
492.85319748044685
492.85319748044685
492.85319748044685
492.85319748044685
492.85319748044685
492.85319748044685
492.85319748044685
492.85319748044685
492.85319748044685
492.85319748044685
492.85319748044685
492.85319748044685
492.85319748044685
492.85319748044685
492.85319748044685
492.85319748044685
492.85319748044685
492.85319748044685
492.85319748044685
492.85319748044685
492.85319748044685
492.85319748044685
492.85319748044685
492.85319748044685
492.85319748044685
492.85319748044685
492.85319748044685
492.85319748044685
492.85319748044685
492.85319748044685
492.85319748044685
492.85319748044685
492.85319748044685
492.85319748044685
492.85319748044685
492.85319748044685
492.85319748044685
492.85319748044685
492.85319748044685
492.85319748044685
492.85319748044685
492.85319748044685
492.85319748044685
492.85319748044685
492.85319748044685
492.85319748044685
492.85319748044685
492.85319748044685
492.85319748044685
492.85319748044685
492.85319748044685
492.85319748044685
492.85319748044685
492.85319748044685
492.85319748044685
492.85319748044685
492.85319748044685
492.85319748044685
492.85319748044685
492.85319748044685
492.85319748044685
492.85319748044685
492.85319748044685
492.85319748044685
492.85319748044685
492.85319748044685
492.85319748044685
492.85319748044685
492.85319748044685
492.85319748044685
492.85319748044685
492.85319748044685
492.85319748044685
492.85319748044685
492.85319748044685
492.85319748044685
492.85319748044685
492.85319748044685
492.85319748044685
492.85319748044685
492.85319748044685
492.85319748044685
492.85319748044685
492.85319748044685
492.85319748044685
492.85319748044685
492.85319748044685
492.85319748044685
492.85319748044685
492.85319748044685
492.85319748044685
492.85319748044685
492.85319748044685
492.85319748044685
492.85319748044685
492.85319748044685
492.85319748044685
492.85319748044685
492.85319748044685
492.85319748044685
492.85319748044685
492.85319748044685
492.85319748044685
492.85319748044685
492.85319748044685
492.85319748044685
492.85319748044685
492.85319748044685
492.85319748044685
492.85319748044685
492.85319748044685
492.85319748044685
492.85319748044685
492.85319748044685
492.85319748044685
492.85319748044685
492.85319748044685
492.85319748044685
492.85319748044685
492.85319748044685
492.85319748044685
492.85319748044685
492.85319748044685
492.85319748044685
492.85319748044685
492.85319748044685
492.85319748044685
492.85319748044685
492.85319748044685
492.85319748044685
492.85319748044685
492.85319748044685
492.85319748044685
492.85319748044685
492.85319748044685
492.85319748044685
492.85319748044685
492.85319748044685
492.85319748044685
492.85319748044685
492.85319748044685
492.85319748044685
492.85319748044685
492.85319748044685
492.85319748044685
492.85319748044685
492.85319748044685
492.85319748044685
492.85319748044685
492.85319748044685
492.85319748044685
492.85319748044685
492.85319748044685
492.85319748044685
492.85319748044685
492.85319748044685
492.85319748044685
492.85319748044685
492.85319748044685
492.85319748044685
492.85319748044685
492.85319748044685
492.85319748044685
492.85319748044685
492.85319748044685
492.85319748044685
492.85319748044685
492.85319748044685
492.85319748044685
492.85319748044685
492.85319748044685
492.85319748044685
492.85319748044685
492.85319748044685
492.85319748044685
492.85319748044685
492.85319748044685
492.85319748044685
492.85319748044685
492.85319748044685
492.85319748044685
492.85319748044685
492.85319748044685
492.85319748044685
492.85319748044685
492.85319748044685
492.85319748044685
492.85319748044685
492.85319748044685
492.85319748044685
492.85319748044685
492.85319748044685
492.85319748044685
492.85319748044685
492.85319748044685
492.85319748044685
492.85319748044685
492.85319748044685
492.85319748044685
492.85319748044685
492.85319748044685
492.85319748044685
492.85319748044685
492.85319748044685
492.85319748044685
492.85319748044685
492.85319748044685
492.85319748044685
492.85319748044685
492.85319748044685
492.85319748044685
492.85319748044685
492.85319748044685
492.85319748044685
492.85319748044685
492.85319748044685
492.85319748044685
492.85319748044685
492.85319748044685
492.85319748044685
492.85319748044685
492.85319748044685
492.85319748044685
492.85319748044685
492.85319748044685
492.85319748044685
492.85319748044685
492.85319748044685
492.85319748044685
492.85319748044685
492.85319748044685
492.85319748044685
492.85319748044685
492.85319748044685
492.85319748044685
492.85319748044685
492.85319748044685
492.85319748044685
492.85319748044685
492.85319748044685
492.85319748044685
492.85319748044685
492.85319748044685
492.85319748044685
492.85319748044685
492.85319748044685
492.85319748044685
492.85319748044685
492.85319748044685
492.85319748044685
492.85319748044685
492.85319748044685
492.85319748044685
492.85319748044685
492.85319748044685
492.85319748044685
492.85319748044685
492.85319748044685
492.85319748044685
492.85319748044685
492.85319748044685
492.85319748044685
492.85319748044685
492.85319748044685
492.85319748044685
492.85319748044685
492.85319748044685
492.85319748044685
492.85319748044685
492.85319748044685
492.85319748044685
492.85319748044685
492.85319748044685
492.85319748044685
492.85319748044685
492.85319748044685
492.85319748044685
492.85319748044685
492.85319748044685
492.85319748044685
492.85319748044685
492.85319748044685
492.85319748044685
492.85319748044685
492.85319748044685
492.85319748044685
492.85319748044685
492.85319748044685
492.85319748044685
492.85319748044685
492.85319748044685
492.85319748044685
492.85319748044685
492.85319748044685
492.85319748044685
492.85319748044685
492.85319748044685
492.85319748044685
492.85319748044685
492.85319748044685
492.85319748044685
492.85319748044685
492.85319748044685
492.85319748044685
492.85319748044685
492.85319748044685
492.85319748044685
492.85319748044685
686.4741529949537
492.85319748044685
492.85319748044685
492.85319748044685
492.85319748044685
492.85319748044685
492.85319748044685
492.85319748044685
492.85319748044685
492.85319748044685
492.85319748044685
492.85319748044685
492.85319748044685
492.85319748044685
492.85319748044685
492.85319748044685
492.85319748044685
492.85319748044685
492.85319748044685
492.85319748044685
492.85319748044685
492.85319748044685
492.85319748044685
492.85319748044685
492.85319748044685
492.85319748044685
492.85319748044685
492.85319748044685
492.85319748044685
492.85319748044685
492.85319748044685
492.85319748044685
492.85319748044685
492.85319748044685
492.85319748044685
492.85319748044685
492.85319748044685
492.85319748044685
492.85319748044685
492.85319748044685
492.85319748044685
492.85319748044685
492.85319748044685
492.85319748044685
492.85319748044685
492.85319748044685
492.85319748044685
492.85319748044685
492.85319748044685
492.85319748044685
492.85319748044685
492.85319748044685
492.85319748044685
492.85319748044685
492.85319748044685
492.85319748044685
492.85319748044685
492.85319748044685
492.85319748044685
492.85319748044685
492.85319748044685
492.85319748044685
492.85319748044685
492.85319748044685
492.85319748044685
492.85319748044685
492.85319748044685
492.85319748044685
492.85319748044685
492.85319748044685
492.85319748044685
492.85319748044685
492.85319748044685
492.85319748044685
492.85319748044685
492.85319748044685
492.85319748044685
492.85319748044685
492.85319748044685
492.85319748044685
492.85319748044685
492.85319748044685
492.85319748044685
492.85319748044685
492.85319748044685
492.85319748044685
492.85319748044685
492.85319748044685
492.85319748044685
492.85319748044685
492.85319748044685
492.85319748044685
492.85319748044685
492.85319748044685
492.85319748044685
492.85319748044685
492.85319748044685
492.85319748044685
492.85319748044685
492.85319748044685
492.85319748044685
492.85319748044685
492.85319748044685
492.85319748044685
492.85319748044685
492.85319748044685
492.85319748044685
492.85319748044685
492.85319748044685
492.85319748044685
492.85319748044685
492.85319748044685
492.85319748044685
492.85319748044685
492.85319748044685
492.85319748044685
492.85319748044685
492.85319748044685
492.85319748044685
492.85319748044685
492.85319748044685
492.85319748044685
492.85319748044685
492.85319748044685
492.85319748044685
492.85319748044685
492.85319748044685
492.85319748044685
492.85319748044685
492.85319748044685
492.85319748044685
492.85319748044685
492.85319748044685
492.85319748044685
492.85319748044685
492.85319748044685
492.85319748044685
492.85319748044685
492.85319748044685
492.85319748044685
492.85319748044685
492.85319748044685
492.85319748044685
492.85319748044685
492.85319748044685
492.85319748044685
492.85319748044685
492.85319748044685
492.85319748044685
492.85319748044685
492.85319748044685
492.85319748044685
492.85319748044685
492.85319748044685
492.85319748044685
492.85319748044685
492.85319748044685
492.85319748044685
492.85319748044685
492.85319748044685
492.85319748044685
492.85319748044685
492.85319748044685
492.85319748044685
492.85319748044685
492.85319748044685
492.85319748044685
492.85319748044685
492.85319748044685
492.85319748044685
492.85319748044685
492.85319748044685
492.85319748044685
492.85319748044685
492.85319748044685
492.85319748044685
492.85319748044685
492.85319748044685
492.85319748044685
492.85319748044685
492.85319748044685
492.85319748044685
492.85319748044685
492.85319748044685
492.85319748044685
492.85319748044685
492.85319748044685
492.85319748044685
492.85319748044685
492.85319748044685
492.85319748044685
492.85319748044685
492.85319748044685
492.85319748044685
492.85319748044685
492.85319748044685
492.85319748044685
492.85319748044685
492.85319748044685
492.85319748044685
492.85319748044685
492.85319748044685
492.85319748044685
492.85319748044685
492.85319748044685
492.85319748044685
492.85319748044685
492.85319748044685
492.85319748044685
492.85319748044685
492.85319748044685
492.85319748044685
492.85319748044685
492.85319748044685
492.85319748044685
492.85319748044685
492.85319748044685
492.85319748044685
492.85319748044685
492.85319748044685
492.85319748044685
492.85319748044685
492.85319748044685
492.85319748044685
492.85319748044685
492.85319748044685
492.85319748044685
492.85319748044685
492.85319748044685
492.85319748044685
492.85319748044685
492.85319748044685
492.85319748044685
492.85319748044685
492.85319748044685
492.85319748044685
492.85319748044685
492.85319748044685
492.85319748044685
492.85319748044685
492.85319748044685
492.85319748044685
492.85319748044685
492.85319748044685
492.85319748044685
492.85319748044685
492.85319748044685
492.85319748044685
492.85319748044685
492.85319748044685
492.85319748044685
492.85319748044685
492.85319748044685
492.85319748044685
492.85319748044685
492.85319748044685
492.85319748044685
492.85319748044685
492.85319748044685
492.85319748044685
492.85319748044685
492.85319748044685
492.85319748044685
492.85319748044685
492.85319748044685
492.85319748044685
492.85319748044685
492.85319748044685
492.85319748044685
492.85319748044685
492.85319748044685
492.85319748044685
492.85319748044685
492.85319748044685
492.85319748044685
492.85319748044685
492.85319748044685
492.85319748044685
492.85319748044685
492.85319748044685
492.85319748044685
492.85319748044685
492.85319748044685
492.85319748044685
492.85319748044685
492.85319748044685
492.85319748044685
492.85319748044685
492.85319748044685
492.85319748044685
492.85319748044685
492.85319748044685
492.85319748044685
492.85319748044685
492.85319748044685
492.85319748044685
492.85319748044685
492.85319748044685
492.85319748044685
492.85319748044685
492.85319748044685
492.85319748044685
492.85319748044685
492.85319748044685
492.85319748044685
492.85319748044685
492.85319748044685
492.85319748044685
492.85319748044685
492.85319748044685
492.85319748044685
492.85319748044685
492.85319748044685
492.85319748044685
492.85319748044685
492.85319748044685
492.85319748044685
492.85319748044685
492.85319748044685
492.85319748044685
492.85319748044685
492.85319748044685
492.85319748044685
492.85319748044685
492.85319748044685
492.85319748044685
492.85319748044685
492.85319748044685
492.85319748044685
492.85319748044685
492.85319748044685
492.85319748044685
492.85319748044685
492.85319748044685
492.85319748044685
492.85319748044685
492.85319748044685
492.85319748044685
492.85319748044685
492.85319748044685
492.85319748044685
492.85319748044685
492.85319748044685
492.85319748044685
492.85319748044685
492.85319748044685
492.85319748044685
492.85319748044685
492.85319748044685
492.85319748044685
492.85319748044685
492.85319748044685
492.85319748044685
492.85319748044685
492.85319748044685
492.85319748044685
492.85319748044685
492.85319748044685
492.85319748044685
492.85319748044685
492.85319748044685
492.85319748044685
492.85319748044685
492.85319748044685
492.85319748044685
492.85319748044685
492.85319748044685
492.85319748044685
492.85319748044685
492.85319748044685
492.85319748044685
492.85319748044685
492.85319748044685
492.85319748044685
492.85319748044685
492.85319748044685
492.85319748044685
492.85319748044685
492.85319748044685
492.85319748044685
492.85319748044685
492.85319748044685
492.85319748044685
492.85319748044685
492.85319748044685
492.85319748044685
492.85319748044685
492.85319748044685
492.85319748044685
492.85319748044685
492.85319748044685
492.85319748044685
492.85319748044685
492.85319748044685
492.85319748044685
492.85319748044685
492.85319748044685
492.85319748044685
492.85319748044685
492.85319748044685
492.85319748044685
492.85319748044685
492.85319748044685
492.85319748044685
492.85319748044685
492.85319748044685
492.85319748044685
492.85319748044685
492.85319748044685
492.85319748044685
492.85319748044685
492.85319748044685
492.85319748044685
492.85319748044685
492.85319748044685
492.85319748044685
492.85319748044685
492.85319748044685
492.85319748044685
492.85319748044685
492.85319748044685
492.85319748044685
492.85319748044685
492.85319748044685
492.85319748044685
492.85319748044685
492.85319748044685
492.85319748044685
492.85319748044685
492.85319748044685
492.85319748044685
492.85319748044685
492.85319748044685
492.85319748044685
492.85319748044685
492.85319748044685
492.85319748044685
492.85319748044685
492.85319748044685
492.85319748044685
492.85319748044685
492.85319748044685
492.85319748044685
492.85319748044685
492.85319748044685
492.85319748044685
492.85319748044685
492.85319748044685
492.85319748044685
492.85319748044685
492.85319748044685
492.85319748044685
492.85319748044685
492.85319748044685
492.85319748044685
492.85319748044685
492.85319748044685
492.85319748044685
492.85319748044685
492.85319748044685
492.85319748044685
492.85319748044685
492.85319748044685
492.85319748044685
492.85319748044685
492.85319748044685
492.85319748044685
492.85319748044685
492.85319748044685
492.85319748044685
492.85319748044685
492.85319748044685
492.85319748044685
492.85319748044685
492.85319748044685
492.85319748044685
492.85319748044685
492.85319748044685
492.85319748044685
492.85319748044685
492.85319748044685
492.85319748044685
492.85319748044685
492.85319748044685
492.85319748044685
492.85319748044685
492.85319748044685
492.85319748044685
492.85319748044685
492.85319748044685
492.85319748044685
492.85319748044685
492.85319748044685
492.85319748044685
492.85319748044685
492.85319748044685
492.85319748044685
492.85319748044685
492.85319748044685
492.85319748044685
492.85319748044685
492.85319748044685
492.85319748044685
492.85319748044685
492.85319748044685
492.85319748044685
492.85319748044685
492.85319748044685
492.85319748044685
492.85319748044685
492.85319748044685
492.85319748044685
492.85319748044685
492.85319748044685
492.85319748044685
492.85319748044685
492.85319748044685
492.85319748044685
492.85319748044685
492.85319748044685
492.85319748044685
492.85319748044685
492.85319748044685
492.85319748044685
492.85319748044685
492.85319748044685
492.85319748044685
492.85319748044685
492.85319748044685
492.85319748044685
492.85319748044685
492.85319748044685
492.85319748044685
492.85319748044685
492.85319748044685
492.85319748044685
492.85319748044685
492.85319748044685
492.85319748044685
492.85319748044685
492.85319748044685
492.85319748044685
492.85319748044685
492.85319748044685
492.85319748044685
492.85319748044685
492.85319748044685
492.85319748044685
492.85319748044685
492.85319748044685
492.85319748044685
492.85319748044685
492.85319748044685
492.85319748044685
492.85319748044685
492.85319748044685
492.85319748044685
492.85319748044685
492.85319748044685
492.85319748044685
492.85319748044685
492.85319748044685
492.85319748044685
492.85319748044685
492.85319748044685
492.85319748044685
492.85319748044685
492.85319748044685
492.85319748044685
492.85319748044685
492.85319748044685
492.85319748044685
492.85319748044685
492.85319748044685
492.85319748044685
492.85319748044685
492.85319748044685
492.85319748044685
492.85319748044685
492.85319748044685
492.85319748044685
492.85319748044685
492.85319748044685
492.85319748044685
492.85319748044685
492.85319748044685
492.85319748044685
492.85319748044685
492.85319748044685
492.85319748044685
492.85319748044685
492.85319748044685
492.85319748044685
492.85319748044685
492.85319748044685
492.85319748044685
492.85319748044685
492.85319748044685
492.85319748044685
492.85319748044685
492.85319748044685
492.85319748044685
492.85319748044685
492.85319748044685
492.85319748044685
492.85319748044685
492.85319748044685
492.85319748044685
492.85319748044685
492.85319748044685
492.85319748044685
492.85319748044685
492.85319748044685
492.85319748044685
492.85319748044685
492.85319748044685
492.85319748044685
492.85319748044685
492.85319748044685
492.85319748044685
492.85319748044685
492.85319748044685
492.85319748044685
492.85319748044685
492.85319748044685
492.85319748044685
492.85319748044685
492.85319748044685
492.85319748044685
492.85319748044685
492.85319748044685
492.85319748044685
492.85319748044685
492.85319748044685
492.85319748044685
492.85319748044685
492.85319748044685
492.85319748044685
492.85319748044685
492.85319748044685
492.85319748044685
492.85319748044685
492.85319748044685
492.85319748044685
492.85319748044685
492.85319748044685
492.85319748044685
492.85319748044685
492.85319748044685
492.85319748044685
492.85319748044685
492.85319748044685
492.85319748044685
492.85319748044685
492.85319748044685
492.85319748044685
492.85319748044685
492.85319748044685
492.85319748044685
492.85319748044685
492.85319748044685
492.85319748044685
492.85319748044685
492.85319748044685
492.85319748044685
492.85319748044685
492.85319748044685
492.85319748044685
492.85319748044685
492.85319748044685
492.85319748044685
492.85319748044685
492.85319748044685
492.85319748044685
492.85319748044685
492.85319748044685
492.85319748044685
492.85319748044685
492.85319748044685
492.85319748044685
492.85319748044685
492.85319748044685
492.85319748044685
492.85319748044685
492.85319748044685
492.85319748044685
492.85319748044685
492.85319748044685
492.85319748044685
492.85319748044685
492.85319748044685
492.85319748044685
492.85319748044685
492.85319748044685
492.85319748044685
492.85319748044685
492.85319748044685
492.85319748044685
492.85319748044685
492.85319748044685
492.85319748044685
492.85319748044685
492.85319748044685
492.85319748044685
492.85319748044685
492.85319748044685
492.85319748044685
492.85319748044685
492.85319748044685
492.85319748044685
492.85319748044685
492.85319748044685
492.85319748044685
492.85319748044685
492.85319748044685
492.85319748044685
492.85319748044685
492.85319748044685
492.85319748044685
492.85319748044685
492.85319748044685
492.85319748044685
492.85319748044685
492.85319748044685
492.85319748044685
492.85319748044685
492.85319748044685
492.85319748044685
492.85319748044685
492.85319748044685
492.85319748044685
492.85319748044685
492.85319748044685
492.85319748044685
492.85319748044685
492.85319748044685
492.85319748044685
492.85319748044685
492.85319748044685
492.85319748044685
492.85319748044685
492.85319748044685
492.85319748044685
492.85319748044685
492.85319748044685
492.85319748044685
492.85319748044685
492.85319748044685
492.85319748044685
492.85319748044685
492.85319748044685
492.85319748044685
492.85319748044685
492.85319748044685
492.85319748044685
492.85319748044685
492.85319748044685
492.85319748044685
492.85319748044685
492.85319748044685
492.85319748044685
492.85319748044685
492.85319748044685
492.85319748044685
492.85319748044685
492.85319748044685
492.85319748044685
492.85319748044685
492.85319748044685
492.85319748044685
492.85319748044685
492.85319748044685
492.85319748044685
492.85319748044685
492.85319748044685
492.85319748044685
492.85319748044685
492.85319748044685
492.85319748044685
492.85319748044685
492.85319748044685
492.85319748044685
492.85319748044685
492.85319748044685
492.85319748044685
492.85319748044685
492.85319748044685
492.85319748044685
492.85319748044685
492.85319748044685
492.85319748044685
492.85319748044685
492.85319748044685
492.85319748044685
492.85319748044685
492.85319748044685
492.85319748044685
492.85319748044685
492.85319748044685
492.85319748044685
492.85319748044685
492.85319748044685
492.85319748044685
492.85319748044685
492.85319748044685
492.85319748044685
492.85319748044685
492.85319748044685
492.85319748044685
492.85319748044685
492.85319748044685
492.85319748044685
492.85319748044685
492.85319748044685
492.85319748044685
492.85319748044685
492.85319748044685
492.85319748044685
492.85319748044685
492.85319748044685
492.85319748044685
492.85319748044685
492.85319748044685
492.85319748044685
492.85319748044685
492.85319748044685
492.85319748044685
492.85319748044685
492.85319748044685
492.85319748044685
492.85319748044685
492.85319748044685
492.85319748044685
492.85319748044685
492.85319748044685
492.85319748044685
492.85319748044685
492.85319748044685
492.85319748044685
492.85319748044685
492.85319748044685
492.85319748044685
492.85319748044685
492.85319748044685
492.85319748044685
492.85319748044685
492.85319748044685
492.85319748044685
492.85319748044685
492.85319748044685
492.85319748044685
492.85319748044685
492.85319748044685
492.85319748044685
492.85319748044685
492.85319748044685
492.85319748044685
492.85319748044685
492.85319748044685
492.85319748044685
492.85319748044685
492.85319748044685
492.85319748044685
492.85319748044685
492.85319748044685
492.85319748044685
492.85319748044685
492.85319748044685
492.85319748044685
492.85319748044685
492.85319748044685
492.85319748044685
492.85319748044685
492.85319748044685
492.85319748044685
492.85319748044685
492.85319748044685
492.85319748044685
492.85319748044685
492.85319748044685
492.85319748044685
492.85319748044685
492.85319748044685
492.85319748044685
492.85319748044685
492.85319748044685
492.85319748044685
492.85319748044685
492.85319748044685
492.85319748044685
492.85319748044685
492.85319748044685
492.85319748044685
492.85319748044685
492.85319748044685
492.85319748044685
492.85319748044685
492.85319748044685
492.85319748044685
492.85319748044685
492.85319748044685
492.85319748044685
492.85319748044685
492.85319748044685
492.85319748044685
492.85319748044685
492.85319748044685
492.85319748044685
492.85319748044685
492.85319748044685
492.85319748044685
492.85319748044685
492.85319748044685
492.85319748044685
492.85319748044685
492.85319748044685
492.85319748044685
492.85319748044685
492.85319748044685
492.85319748044685
492.85319748044685
492.85319748044685
492.85319748044685
492.85319748044685
492.85319748044685
492.85319748044685
492.85319748044685
492.85319748044685
492.85319748044685
492.85319748044685
492.85319748044685
492.85319748044685
492.85319748044685
492.85319748044685
492.85319748044685
492.85319748044685
492.85319748044685
492.85319748044685
492.85319748044685
492.85319748044685
492.85319748044685
492.85319748044685
492.85319748044685
492.85319748044685
492.85319748044685
492.85319748044685
492.85319748044685
492.85319748044685
492.85319748044685
492.85319748044685
492.85319748044685
492.85319748044685
492.85319748044685
492.85319748044685
492.85319748044685
492.85319748044685
492.85319748044685
492.85319748044685
492.85319748044685
492.85319748044685
492.85319748044685
492.85319748044685
492.85319748044685
492.85319748044685
492.85319748044685
492.85319748044685
492.85319748044685
492.85319748044685
492.85319748044685
492.85319748044685
492.85319748044685
492.85319748044685
492.85319748044685
492.85319748044685
492.85319748044685
492.85319748044685
492.85319748044685
492.85319748044685
492.85319748044685
492.85319748044685
492.85319748044685
492.85319748044685
492.85319748044685
492.85319748044685
492.85319748044685
492.85319748044685
492.85319748044685
492.85319748044685
627.971186823198
492.85319748044685
492.85319748044685
492.85319748044685
492.85319748044685
492.85319748044685
492.85319748044685
492.85319748044685
492.85319748044685
492.85319748044685
492.85319748044685
492.85319748044685
492.85319748044685
492.85319748044685
492.85319748044685
492.85319748044685
492.85319748044685
492.85319748044685
492.85319748044685
492.85319748044685
492.85319748044685
492.85319748044685
492.85319748044685
492.85319748044685
492.85319748044685
492.85319748044685
492.85319748044685
492.85319748044685
492.85319748044685
492.85319748044685
492.85319748044685
492.85319748044685
492.85319748044685
492.85319748044685
492.85319748044685
492.85319748044685
492.85319748044685
492.85319748044685
492.85319748044685
492.85319748044685
492.85319748044685
492.85319748044685
492.85319748044685
492.85319748044685
492.85319748044685
492.85319748044685
492.85319748044685
492.85319748044685
492.85319748044685
492.85319748044685
492.85319748044685
492.85319748044685
492.85319748044685
492.85319748044685
492.85319748044685
492.85319748044685
492.85319748044685
492.85319748044685
492.85319748044685
492.85319748044685
492.85319748044685
492.85319748044685
492.85319748044685
492.85319748044685
492.85319748044685
492.85319748044685
492.85319748044685
492.85319748044685
492.85319748044685
492.85319748044685
492.85319748044685
492.85319748044685
492.85319748044685
492.85319748044685
492.85319748044685
492.85319748044685
492.85319748044685
492.85319748044685
492.85319748044685
492.85319748044685
492.85319748044685
492.85319748044685
492.85319748044685
492.85319748044685
492.85319748044685
492.85319748044685
492.85319748044685
492.85319748044685
492.85319748044685
492.85319748044685
492.85319748044685
492.85319748044685
492.85319748044685
492.85319748044685
492.85319748044685
492.85319748044685
492.85319748044685
492.85319748044685
492.85319748044685
492.85319748044685
492.85319748044685
492.85319748044685
492.85319748044685
492.85319748044685
492.85319748044685
492.85319748044685
492.85319748044685
492.85319748044685
492.85319748044685
492.85319748044685
492.85319748044685
492.85319748044685
492.85319748044685
492.85319748044685
492.85319748044685
492.85319748044685
492.85319748044685
492.85319748044685
492.85319748044685
492.85319748044685
492.85319748044685
492.85319748044685
492.85319748044685
492.85319748044685
492.85319748044685
492.85319748044685
492.85319748044685
492.85319748044685
492.85319748044685
492.85319748044685
492.85319748044685
492.85319748044685
492.85319748044685
492.85319748044685
492.85319748044685
492.85319748044685
492.85319748044685
492.85319748044685
492.85319748044685
492.85319748044685
492.85319748044685
492.85319748044685
492.85319748044685
492.85319748044685
492.85319748044685
492.85319748044685
492.85319748044685
492.85319748044685
492.85319748044685
492.85319748044685
492.85319748044685
492.85319748044685
492.85319748044685
492.85319748044685
492.85319748044685
492.85319748044685
492.85319748044685
492.85319748044685
492.85319748044685
492.85319748044685
492.85319748044685
492.85319748044685
492.85319748044685
492.85319748044685
492.85319748044685
492.85319748044685
492.85319748044685
492.85319748044685
492.85319748044685
492.85319748044685
492.85319748044685
492.85319748044685
492.85319748044685
492.85319748044685
492.85319748044685
492.85319748044685
492.85319748044685
492.85319748044685
492.85319748044685
492.85319748044685
492.85319748044685
492.85319748044685
492.85319748044685
492.85319748044685
492.85319748044685
492.85319748044685
492.85319748044685
492.85319748044685
492.85319748044685
492.85319748044685
492.85319748044685
492.85319748044685
492.85319748044685
492.85319748044685
492.85319748044685
492.85319748044685
492.85319748044685
492.85319748044685
492.85319748044685
492.85319748044685
492.85319748044685
492.85319748044685
492.85319748044685
492.85319748044685
492.85319748044685
492.85319748044685
492.85319748044685
492.85319748044685
492.85319748044685
492.85319748044685
492.85319748044685
492.85319748044685
492.85319748044685
492.85319748044685
492.85319748044685
492.85319748044685
492.85319748044685
492.85319748044685
492.85319748044685
492.85319748044685
492.85319748044685
492.85319748044685
492.85319748044685
492.85319748044685
492.85319748044685
492.85319748044685
492.85319748044685
492.85319748044685
492.85319748044685
492.85319748044685
492.85319748044685
492.85319748044685
492.85319748044685
492.85319748044685
492.85319748044685
492.85319748044685
492.85319748044685
492.85319748044685
492.85319748044685
492.85319748044685
492.85319748044685
492.85319748044685
492.85319748044685
492.85319748044685
492.85319748044685
492.85319748044685
492.85319748044685
492.85319748044685
492.85319748044685
492.85319748044685
492.85319748044685
492.85319748044685
492.85319748044685
492.85319748044685
492.85319748044685
492.85319748044685
492.85319748044685
492.85319748044685
492.85319748044685
492.85319748044685
492.85319748044685
