33.53
25
1652.6041397493727
1715.5290566497729
1697.7368923195304
1583.4464356369122
1651.2159853817034
1678.3352074234238
1615.0032062383725
1719.3442524872526
1621.8260002924812
1646.6489001935352
1530.3445953494993
1702.9327298463468
1637.8025254740744
1707.1385973452127
1605.5748425121278
1755.9601864437075
1613.237826198421
1557.3907687991518
1700.570570021938
1587.9072695127113
1699.726923992126
1684.1912173379462
1735.184429731843
1618.2837607450356
1597.8401904473474
1345.3782833354749
1469.4364407948533
1478.884637890355
1551.222610487969
1476.7302775183716
1495.9979228046054
1544.0752219354747
1481.890526092264
1531.0834653712304
1442.2724636025478
1519.6015264748748
1345.3782833354749
1578.1804336991074
1245.224793135813
1574.834772375229
1457.0419993122034
1304.685026192017
1481.4567704658948
1425.6853496136648
1269.799428069255
1468.8438823465528
1527.6438701019424
1562.7603846596319
1588.236340186936
1484.6679717177626
1444.3670027374299
1150.9829775191463
1379.615744648442
1365.6309883972558
1427.1244851137405
1380.694563694971
1379.8407188843476
1431.638003779872
1234.5890781090752
1408.5521409986986
1356.1405590393015
1205.7629366771648
1233.6437050511324
1509.8770389065498
1150.9829775191463
1512.8183728240097
1342.0928972683844
1140.3472624924088
1373.9613368294376
1302.165237955114
1140.3472624924088
1355.9250380147485
1407.351172433474
1447.1306855273276
1449.4127075693027
1389.2593299655218
1140.3472624924088
1056.1037345430445
1302.0949415560253
1260.0334806260848
1303.573636127979
1300.9961880574563
1264.2659046713648
1105.8424971413629
1122.1443319204438
1267.030433897426
1119.756696637371
1131.5260251796813
1137.2273988310174
1370.5182445796447
1084.9423801417468
1133.1145946412437
1264.0195945863927
1056.1037345430445
1257.835840965687
1227.1335499457393
1074.3066651150095
1272.104323159998
1051.7367859749545
1366.3929020098092
1354.850858556492
1038.8608486219707
1074.3066651150095
986.68890403119
1026.5989830559759
1021.8336651018851
1214.8074400361663
1204.1833301382753
1168.594704835267
1046.2790306971247
1027.0403747617324
1185.95028242246
985.9523690565834
1021.8336651018851
1034.6343672491466
1034.6343672491466
1034.6343672491466
1070.0302079350329
1186.9523208411033
1003.9317899522636
1178.5789493375573
1155.3331018223698
1027.0403747617324
1267.8962335734752
999.564841384174
1290.3264805969397
1269.0690879826666
986.68890403119
1022.1347205242287
944.6158497440646
969.7591644455225
969.6617205111044
976.2183096562483
985.9523690565834
1132.3626764433598
1009.0427516462667
953.2194910593146
1164.9211431438732
944.6158497440646
969.6617205111044
953.0578452200464
944.6158497440646
944.6158497440646
1026.1879365928378
944.6158497440646
968.1932480513323
944.6158497440646
944.6158497440646
953.2194910593146
1192.8463829680916
963.8262994832426
944.6158497440646
944.6158497440646
944.6158497440646
968.1932480513323
894.0583883941227
944.6158497440646
933.9231786101728
937.0386573433333
926.2570927212462
942.7657634724462
975.6376424346987
919.8143818477465
1096.7304060902402
894.0583883941227
933.9231786101728
919.6527360084785
875.6996313713041
894.0583883941226
894.0583883941226
894.0583883941226
934.7881388397642
884.50743079343
894.0583883941226
918.0602112529363
894.0583883941226
894.0583883941226
894.0583883941226
894.0583883941226
875.6996313713041
862.2739990118437
837.5825418509211
862.2739990118436
900.5180693986048
907.4811226959758
875.6996313713041
862.2739990118436
929.5483825847334
862.2739990118436
862.2739990118436
862.2739990118436
900.5180693986048
862.2739990118436
875.6996313713041
870.0557105030176
862.2739990118436
862.2739990118436
862.2739990118436
858.2646577443287
870.0557105030176
862.2739990118436
870.0557105030176
862.2739990118436
862.2739990118436
870.0557105030176
849.4568583222031
837.5825418509211
814.6364294157356
834.6276683192642
832.9063908516982
837.5825418509211
837.5825418509211
834.6276683192642
837.5825418509211
830.0930424369283
830.0930424369283
830.0930424369283
832.9063908516982
830.0930424369283
830.0930424369283
837.5825418509211
837.5825418509211
830.0930424369283
837.5825418509211
836.1280046355143
870.0557105030176
830.0930424369283
837.5825418509211
834.6276683192642
837.5825418509211
837.5825418509211
829.4848763835618
814.6364294157356
784.6908731106607
811.2786823075442
800.7053263986406
811.2786823075442
811.2786823075442
809.2735848110094
809.2735848110094
805.0945719310355
801.4966461758916
810.1018035333997
813.5980760182991
801.4966461758916
811.2786823075442
817.5913029473925
817.5913029473925
811.2786823075442
817.5913029473925
814.6364294157355
814.6364294157355
830.0930424369283
811.2786823075442
809.2735848110094
809.2735848110094
809.2735848110094
810.1765615501625
784.6908731106607
758.9809348273014
782.8679380654221
800.7053263986406
788.1616187856457
811.2786823075442
770.029935426671
786.1565212891107
773.5764642139475
784.6908731106607
788.8461772550206
796.077178688107
784.6908731106607
788.1616187856457
784.6908731106607
784.6908731106607
784.6908731106607
784.6908731106607
791.519365893837
814.6364294157355
810.1018035333997
772.705591707032
784.6908731106607
784.6908731106607
786.1565212891107
784.6908731106607
758.9809348273014
741.4600374971094
762.4516805022863
780.6727544167172
742.1739449010863
757.7196987346184
737.0322924361891
737.0322924361891
733.2295089383213
737.0322924361891
737.0322924361891
751.3720075341072
738.7031992261013
742.1739449010863
737.0322924361891
762.6104067848795
738.7031992261013
738.7031992261013
791.519365893837
737.0322924361891
783.8389456526563
737.0322924361891
737.0322924361891
762.6104067848795
786.1565212891107
737.0322924361891
741.4600374971094
733.2295089383211
727.8158318150229
733.2295089383211
714.8432619372915
733.2295089383211
732.6757210156011
732.6757210156011
733.2295089383211
685.7044483518832
685.7044483518832
731.1253787254586
721.1823018959093
724.6530475708943
719.5113951059969
762.6104067848795
721.1823018959093
722.3089596296575
729.8010661416886
703.2253456820754
726.4082344768551
703.2253456820754
703.2253456820754
729.7500535033091
737.0322924361891
685.7044483518832
712.6883806567936
685.1591086035315
667.9427206748946
715.7086116081292
702.8908042933426
715.7086116081292
667.9427206748946
703.2253456820753
685.1591086035315
685.1591086035315
673.2718845631999
680.9782437145751
680.9782437145751
680.9782437145751
680.9782437145751
729.7500535033091
680.9782437145751
680.9782437145751
680.9782437145751
680.9782437145751
726.4082344768551
680.9782437145751
680.9782437145751
680.9782437145751
680.9782437145751
673.7744940572986
680.9782437145751
656.01276638031
656.01276638031
656.01276638031
689.7395579124664
656.01276638031
656.01276638031
681.4646536488417
656.01276638031
656.01276638031
656.01276638031
656.01276638031
680.9782437145751
656.01276638031
680.9782437145751
656.01276638031
656.01276638031
656.01276638031
656.01276638031
656.01276638031
726.4082344768549
656.01276638031
669.0482894199905
656.01276638031
680.9782437145751
656.01276638031
656.01276638031
648.8871327803581
648.8871327803581
648.8871327803583
670.6181291469261
648.8871327803583
656.01276638031
648.8871327803583
648.8871327803581
648.8871327803583
648.8871327803583
648.8871327803583
648.8871327803583
648.8871327803581
648.8871327803583
656.01276638031
648.8871327803581
648.8871327803581
648.8871327803583
648.8871327803583
648.8871327803583
648.8871327803583
648.8871327803583
648.8871327803583
648.8871327803583
648.8871327803583
648.8871327803583
648.8871327803581
648.8871327803581
648.8871327803583
648.8871327803583
639.1773933857519
648.8871327803583
648.8871327803583
644.2712872892056
648.8871327803583
644.2712872892057
648.8871327803583
639.1773933857519
648.8871327803581
648.8871327803583
648.8871327803583
648.8871327803581
648.8871327803581
639.1773933857519
644.2712872892057
644.2712872892057
639.1773933857519
648.8871327803583
648.8871327803583
639.1773933857519
639.1773933857519
644.2712872892057
639.1773933857518
639.1773933857518
639.1773933857518
648.8871327803583
639.1773933857518
639.1773933857519
638.1828313446866
639.1773933857519
639.1773933857519
639.1773933857519
639.1773933857519
638.1828313446866
639.1773933857519
639.1773933857519
638.1828313446866
644.2712872892056
639.1773933857519
638.1828313446866
639.1535701792443
639.1773933857519
638.1828313446866
639.1773933857519
638.1828313446866
634.5615478945992
638.1828313446866
639.1773933857519
629.4438307846378
634.5615478945992
634.5615478945992
634.5615478945992
634.5615478945992
634.5615478945992
634.5615478945992
634.5615478945992
634.5615478945992
634.5615478945992
634.5615478945992
631.1870263780299
634.5615478945992
634.5615478945992
630.0005784541207
634.5615478945992
634.5615478945992
630.0005784541207
634.5615478945992
634.5615478945992
631.1870263780299
634.5615478945992
631.1870263780299
629.4438307846378
629.4438307846378
629.4438307846378
625.1179493378785
629.4438307846378
629.4438307846378
629.4438307846378
629.4438307846378
634.5615478945992
629.4438307846378
629.4438307846378
629.4438307846378
629.4438307846378
629.4438307846378
629.4438307846378
629.4438307846378
629.4438307846378
616.4708225311366
629.4438307846378
629.4438307846378
623.2877027917956
629.4438307846378
629.4438307846378
626.5711808868773
629.4438307846378
629.4438307846378
625.1179493378785
625.1179493378785
625.1179493378785
612.6668625077709
616.4708225311365
616.4708225311365
616.4708225311365
629.4438307846378
616.4708225311365
616.4708225311365
629.4438307846378
616.4708225311365
616.4708225311365
616.4708225311365
628.4273839317109
616.4708225311365
616.4708225311365
612.6668625077709
612.6668625077709
612.6668625077709
612.6668625077709
612.6668625077709
612.6668625077709
612.6668625077709
612.6668625077709
612.6668625077709
612.6668625077709
617.0174439278646
625.1179493378785
608.0510170166183
612.6668625077709
612.6668625077709
612.6668625077709
612.6668625077709
612.6668625077709
612.6668625077709
612.6668625077709
612.6668625077709
612.6668625077709
611.854977039984
612.6668625077709
612.6668625077709
611.854977039984
608.0510170166183
608.0510170166183
608.0510170166183
608.0510170166183
608.0510170166183
608.0510170166183
612.6668625077709
608.0510170166183
608.0510170166183
608.0510170166183
608.0510170166183
612.6668625077709
608.0510170166183
608.0510170166183
608.0510170166183
608.0510170166183
608.0510170166183
608.0510170166183
608.0510170166183
608.0510170166183
608.0510170166183
608.0510170166183
608.0510170166183
608.0510170166183
608.0510170166183
606.7372599300224
608.0510170166183
608.0510170166183
608.0510170166183
608.0510170166183
608.0510170166183
608.0510170166183
612.6668625077709
608.0510170166183
602.9332999066569
608.0510170166183
602.9332999066569
608.0510170166183
598.6074184598975
608.0510170166183
602.9332999066569
602.9332999066569
602.9332999066569
602.9332999066569
602.9332999066569
602.9332999066569
602.9332999066569
602.9332999066569
602.9332999066569
602.9332999066569
602.9332999066569
602.9332999066569
602.9332999066569
602.9332999066569
602.9332999066569
602.9332999066569
602.9332999066569
602.9332999066569
602.9332999066569
602.9332999066569
598.6074184598975
598.6074184598975
598.6074184598975
598.6074184598975
590.5069130498836
598.6074184598975
598.6074184598975
598.6074184598975
598.6074184598975
598.6074184598975
598.6074184598975
598.6074184598975
598.6074184598975
598.6074184598975
602.9332999066569
598.6074184598975
598.6074184598975
598.6074184598975
598.6074184598975
598.6074184598975
598.6074184598975
598.6074184598975
598.6074184598975
598.6074184598975
598.6074184598975
598.6074184598975
590.5069130498836
590.5069130498837
590.5069130498837
590.5069130498837
590.5069130498836
590.5069130498837
590.5069130498837
590.5069130498837
590.5069130498837
590.5069130498837
590.5069130498837
590.5069130498837
590.5069130498837
590.5069130498837
590.5069130498837
590.5069130498837
590.5069130498837
590.5069130498837
590.5069130498837
590.5069130498837
590.5069130498837
590.5069130498837
590.5069130498837
590.5069130498837
590.5069130498837
590.5069130498837
590.5069130498836
588.3234096190747
590.5069130498837
588.3234096190747
580.1626848366751
588.3234096190747
588.3234096190747
588.3234096190747
588.3234096190747
590.5069130498837
590.5069130498837
588.3234096190747
588.3234096190747
588.3234096190747
588.3234096190747
588.3234096190747
588.3234096190747
588.3234096190747
588.3234096190747
588.3234096190747
588.3234096190747
588.3234096190747
588.3234096190747
588.3234096190747
588.3234096190747
588.3234096190747
588.3234096190747
580.1626848366751
580.162684836675
580.162684836675
580.162684836675
580.162684836675
580.162684836675
580.162684836675
580.162684836675
580.162684836675
580.162684836675
580.162684836675
580.162684836675
580.162684836675
580.162684836675
580.162684836675
580.1626848366751
580.162684836675
580.162684836675
580.162684836675
580.162684836675
580.162684836675
580.162684836675
580.162684836675
580.162684836675
580.162684836675
580.162684836675
580.162684836675
580.162684836675
580.162684836675
652.6952540168494
580.162684836675
580.162684836675
580.162684836675
580.162684836675
574.4738107654791
580.162684836675
580.162684836675
580.162684836675
580.162684836675
580.162684836675
580.162684836675
574.473810765479
580.162684836675
580.162684836675
580.162684836675
580.162684836675
580.162684836675
580.162684836675
580.162684836675
574.4738107654791
580.162684836675
580.162684836675
580.162684836675
580.162684836675
580.162684836675
574.473810765479
574.473810765479
574.473810765479
574.473810765479
574.473810765479
574.4738107654789
574.473810765479
574.473810765479
574.473810765479
574.473810765479
574.473810765479
574.473810765479
574.473810765479
574.473810765479
580.162684836675
574.4738107654791
574.473810765479
574.473810765479
574.473810765479
574.473810765479
574.4738107654789
574.473810765479
574.473810765479
574.473810765479
574.473810765479
574.473810765479
574.4738107654789
574.4738107654789
574.4738107654789
574.4738107654789
568.7241092650278
574.4738107654789
574.4738107654789
568.7241092650278
574.4738107654789
574.4738107654789
574.4738107654789
574.4738107654789
574.4738107654789
574.4738107654789
574.4738107654789
574.4738107654789
574.4738107654789
574.4738107654789
574.4738107654789
574.4738107654789
568.7241092650278
574.4738107654789
568.7241092650278
568.7241092650278
568.7241092650278
574.4738107654789
568.7241092650278
574.4738107654789
568.7241092650279
568.7241092650279
568.7241092650278
568.7241092650278
568.7241092650278
568.7241092650278
568.7241092650279
568.7241092650278
568.7241092650279
568.7241092650278
568.7241092650279
568.7241092650278
568.7241092650279
568.7241092650279
568.7241092650279
568.7241092650279
568.7241092650279
574.4738107654789
568.7241092650278
568.7241092650279
559.7927758080555
559.7927758080555
568.7241092650278
568.7241092650279
559.7927758080555
559.7927758080556
559.7927758080556
559.7927758080556
559.7927758080555
559.7927758080555
559.7927758080556
568.7241092650278
559.7927758080556
559.7927758080556
559.7927758080556
559.7927758080554
559.7927758080556
559.7927758080556
559.7927758080556
559.7927758080556
559.7927758080556
559.7927758080556
559.7927758080556
559.7927758080556
559.7927758080555
559.7927758080556
559.7927758080555
558.9182427102082
559.7927758080555
559.7927758080556
558.9182427102082
558.9182427102082
558.9182427102082
558.9182427102082
558.9182427102082
558.9182427102082
558.9182427102082
558.9182427102082
558.9182427102082
558.9182427102082
558.9182427102082
558.9182427102082
558.9182427102082
558.9182427102082
558.9182427102082
558.9182427102082
558.9182427102082
558.9182427102082
559.7927758080556
558.9182427102082
558.9182427102082
558.9182427102082
558.9182427102082
558.9182427102082
558.9182427102082
558.9182427102082
558.9182427102082
558.9182427102082
558.9182427102082
554.8237824011464
554.8237824011464
558.9182427102082
558.9182427102082
558.9182427102082
558.9182427102082
558.9182427102082
558.9182427102082
558.9182427102082
554.8237824011464
558.9182427102082
558.9182427102082
558.9182427102082
558.9182427102082
554.8237824011464
558.9182427102082
558.9182427102082
558.9182427102082
558.9182427102082
554.8237824011464
558.9182427102082
558.9182427102082
558.9182427102082
554.8237824011464
554.8237824011464
554.8237824011464
554.8237824011464
554.8237824011464
554.8237824011464
554.8237824011464
554.8237824011464
554.8237824011464
554.8237824011464
554.8237824011464
554.8237824011464
554.8237824011464
554.8237824011464
554.8237824011464
554.8237824011464
554.8237824011464
554.8237824011464
554.8237824011464
554.8237824011464
554.8237824011464
554.8237824011464
554.8237824011464
554.8237824011464
554.8237824011464
554.8237824011464
554.8237824011464
554.8237824011464
554.8237824011464
554.8237824011464
554.8237824011464
554.8237824011463
554.8237824011464
554.8237824011464
554.8237824011464
554.8237824011464
554.8237824011464
554.8237824011463
554.8237824011464
554.0942570504492
554.8237824011464
554.8237824011463
554.0942570504492
554.8237824011464
554.8237824011464
554.0942570504492
554.8237824011463
554.8237824011464
554.8237824011464
554.8237824011464
554.0942570504492
554.0942570504492
554.0942570504492
554.0942570504492
554.0942570504492
554.0942570504492
554.0942570504492
554.0942570504492
554.0942570504492
554.0942570504492
554.0942570504492
554.0942570504492
554.0942570504492
554.0942570504491
554.0942570504492
554.0942570504492
554.0942570504492
554.0942570504492
554.0942570504491
554.0942570504492
554.0942570504492
548.4542738966009
554.0942570504492
554.0942570504492
554.0942570504492
554.0942570504492
554.0942570504491
554.0942570504492
548.4542738966009
548.4542738966009
548.4542738966009
548.4542738966009
548.4542738966009
548.4542738966009
548.4542738966009
548.4542738966009
548.4542738966009
548.4542738966009
548.4542738966009
548.4542738966007
548.4542738966009
548.4542738966009
548.4542738966009
548.4542738966009
548.4542738966009
548.4542738966009
548.4542738966009
548.4542738966009
548.4542738966009
548.4542738966009
548.4542738966009
548.4542738966009
548.4542738966009
548.4542738966009
548.4273152272797
548.4273152272797
548.4273152272797
548.4542738966007
548.4273152272797
548.4542738966007
548.4273152272797
548.4273152272797
548.4273152272797
548.4542738966009
548.4542738966007
548.4273152272797
548.4273152272797
548.4542738966009
548.4273152272797
548.4273152272797
548.4273152272797
548.4273152272797
548.4273152272797
548.4273152272797
548.4273152272797
548.4273152272797
548.4273152272797
548.4273152272797
548.4542738966009
548.4273152272797
537.5546511047281
548.3527656432494
548.3527656432494
548.4273152272797
548.3527656432494
548.4273152272797
537.5546511047281
548.3527656432494
548.3527656432494
548.4273152272797
548.4273152272797
537.5546511047281
536.5359569068277
536.5359569068277
536.5359569068277
536.5359569068277
536.5359569068277
536.5359569068277
537.4013296903862
536.5359569068277
536.5359569068277
536.5359569068277
536.5359569068277
536.5359569068277
536.5359569068277
536.5359569068277
536.5359569068277
536.5359569068277
536.5359569068277
536.5359569068277
536.5359569068277
536.5359569068277
536.5359569068277
536.5359569068277
536.5359569068277
536.5359569068277
536.5359569068277
536.5359569068277
536.5359569068277
536.5359569068277
536.5359569068277
536.5359569068277
536.5359569068277
536.5359569068277
536.5359569068277
536.5359569068277
536.5359569068277
536.5359569068277
536.5359569068277
536.5359569068277
536.5359569068277
536.5359569068277
536.5359569068277
536.5359569068277
536.5359569068277
536.5359569068277
536.5359569068277
536.5359569068277
535.1775921581698
536.5359569068277
536.5359569068277
536.5359569068277
536.5359569068277
536.5359569068277
536.5359569068277
536.5359569068277
536.5359569068277
536.5359569068277
536.5359569068277
536.5359569068277
536.5359569068277
536.5359569068277
536.5359569068277
536.5359569068277
536.5359569068277
536.5359569068277
536.5359569068277
536.5359569068277
535.1775921581698
535.1775921581698
535.1775921581698
535.1775921581698
535.1775921581698
535.1775921581698
535.1775921581698
536.5359569068277
535.1775921581698
535.1775921581698
535.1775921581698
535.1775921581698
535.1775921581698
535.1775921581698
535.1775921581698
535.1775921581698
535.1775921581698
535.1775921581698
535.1775921581698
535.1775921581698
535.1775921581698
535.1775921581698
535.1775921581698
535.1775921581698
535.1775921581698
535.1775921581698
535.1775921581698
535.1775921581698
535.1775921581698
535.1775921581698
535.1775921581698
535.1775921581698
535.1775921581698
535.1775921581698
535.1775921581698
535.1775921581698
535.1775921581698
535.1775921581698
535.1775921581698
535.1775921581698
535.1775921581698
535.1775921581698
535.1775921581698
535.1775921581698
535.1775921581698
535.1775921581698
535.1775921581698
535.1775921581698
535.1775921581698
535.1775921581698
535.1775921581698
535.1775921581698
535.1775921581698
535.1775921581698
535.1775921581698
535.1775921581698
535.1775921581698
535.1775921581698
535.1775921581698
535.1775921581698
535.1775921581698
535.1775921581698
535.1775921581698
535.1775921581698
535.1775921581698
535.1775921581698
535.1775921581698
535.1775921581698
535.1775921581698
535.1775921581698
535.1775921581698
535.1775921581698
535.1775921581698
535.1775921581698
535.1775921581698
535.1775921581698
535.1775921581698
535.1775921581698
535.1775921581698
535.1775921581698
535.1775921581698
535.1775921581698
535.1775921581698
535.1775921581698
535.1775921581698
535.1775921581698
535.1775921581698
535.1775921581698
535.1775921581698
535.1775921581698
535.1775921581698
535.1775921581698
535.1775921581698
535.1775921581698
535.1775921581698
535.1775921581698
535.1775921581698
535.1775921581698
535.1775921581698
535.1775921581698
535.1775921581698
535.1775921581698
535.1775921581698
535.1775921581698
535.1775921581698
535.1775921581698
535.1775921581698
535.1775921581698
535.1775921581698
535.1775921581698
535.1775921581698
535.1775921581698
535.1775921581698
535.1775921581698
535.1775921581698
535.1775921581698
535.1775921581698
535.1775921581698
535.1775921581698
535.1775921581698
535.1775921581698
535.1775921581698
535.1775921581698
535.1775921581698
535.1775921581698
535.1775921581698
535.1775921581698
535.1775921581698
535.1775921581698
535.1775921581698
540.6136051458641
535.1775921581698
535.1775921581698
535.1775921581698
535.1775921581698
535.1775921581698
535.1775921581698
535.1775921581698
535.1775921581698
535.1775921581698
535.1775921581698
535.1775921581698
535.1775921581698
535.1775921581698
535.1775921581698
535.1775921581698
535.1775921581698
535.1775921581698
535.1775921581698
535.1775921581698
535.1775921581698
535.1775921581698
535.1775921581698
535.1775921581698
535.1775921581698
535.1775921581698
535.1775921581698
535.1775921581698
535.1775921581698
535.1775921581698
535.1775921581698
535.1775921581698
535.1775921581698
535.1775921581698
535.1775921581698
535.1775921581698
535.1775921581698
535.1775921581698
535.1775921581698
535.1775921581698
535.1775921581698
535.1775921581698
535.1775921581698
535.1775921581698
535.1775921581698
535.1775921581698
535.1775921581698
535.1775921581698
535.1775921581698
535.1775921581698
535.1775921581698
535.1775921581698
535.1775921581698
535.1775921581698
535.1775921581698
535.1775921581698
535.1775921581698
535.1775921581698
535.1775921581698
535.1775921581698
535.1775921581698
535.1775921581698
535.1775921581698
535.1775921581698
535.1775921581698
535.1775921581698
535.1775921581698
535.1775921581698
535.1775921581698
535.1775921581698
535.1775921581698
535.1775921581698
535.1775921581698
535.1775921581698
535.1775921581698
535.1775921581698
535.1775921581698
535.1775921581698
535.1775921581698
535.1775921581698
535.1775921581698
535.1775921581698
535.1775921581698
535.1775921581698
535.1775921581698
535.1775921581698
535.1775921581698
535.1775921581698
535.1775921581698
535.1775921581698
535.1775921581698
535.1775921581698
535.1775921581698
535.1775921581698
535.1775921581698
535.1775921581698
535.1775921581698
535.1775921581698
535.1775921581698
535.1775921581698
535.1775921581698
535.1775921581698
535.1775921581698
535.1775921581698
536.0429649417283
535.1775921581698
535.1775921581698
535.1775921581698
535.1775921581698
535.1775921581698
535.1775921581698
535.1775921581698
535.1775921581698
535.1775921581698
535.1775921581698
535.1775921581698
535.1775921581698
535.1775921581698
535.1775921581698
535.1775921581698
535.1775921581698
535.1775921581698
535.1775921581698
535.1775921581698
535.1775921581698
535.1775921581698
535.1775921581698
535.1775921581698
535.1775921581698
535.1775921581698
650.4981565197234
535.1775921581698
535.1775921581698
535.1775921581698
535.1775921581698
535.1775921581698
535.1775921581698
535.1775921581698
535.1775921581698
535.1775921581698
535.1775921581698
535.1775921581698
535.1775921581698
535.1775921581698
535.1775921581698
535.1775921581698
535.1775921581698
535.1775921581698
535.1775921581698
535.1775921581698
535.1775921581698
535.1775921581698
535.1775921581698
535.1775921581698
535.1775921581698
535.1775921581698
533.2682544802562
533.2682544802562
533.2682544802561
535.1775921581698
533.2682544802561
533.2682544802561
533.2682544802561
533.2682544802561
533.2682544802561
533.2682544802561
533.2682544802561
533.2682544802561
533.2682544802561
533.2682544802561
533.2682544802561
533.2682544802561
533.2682544802561
533.2682544802561
533.2682544802561
533.2682544802561
533.2682544802561
533.2682544802561
533.2682544802561
535.1775921581698
533.2682544802561
535.1775921581698
533.2682544802561
533.2682544802562
533.2682544802561
533.2682544802562
533.2682544802561
533.2682544802561
533.2682544802561
533.2682544802561
533.2682544802561
533.2682544802561
533.2682544802561
533.2682544802561
533.2682544802561
533.2682544802561
533.2682544802561
533.2682544802561
533.2682544802561
533.2682544802561
533.2682544802561
533.2682544802561
533.2682544802561
533.2682544802561
533.2682544802561
533.2682544802562
533.2682544802561
533.2682544802562
533.2682544802561
533.2682544802562
533.2682544802561
533.2682544802562
533.2682544802561
533.2682544802561
533.2682544802561
533.2682544802561
533.2682544802561
533.2682544802561
533.2682544802561
533.2682544802561
533.2682544802561
533.2682544802561
533.2682544802561
533.2682544802561
533.2682544802561
533.2682544802561
533.2682544802561
533.2682544802561
533.2682544802561
533.2682544802561
533.2682544802561
533.2682544802562
533.2682544802561
533.2682544802562
533.2682544802561
533.2682544802562
533.2682544802561
533.2682544802562
533.2682544802561
533.2682544802561
533.2682544802561
533.2682544802561
533.2682544802561
533.2682544802561
533.2682544802561
533.2682544802561
533.2682544802561
533.2682544802561
533.2682544802561
533.2682544802561
533.2682544802561
533.2682544802561
533.2682544802561
533.2682544802561
533.2682544802561
533.2682544802561
533.2682544802561
533.2682544802562
533.2682544802561
533.2682544802562
533.2682544802561
533.2682544802562
533.2682544802561
533.2682544802562
533.2682544802561
533.2682544802561
533.2682544802561
533.2682544802561
533.2682544802561
533.2682544802561
533.2682544802561
533.2682544802561
533.2682544802561
533.2682544802561
533.2682544802561
533.2682544802561
533.2682544802561
533.2682544802561
533.2682544802561
533.2682544802561
533.2682544802561
533.2682544802561
533.2682544802561
533.2682544802562
533.2682544802561
533.2682544802562
533.2682544802561
533.2682544802562
533.2682544802561
533.2682544802562
533.2682544802561
533.2682544802561
533.2682544802561
533.2682544802561
533.2682544802561
533.2682544802561
533.2682544802561
533.2682544802561
533.2682544802561
533.2682544802561
533.2682544802561
533.2682544802561
533.2682544802561
533.2682544802561
533.2682544802561
533.2682544802561
533.2682544802561
533.2682544802561
533.2682544802561
533.2682544802562
533.2682544802561
533.2682544802562
533.2682544802561
533.2682544802562
533.2682544802561
533.2682544802562
533.2682544802561
533.2682544802561
533.2682544802561
533.2682544802561
533.2682544802561
533.2682544802561
533.2682544802561
533.2682544802561
533.2682544802561
533.2682544802561
533.2682544802561
533.2682544802561
533.2682544802561
533.2682544802561
533.2682544802561
533.2682544802561
533.2682544802561
533.2682544802561
533.2682544802561
533.2682544802562
533.2682544802561
533.2682544802562
533.2682544802561
533.2682544802561
533.2682544802561
533.2682544802562
533.2682544802561
533.2682544802561
533.2682544802561
533.2682544802561
533.2682544802561
533.2682544802561
533.2682544802561
533.2682544802561
533.2682544802561
533.2682544802561
533.2682544802561
533.2682544802561
533.2682544802561
533.2682544802561
533.2682544802561
533.2682544802561
533.2682544802561
533.2682544802561
533.2682544802561
533.2682544802562
533.2682544802561
533.2682544802562
533.2682544802561
533.2682544802561
533.2682544802561
533.2682544802562
533.2682544802561
533.2682544802561
533.2682544802561
533.2682544802561
533.2682544802561
533.2682544802561
533.2682544802561
533.2682544802561
533.2682544802561
533.2682544802561
533.2682544802561
533.2682544802561
533.2682544802561
533.2682544802561
533.2682544802561
533.2682544802561
533.2682544802561
533.2682544802561
533.2682544802561
533.2682544802562
533.2682544802561
533.2682544802562
533.2682544802561
533.2682544802561
533.2682544802561
533.2682544802562
533.2682544802561
533.2682544802561
533.2682544802561
533.2682544802561
533.2682544802561
533.2682544802561
533.2682544802561
533.2682544802561
533.2682544802561
533.2682544802561
533.2682544802561
533.2682544802561
533.2682544802561
533.2682544802561
533.2682544802561
533.2682544802561
533.2682544802561
533.2682544802561
533.2682544802561
533.2682544802562
533.2682544802561
533.2682544802562
533.2682544802561
533.2682544802561
533.2682544802561
533.2682544802562
533.2682544802561
533.2682544802561
533.2682544802561
533.2682544802561
533.2682544802561
533.2682544802561
533.2682544802561
533.2682544802561
533.2682544802561
533.2682544802561
533.2682544802561
533.2682544802561
533.2682544802561
533.2682544802561
533.2682544802561
533.2682544802561
533.2682544802561
533.2682544802561
533.2682544802561
533.2682544802562
533.2682544802561
533.2682544802562
533.2682544802561
533.2682544802561
533.2682544802561
533.2682544802562
533.2682544802561
533.2682544802561
533.2682544802561
533.2682544802561
533.2682544802561
533.2682544802561
533.2682544802561
533.2682544802561
533.2682544802561
533.2682544802561
533.2682544802561
533.2682544802561
533.2682544802561
533.2682544802561
533.2682544802561
533.2682544802561
533.2682544802561
533.2682544802561
533.2682544802561
533.2682544802562
533.2682544802561
533.2682544802562
533.2682544802561
533.2682544802561
533.2682544802561
533.2682544802562
533.2682544802561
533.2682544802561
533.2682544802561
533.2682544802561
533.2682544802561
533.2682544802561
533.2682544802561
533.2682544802561
533.2682544802561
533.2682544802561
533.2682544802561
533.2682544802561
533.2682544802561
533.2682544802561
533.2682544802561
533.2682544802561
533.2682544802561
533.2682544802561
533.2682544802561
533.2682544802562
533.2682544802561
533.2682544802562
533.2682544802561
533.2682544802561
533.2682544802561
533.2682544802562
533.2682544802561
533.2682544802561
533.2682544802561
533.2682544802561
533.2682544802561
533.2682544802561
533.2682544802561
533.2682544802561
533.2682544802561
533.2682544802561
533.2682544802561
533.2682544802561
533.2682544802561
533.2682544802561
533.2682544802561
533.2682544802561
533.2682544802561
533.2682544802561
533.2682544802561
533.2682544802562
533.2682544802561
533.2682544802562
533.2682544802561
533.2682544802561
533.2682544802561
533.2682544802562
533.2682544802561
533.2682544802561
533.2682544802561
533.2682544802561
533.2682544802561
533.2682544802561
533.2682544802561
533.2682544802561
533.2682544802561
533.2682544802561
533.2682544802561
533.2682544802561
533.2682544802561
533.2682544802561
533.2682544802561
533.2682544802561
533.2682544802561
533.2682544802561
533.2682544802561
533.2682544802562
533.2682544802561
533.2682544802562
533.2682544802561
533.2682544802561
533.2682544802561
533.2682544802562
533.2682544802561
533.2682544802561
533.2682544802561
533.2682544802561
533.2682544802561
533.2682544802561
533.2682544802561
533.2682544802561
533.2682544802561
533.2682544802561
533.2682544802561
533.2682544802561
533.2682544802561
533.2682544802561
533.2682544802561
533.2682544802561
533.2682544802561
533.2682544802561
533.2682544802561
533.2682544802562
533.2682544802561
533.2682544802562
533.2682544802561
533.2682544802561
533.2682544802561
533.2682544802562
533.2682544802561
533.2682544802561
533.2682544802561
533.2682544802561
533.2682544802561
533.2682544802561
533.2682544802561
533.2682544802561
533.2682544802561
533.2682544802561
533.2682544802561
533.2682544802561
533.2682544802561
533.2682544802561
533.2682544802561
533.2682544802561
533.2682544802561
533.2682544802561
533.2682544802561
533.2682544802562
533.2682544802561
533.2682544802562
533.2682544802561
533.2682544802561
533.2682544802561
533.2682544802562
533.2682544802561
533.2682544802561
533.2682544802561
533.2682544802561
533.2682544802561
533.2682544802561
533.2682544802561
533.2682544802561
533.2682544802561
533.2682544802561
533.2682544802561
533.2682544802561
533.2682544802561
533.2682544802561
533.2682544802561
533.2682544802561
533.2682544802561
533.2682544802561
533.2682544802561
533.2682544802562
533.2682544802561
533.2682544802562
533.2682544802561
533.2682544802561
533.2682544802561
533.2682544802562
533.2682544802561
533.2682544802561
533.2682544802561
533.2682544802561
533.2682544802561
533.2682544802561
533.2682544802561
533.2682544802561
533.2682544802561
533.2682544802561
533.2682544802561
533.2682544802561
533.2682544802561
533.2682544802561
533.2682544802561
533.2682544802561
533.2682544802561
533.2682544802561
533.2682544802561
533.2682544802562
533.2682544802561
533.2682544802562
533.2682544802561
533.2682544802561
533.2682544802561
533.2682544802562
533.2682544802561
533.2682544802561
533.2682544802561
533.2682544802561
533.2682544802561
533.2682544802561
533.2682544802561
533.2682544802561
533.2682544802561
533.2682544802561
533.2682544802561
533.2682544802561
533.2682544802561
533.2682544802561
533.2682544802561
533.2682544802561
533.2682544802561
533.2682544802561
533.2682544802561
533.2682544802562
533.2682544802561
533.2682544802562
533.2682544802561
533.2682544802561
533.2682544802561
533.2682544802562
533.2682544802561
533.2682544802561
533.2682544802561
533.2682544802561
533.2682544802561
533.2682544802561
533.2682544802561
533.2682544802561
533.2682544802561
533.2682544802561
533.2682544802561
533.2682544802561
533.2682544802561
533.2682544802561
533.2682544802561
533.2682544802561
533.2682544802561
533.2682544802561
533.2682544802561
533.2682544802562
533.2682544802561
533.2682544802562
533.2682544802561
533.2682544802561
533.2682544802561
533.2682544802562
533.2682544802561
533.2682544802561
533.2682544802561
533.2682544802561
533.2682544802561
533.2682544802561
533.2682544802561
533.2682544802561
533.2682544802561
533.2682544802561
533.2682544802561
533.2682544802561
533.2682544802561
533.2682544802561
533.2682544802561
533.2682544802561
533.2682544802561
533.2682544802561
533.2682544802561
533.2682544802562
533.2682544802561
533.2682544802562
533.2682544802561
533.2682544802561
533.2682544802561
533.2682544802562
533.2682544802561
533.2682544802561
533.2682544802561
533.2682544802561
533.2682544802561
533.2682544802561
533.2682544802561
533.2682544802561
533.2682544802561
533.2682544802561
533.2682544802561
533.2682544802561
533.2682544802561
533.2682544802561
533.2682544802561
533.2682544802561
533.2682544802561
533.2682544802561
533.2682544802561
533.2682544802562
533.2682544802561
533.2682544802562
533.2682544802561
533.2682544802561
533.2682544802561
533.2682544802562
533.2682544802561
533.2682544802561
533.2682544802561
533.2682544802561
533.2682544802561
533.2682544802561
533.2682544802561
533.2682544802561
533.2682544802561
533.2682544802561
533.2682544802561
533.2682544802561
533.2682544802561
533.2682544802561
533.2682544802561
533.2682544802561
533.2682544802561
533.2682544802561
533.2682544802561
533.2682544802562
533.2682544802561
533.2682544802562
533.2682544802561
533.2682544802561
533.2682544802561
533.2682544802562
533.2682544802561
533.2682544802561
533.2682544802561
533.2682544802561
533.2682544802561
533.2682544802561
533.2682544802561
533.2682544802561
533.2682544802561
533.2682544802561
533.2682544802561
533.2682544802561
533.2682544802561
533.2682544802561
533.2682544802561
533.2682544802561
533.2682544802561
533.2682544802561
533.2682544802561
533.2682544802562
533.2682544802561
533.2682544802562
533.2682544802561
533.2682544802561
533.2682544802561
533.2682544802562
533.2682544802561
533.2682544802561
533.2682544802561
533.2682544802561
533.2682544802561
533.2682544802561
533.2682544802561
533.2682544802561
533.2682544802561
533.2682544802561
533.2682544802561
533.2682544802561
533.2682544802561
533.2682544802561
533.2682544802561
533.2682544802561
533.2682544802561
533.2682544802561
533.2682544802561
533.2682544802562
533.2682544802561
533.2682544802562
533.2682544802561
533.2682544802561
533.2682544802561
533.2682544802562
533.2682544802561
533.2682544802561
533.2682544802561
533.2682544802561
533.2682544802561
533.2682544802561
533.2682544802561
533.2682544802561
533.2682544802561
533.2682544802561
533.2682544802561
533.2682544802561
533.2682544802561
533.2682544802561
533.2682544802561
533.2682544802561
533.2682544802561
533.2682544802561
533.2682544802561
533.2682544802562
533.2682544802561
533.2682544802562
533.2682544802561
533.2682544802561
533.2682544802561
533.2682544802562
533.2682544802561
533.2682544802561
533.2682544802561
533.2682544802561
533.2682544802561
533.2682544802561
533.2682544802561
533.2682544802561
533.2682544802561
533.2682544802561
533.2682544802561
533.2682544802561
533.2682544802561
533.2682544802561
533.2682544802561
533.2682544802561
533.2682544802561
533.2682544802561
533.2682544802561
533.2682544802562
533.2682544802561
533.2682544802562
533.2682544802561
533.2682544802561
533.2682544802561
533.2682544802562
533.2682544802561
533.2682544802561
533.2682544802561
533.2682544802561
533.2682544802561
533.2682544802561
533.2682544802561
533.2682544802561
533.2682544802561
533.2682544802561
533.2682544802561
533.2682544802561
533.2682544802561
533.2682544802561
533.2682544802561
533.2682544802561
533.2682544802561
533.2682544802561
533.2682544802561
533.2682544802562
533.2682544802561
533.2682544802562
533.2682544802561
533.2682544802561
533.2682544802561
533.2682544802562
533.2682544802561
533.2682544802561
533.2682544802561
533.2682544802561
533.2682544802561
533.2682544802561
533.2682544802561
533.2682544802561
533.2682544802561
533.2682544802561
533.2682544802561
533.2682544802561
533.2682544802561
533.2682544802561
533.2682544802561
533.2682544802561
533.2682544802561
533.2682544802561
533.2682544802561
533.2682544802562
533.2682544802561
533.2682544802562
533.2682544802561
533.2682544802561
533.2682544802561
533.2682544802562
533.2682544802561
533.2682544802561
533.2682544802561
533.2682544802561
533.2682544802561
533.2682544802561
533.2682544802561
533.2682544802561
533.2682544802561
533.2682544802561
533.2682544802561
533.2682544802561
533.2682544802561
533.2682544802561
533.2682544802561
533.2682544802561
533.2682544802561
533.2682544802561
533.2682544802561
533.2682544802562
533.2682544802561
533.2682544802562
533.2682544802561
533.2682544802561
533.2682544802561
533.2682544802562
533.2682544802561
533.2682544802561
533.2682544802561
533.2682544802561
533.2682544802561
533.2682544802561
533.2682544802561
533.2682544802561
533.2682544802561
533.2682544802561
533.2682544802561
533.2682544802561
533.2682544802561
533.2682544802561
533.2682544802561
533.2682544802561
533.2682544802561
533.2682544802561
533.2682544802561
533.2682544802562
533.2682544802561
533.2682544802562
533.2682544802561
533.2682544802561
533.2682544802561
533.2682544802562
533.2682544802561
533.2682544802561
533.2682544802561
533.2682544802561
533.2682544802561
533.2682544802561
533.2682544802561
533.2682544802561
533.2682544802561
533.2682544802561
533.2682544802561
533.2682544802561
533.2682544802561
533.2682544802561
533.2682544802561
533.2682544802561
533.2682544802561
533.2682544802561
533.2682544802561
533.2682544802562
533.2682544802561
533.2682544802562
533.2682544802561
533.2682544802561
533.2682544802561
533.2682544802562
533.2682544802561
533.2682544802561
533.2682544802561
533.2682544802561
533.2682544802561
533.2682544802561
533.2682544802561
533.2682544802561
533.2682544802561
533.2682544802561
533.2682544802561
533.2682544802561
533.2682544802561
533.2682544802561
533.2682544802561
533.2682544802561
533.2682544802561
533.2682544802561
533.2682544802561
533.2682544802562
533.2682544802561
533.2682544802562
533.2682544802561
533.2682544802561
533.2682544802561
533.2682544802562
533.2682544802561
533.2682544802561
533.2682544802561
533.2682544802561
533.2682544802561
533.2682544802561
533.2682544802561
533.2682544802561
533.2682544802561
533.2682544802561
533.2682544802561
533.2682544802561
533.2682544802561
533.2682544802561
533.2682544802561
533.2682544802561
533.2682544802561
533.2682544802561
533.2682544802561
533.2682544802562
533.2682544802561
533.2682544802562
533.2682544802561
533.2682544802561
533.2682544802561
533.2682544802562
533.2682544802561
533.2682544802561
533.2682544802561
533.2682544802561
533.2682544802561
533.2682544802561
533.2682544802561
533.2682544802561
533.2682544802561
533.2682544802561
533.2682544802561
533.2682544802561
533.2682544802561
533.2682544802561
533.2682544802561
533.2682544802561
533.2682544802561
533.2682544802561
533.2682544802561
533.2682544802562
533.2682544802561
533.2682544802562
533.2682544802561
533.2682544802561
533.2682544802561
533.2682544802562
533.2682544802561
533.2682544802561
533.2682544802561
533.2682544802561
533.2682544802561
533.2682544802561
533.2682544802561
533.2682544802561
533.2682544802561
533.2682544802561
533.2682544802561
533.2682544802561
533.2682544802561
533.2682544802561
533.2682544802561
533.2682544802561
533.2682544802561
533.2682544802561
533.2682544802561
533.2682544802562
533.2682544802561
533.2682544802562
533.2682544802561
533.2682544802561
533.2682544802561
533.2682544802562
533.2682544802561
533.2682544802561
533.2682544802561
533.2682544802561
533.2682544802561
533.2682544802561
533.2682544802561
533.2682544802561
533.2682544802561
533.2682544802561
533.2682544802561
533.2682544802561
533.2682544802561
533.2682544802561
533.2682544802561
533.2682544802561
533.2682544802561
533.2682544802561
533.2682544802561
533.2682544802562
533.2682544802561
533.2682544802562
533.2682544802561
533.2682544802561
533.2682544802561
533.2682544802562
533.2682544802561
533.2682544802561
533.2682544802561
533.2682544802561
533.2682544802561
533.2682544802561
533.2682544802561
533.2682544802561
533.2682544802561
533.2682544802561
533.2682544802561
533.2682544802561
533.2682544802561
533.2682544802561
533.2682544802561
533.2682544802561
533.2682544802561
533.2682544802561
533.2682544802561
533.2682544802562
533.2682544802561
533.2682544802562
533.2682544802561
533.2682544802561
533.2682544802561
533.2682544802562
533.2682544802561
533.2682544802561
533.2682544802561
533.2682544802561
533.2682544802561
533.2682544802561
533.2682544802561
533.2682544802561
533.2682544802561
533.2682544802561
533.2682544802561
533.2682544802561
533.2682544802561
533.2682544802561
533.2682544802561
533.2682544802561
533.2682544802561
533.2682544802561
533.2682544802561
533.2682544802562
533.2682544802561
533.2682544802562
533.2682544802561
533.2682544802561
533.2682544802561
533.2682544802562
533.2682544802561
533.2682544802561
533.2682544802561
533.2682544802561
533.2682544802561
533.2682544802561
533.2682544802561
533.2682544802561
533.2682544802561
533.2682544802561
533.2682544802561
533.2682544802561
533.2682544802561
533.2682544802561
533.2682544802561
533.2682544802561
533.2682544802561
533.2682544802561
533.2682544802561
533.2682544802562
533.2682544802561
533.2682544802562
533.2682544802561
533.2682544802561
533.2682544802561
533.2682544802562
533.2682544802561
533.2682544802561
533.2682544802561
533.2682544802561
533.2682544802561
533.2682544802561
533.2682544802561
533.2682544802561
533.2682544802561
533.2682544802561
533.2682544802561
533.2682544802561
533.2682544802561
533.2682544802561
533.2682544802561
533.2682544802561
533.2682544802561
533.2682544802561
533.2682544802561
533.2682544802562
533.2682544802561
533.2682544802562
533.2682544802561
533.2682544802561
533.2682544802561
533.2682544802562
533.2682544802561
533.2682544802561
533.2682544802561
533.2682544802561
533.2682544802561
533.2682544802561
533.2682544802561
533.2682544802561
533.2682544802561
533.2682544802561
533.2682544802561
533.2682544802561
533.2682544802561
533.2682544802561
533.2682544802561
533.2682544802561
533.2682544802561
533.2682544802561
533.2682544802561
533.2682544802562
533.2682544802561
533.2682544802562
533.2682544802561
533.2682544802561
533.2682544802561
533.2682544802562
533.2682544802561
533.2682544802561
533.2682544802561
533.2682544802561
533.2682544802561
533.2682544802561
533.2682544802561
533.2682544802561
533.2682544802561
533.2682544802561
533.2682544802561
533.2682544802561
533.2682544802561
533.2682544802561
533.2682544802561
533.2682544802561
533.2682544802561
533.2682544802561
533.2682544802561
533.2682544802562
533.2682544802561
533.2682544802562
533.2682544802561
533.2682544802561
533.2682544802561
533.2682544802562
533.2682544802561
533.2682544802561
533.2682544802561
533.2682544802561
533.2682544802561
533.2682544802561
533.2682544802561
533.2682544802561
533.2682544802561
533.2682544802561
533.2682544802561
533.2682544802561
533.2682544802561
533.2682544802561
533.2682544802561
533.2682544802561
533.2682544802561
533.2682544802561
533.2682544802561
533.2682544802562
533.2682544802561
533.2682544802562
533.2682544802561
533.2682544802561
533.2682544802561
533.2682544802562
533.2682544802561
533.2682544802561
533.2682544802561
533.2682544802561
533.2682544802561
533.2682544802561
533.2682544802561
533.2682544802561
533.2682544802561
533.2682544802561
533.2682544802561
533.2682544802561
533.2682544802561
533.2682544802561
533.2682544802561
533.2682544802561
533.2682544802561
533.2682544802561
533.2682544802561
533.2682544802562
533.2682544802561
533.2682544802562
533.2682544802561
