52.19
38
1770.4489994564187
1628.1047016291795
1639.5900978271343
1613.2137991968143
1637.5480820540288
1583.6553128486178
1660.4097908126175
1502.7611695691742
1656.4888499760057
1750.7456703887513
1737.1410487281341
1788.1890043443914
1519.9608551079148
1483.1375542513654
1642.7588102072875
1590.5296462555627
1517.3330898092643
1492.1393721226189
1680.0303042483786
1523.276192520556
1564.0523615341417
1643.5716473322034
1649.6954082767945
1696.8335243911815
1604.0219967349938
1499.6659896190743
1611.4290193682161
1599.7167139395233
1674.4259108703009
1678.7463260815202
1683.3155632855082
1666.627450450926
1512.5160195342391
1592.29540741675
1771.135024632682
1623.1385779219543
1567.5508963296645
1498.1886871831612
1285.1456851530222
1601.5339250969546
1379.9847214230758
1466.2528966591692
1481.0175349457074
1493.840759988813
1447.098925158967
1530.680712110075
1403.2381183718865
1522.510488356915
1556.6586352077636
1602.0055594343476
1611.9993148132692
1377.0214056729133
1285.1456851530222
1279.8262614167834
1500.2923155222504
1417.9821538499348
1252.7234744759005
1279.8262614167834
1435.630883832053
1369.8352117409013
1487.2627705530033
1522.6989589215916
1564.7421873418202
1496.3582544931503
1377.3118618805092
1505.9607336320055
1491.3560956649137
1279.8262614167834
1498.8760019289002
1558.6528399129706
1279.8262614167834
1403.3949728726138
1398.861583133077
1640.5665175006773
1444.1386918245041
1457.0396900593717
1369.473746292224
1158.1036457317605
1509.7117766154392
1252.5664073729708
1231.1039477241848
1375.9659296561906
1365.1113464723062
1344.0765203685262
1424.2546925302165
1306.0316386974732
1410.412196916006
1230.9788463967443
1468.2928795189205
1228.1741082586977
1305.0707797730956
1248.9309484341975
1194.6029170743875
1227.207111611915
1228.1741082586977
1158.1036457317605
1194.6029170743875
1348.3651823156154
1223.340571813747
1123.8080930609929
1395.7310997795764
1123.8080930609929
1392.916940911228
1259.7588736757625
1123.8080930609929
1387.9439477112096
1194.6029170743875
1404.4508752489871
1438.4899440348358
1170.6417857766264
1298.2883732643036
1297.36897957724
1515.1082486198488
1359.4383637104706
1123.8080930609929
1289.9373528134172
1195.624655003713
1427.1458578641389
1172.925999283727
1152.829510997708
1302.353618707242
1266.101587929831
1123.8080930609929
1325.6364022342143
1222.208116874715
1317.717951224174
1160.3534714878813
1344.4455725409239
1228.1741082586977
1123.8080930609929
1186.451418018905
1110.0976457030629
1155.094164059278
1157.5487333498347
1096.7334056735115
1110.0976457030629
1275.3757240430118
1167.1933784377243
1123.8080930609929
1195.624655003713
1061.2507767122825
1195.624655003713
1156.9984308307921
1061.2507767122825
1302.593575747005
1134.4267902908698
1325.9644450326523
1195.624655003713
1110.4656589931083
1200.0188038719155
1140.821993358187
1195.624655003713
1285.9362430651634
1061.2507767122825
1213.3614507280852
1000.2664198337361
1349.3830069677056
1117.0844039694955
972.9212047695793
1232.7355432220995
1026.7359946286444
1061.2507767122825
1230.9362102892726
1061.2507767122825
1247.1862309005912
1091.1963038010535
1250.9027594726224
1152.1667983554646
1017.8338470769946
1029.762556130501
1013.9529238882224
1086.9470199258067
1038.8287855650326
1027.576237986684
1000.0906463298047
1052.8892458148932
1058.6822916065514
1085.3370567214097
1085.3370567214097
1000.2664198337361
1070.0024334151472
1072.3613296592364
1024.4880656239372
1217.9914127333604
1081.8288132336759
997.8032917659352
1085.3370567214097
960.6920586103778
1099.3727195833285
1072.9968190722225
1085.3370567214097
997.8032917659352
1000.2664198337361
1145.1668554600656
918.9024419120514
1276.3650757592152
1071.8399469188066
919.687729977879
1174.6446014596058
949.298425457478
1000.2664198337362
1141.5946117270294
939.202187037821
952.2450395728102
934.8013091265444
1170.6124340869071
925.259097915696
964.6003722852945
965.5245981952168
949.7149659529381
1039.304745259035
928.3489383867135
930.9214840043518
946.3039015680974
946.2387878953989
1005.4488168148513
1022.7797403726993
1022.7797403726993
953.4172400559514
1018.164997703698
893.9271206525551
939.202187037821
1155.0315889341941
1040.1171953395826
950.9541119881503
939.202187037821
918.9024419120514
1036.9416852451823
1028.3360239952117
897.4125703394946
897.4125703394946
953.4172400559514
1104.0122938064123
892.7249618170241
882.756608960387
1030.177221347531
884.8719277497989
1124.6306288548903
884.3963434346756
884.3537056202265
1071.639402254298
882.756608960387
882.756608960387
884.3537056202265
1095.356494920575
873.7592290992663
964.6003722852945
885.541655533676
885.541655533676
884.3963434346756
897.3217774761232
895.462107622592
885.541655533676
904.4491711970726
958.5996370370664
884.3537056202265
884.3963434346756
917.9578636741915
884.3537056202265
892.7249618170241
851.0019262903256
1092.5891052214847
1002.117648990119
877.5019049801447
851.0019262903256
851.0019262903256
861.0170867543602
867.7722232167752
860.5850309157015
860.5850309157015
877.5019049801447
864.3423474129862
814.6064820153039
846.3442747453262
965.0903152598734
851.0019262903255
1077.2422044055131
851.0019262903255
847.9413714051657
851.0019262903255
846.3442747453262
840.6158423087487
847.9413714051657
1035.7963592999415
851.0019262903255
851.0019262903255
864.2473563858792
843.4008888820377
847.9840092196149
866.6737460382229
851.0019262903255
849.1293213186152
867.7588077417203
923.7838348089864
847.9413714051657
847.9840092196149
851.0019262903255
851.0019262903255
851.0019262903255
814.6064820153039
814.6064820153039
814.6064820153039
814.6064820153039
814.6064820153039
814.6064820153039
814.6064820153039
831.3767789417534
814.6064820153039
814.6064820153039
822.5049287987885
814.6064820153039
838.9969987165258
820.0218139891078
814.6064820153039
814.6064820153039
814.6064820153039
814.6064820153039
814.6064820153039
814.6064820153039
820.0218139891078
805.0403909307305
821.4829013204312
814.6064820153039
814.6064820153039
814.6064820153039
814.6064820153039
814.6064820153039
814.6064820153039
814.6064820153039
814.6064820153039
822.6708512338807
814.6064820153039
890.9429101111692
821.4829013204312
821.6615484633966
814.6064820153039
814.6064820153039
851.0019262903255
814.6064820153039
789.4173428166599
799.5214161623365
789.4173428166599
789.4173428166602
789.4173428166602
814.6064820153039
808.8225949375062
799.5214161623365
799.5214161623365
786.1094845237668
789.4173428166599
760.9203453251229
794.832674790464
786.1094845237667
789.4173428166599
786.1094845237667
789.4173428166599
786.1094845237667
786.1094845237667
786.1094845237667
786.1094845237667
786.1094845237667
786.1094845237667
786.1094845237667
786.1094845237667
786.1094845237667
789.4173428166599
789.4173428166599
786.1094845237667
786.1094845237667
786.1094845237667
789.4173428166599
848.6642012871473
786.1094845237667
786.1094845237667
786.1094845237667
789.4173428166599
786.1094845237667
814.6064820153039
764.9390832395108
775.0431565851871
764.9390832395108
789.4173428166599
786.1094845237667
799.5214161623365
786.1094845237667
786.1094845237667
775.0431565851871
760.9203453251229
764.9390832395108
740.2437886183138
760.920345325123
760.9203453251229
760.920345325123
760.920345325123
760.920345325123
786.1094845237667
760.7418743846184
760.9203453251229
760.7418743846184
760.9203453251229
760.9203453251229
760.9203453251229
760.9203453251229
760.7418743846184
760.920345325123
764.9390832395108
760.9203453251229
760.920345325123
760.9203453251229
760.920345325123
824.2751818410713
760.9203453251229
760.920345325123
760.920345325123
760.920345325123
760.9203453251229
760.920345325123
764.9390832395108
752.2989538077278
760.920345325123
760.920345325123
760.6971301718132
760.920345325123
760.9203453251229
760.7418743846184
760.920345325123
740.2437886183138
740.2437886183139
725.0312509072186
740.2437886183139
740.2437886183138
740.2437886183139
740.2437886183139
740.2437886183139
740.2437886183139
738.4804445467315
740.2437886183139
740.1836344918366
740.2437886183139
740.2437886183138
760.9203453251229
740.2437886183138
738.4804445467315
740.2437886183139
740.2437886183139
740.2437886183138
740.2437886183139
740.2437886183138
740.2437886183139
740.2437886183139
753.7913473163004
740.2437886183139
740.2437886183139
740.2437886183139
740.2437886183138
740.2437886183139
740.2437886183139
731.6223971009188
740.2437886183139
740.2437886183139
739.7066710982634
740.2437886183139
740.2437886183138
740.1836344918366
740.2437886183139
725.0312509072186
725.0312509072186
725.0312509072186
725.0312509072186
725.0312509072186
725.0312509072186
725.0312509072186
725.0312509072186
725.0312509072186
725.0312509072186
725.0312509072186
719.1327898315209
725.0312509072186
725.0312509072186
725.0312509072186
725.0312509072186
725.0312509072186
725.0312509072186
725.0312509072186
725.0312509072186
725.0312509072186
725.0312509072186
725.0312509072186
725.0312509072186
715.031918018766
725.0312509072186
725.0312509072186
725.0312509072186
725.0312509072186
725.0312509072186
725.0312509072186
725.0312509072186
725.0312509072186
725.0312509072186
725.0312509072186
725.0312509072186
725.0312509072186
719.1327898315209
725.0312509072186
725.0312509072186
711.9937221366719
711.2575482200251
711.2575482200251
711.2575482200251
703.9781586259619
725.0312509072186
711.2575482200251
711.9937221366719
711.2575482200251
711.9937221366719
693.5771263664438
711.2575482200251
711.2575482200251
711.2575482200251
711.2575482200251
711.2575482200251
711.2575482200251
711.9937221366719
723.1140970104015
711.9937221366719
711.2575482200251
711.2575482200251
711.2575482200251
711.2575482200251
703.9781586259619
711.2575482200251
711.9937221366719
711.2575482200251
711.2575482200251
711.9937221366719
711.2575482200251
711.2575482200251
703.9781586259619
711.2575482200251
711.9937221366719
711.9937221366719
710.6535860456385
711.2575482200251
711.2575482200251
711.2575482200251
677.6816938619825
692.8942315730777
686.4250860464853
692.8942315730777
692.8942315730777
692.8942315730777
686.4250860464853
686.4250860464853
711.9937221366719
677.6816938619825
677.6816938619825
677.6816938619825
697.5524541816
677.6816938619825
677.6816938619825
677.6816938619825
677.6816938619825
677.6816938619825
677.6816938619825
697.5524541816
677.6816938619825
677.6816938619825
697.5524541816
677.6816938619825
677.6816938619825
677.6816938619825
677.6816938619825
711.2575482200251
677.6816938619825
677.6816938619825
677.6816938619825
677.6816938619825
677.6816938619825
677.6816938619825
677.6816938619825
677.6816938619825
677.6816938619825
697.5524541816
697.5524541816
664.6441650914359
677.6816938619825
674.1921616969524
677.6816938619825
677.6816938619825
677.6816938619825
677.6816938619825
677.6816938619825
677.6816938619825
664.6441650914359
664.6441650914359
664.6441650914359
664.6441650914359
664.6441650914359
664.6441650914359
664.6441650914359
664.6441650914359
664.6441650914359
664.6441650914359
697.5524541816
664.6441650914359
664.6441650914359
664.6441650914359
661.2184391696333
664.6441650914359
664.6441650914359
664.6441650914359
664.6441650914359
664.6441650914359
664.6441650914359
664.6441650914359
664.6441650914359
664.6441650914359
664.6441650914359
664.6441650914359
664.6441650914359
664.6441650914359
664.6441650914359
664.6441650914359
661.2184391696333
661.2184391696333
660.7671028866971
661.2184391696333
661.2184391696333
661.2184391696333
661.2184391696333
661.2184391696333
661.2184391696333
661.2184391696333
647.5133451312083
661.2184391696333
647.5133451312083
661.2184391696333
661.2184391696333
647.5133451312083
661.2184391696333
661.2184391696333
661.2184391696333
661.2184391696333
661.2184391696333
661.2184391696333
650.9390710530108
661.2184391696333
661.2184391696333
647.5133451312083
664.6441650914359
650.9390710530108
661.2184391696333
661.2184391696333
661.2184391696333
661.2184391696333
647.5133451312083
661.2184391696333
647.5133451312083
647.5133451312083
647.5133451312083
661.2184391696333
650.9390710530108
647.5133451312081
647.5133451312081
652.0432224484621
647.5133451312081
647.5133451312083
647.5133451312081
647.5133451312081
661.2184391696333
647.5133451312081
647.5133451312081
647.5133451312081
647.5133451312081
635.2804207816753
647.5133451312081
647.5133451312081
635.2804207816753
647.5133451312081
647.5133451312081
647.5133451312081
647.5133451312081
647.5133451312081
647.5133451312081
650.9390710530108
647.5133451312081
647.5133451312081
647.5133451312081
647.5133451312081
647.5133451312081
661.2184391696333
647.5133451312081
647.5133451312081
647.5133451312081
635.2804207816753
647.5133451312083
647.5133451312081
635.2804207816753
635.2804207816753
647.5133451312083
647.5133451312081
626.55654034344
635.2804207816753
635.2804207816753
635.2804207816753
635.2804207816753
635.2804207816753
635.2804207816753
661.2184391696333
635.2804207816753
635.2804207816753
635.2804207816753
635.2804207816753
626.55654034344
626.55654034344
626.55654034344
626.55654034344
626.55654034344
626.55654034344
626.55654034344
626.55654034344
626.55654034344
626.55654034344
626.55654034344
635.2804207816753
626.55654034344
626.55654034344
626.55654034344
647.5133451312081
626.55654034344
626.55654034344
626.55654034344
647.5133451312081
635.2804207816753
626.55654034344
635.2804207816753
626.55654034344
626.55654034344
626.55654034344
626.55654034344
618.7035124944659
626.55654034344
626.55654034344
626.55654034344
626.55654034344
626.55654034344
626.55654034344
626.55654034344
626.55654034344
626.55654034344
626.55654034344
626.55654034344
618.7035124944659
618.7035124944659
618.7035124944659
626.55654034344
618.7035124944659
618.7035124944659
618.7035124944659
618.7035124944659
618.7035124944659
618.7035124944659
618.7035124944659
618.7035124944659
618.7035124944659
618.7035124944659
618.7035124944659
618.7035124944659
618.7035124944659
618.7035124944659
618.7035124944659
618.7035124944659
618.7035124944659
618.7035124944659
618.7035124944659
618.7035124944659
618.7035124944659
618.7035124944659
618.7035124944659
618.7035124944659
618.7035124944659
618.7035124944659
618.7035124944659
618.7035124944659
618.7035124944659
618.7035124944659
618.7035124944659
618.7035124944659
618.7035124944659
618.7035124944659
618.7035124944659
618.7035124944659
618.7035124944659
618.7035124944659
618.7035124944659
618.7035124944659
618.7035124944659
618.7035124944659
611.9315041657087
618.7035124944659
618.7035124944659
611.9315041657087
611.9315041657087
618.7035124944659
618.7035124944659
611.9315041657087
618.7035124944659
618.7035124944659
611.9315041657087
618.7035124944659
618.7035124944659
618.7035124944659
611.9315041657087
611.9315041657087
618.7035124944659
611.9315041657087
618.7035124944659
611.9315041657087
611.9315041657087
618.7035124944659
611.9315041657087
611.9315041657087
611.9315041657087
611.9315041657087
611.9315041657087
611.9315041657087
611.9315041657087
611.9315041657087
611.9315041657087
611.9315041657087
611.9315041657087
611.9315041657087
611.9315041657087
611.9315041657087
611.9315041657087
611.9315041657087
611.9315041657087
611.9315041657087
611.9315041657087
618.7035124944659
611.9315041657087
611.9315041657087
611.9315041657087
611.9315041657087
611.9315041657087
611.9315041657087
611.9315041657087
600.5938777457679
611.9315041657087
611.9315041657087
611.9315041657087
611.9315041657087
611.9315041657087
611.9315041657087
600.5938777457682
611.9315041657087
600.5938777457679
600.5938777457679
600.5938777457682
600.5938777457682
600.5938777457682
600.5938777457682
600.5938777457682
600.5938777457682
600.5938777457682
600.5938777457682
600.5938777457682
600.5938777457682
600.5938777457682
600.5938777457679
600.5938777457682
600.5938777457682
600.5938777457682
600.5938777457682
600.5938777457682
600.5938777457682
600.5938777457682
600.5938777457682
600.5938777457682
600.5938777457679
600.5938777457682
600.5938777457679
600.5938777457682
600.5938777457682
600.5938777457682
600.5938777457682
600.5938777457679
600.5938777457682
600.5938777457682
600.5938777457682
600.5938777457682
600.5938777457682
600.5938777457682
600.5938777457682
600.5938777457682
600.5938777457679
600.5938777457679
600.5938777457682
600.5938777457682
600.5938777457682
594.1011480283896
600.5938777457682
600.593877745768
594.1011480283896
600.5938777457682
594.1011480283896
594.1011480283896
600.5938777457682
600.5938777457679
594.1011480283896
594.1011480283896
600.5938777457682
600.5938777457682
600.5938777457682
594.1011480283896
600.5938777457682
600.593877745768
600.5938777457682
600.5938777457679
600.5938777457682
600.5938777457679
594.1011480283896
594.1011480283896
594.1011480283896
600.5938777457682
600.5938777457679
600.5938777457682
594.1011480283896
600.5938777457682
594.1011480283896
600.593877745768
600.5938777457682
600.5938777457682
600.5938777457682
600.5938777457679
587.9098254193569
594.1011480283896
594.1011480283896
594.1011480283896
587.9098254193569
587.909825419357
587.909825419357
587.909825419357
594.1011480283896
587.909825419357
587.909825419357
587.909825419357
587.909825419357
586.240765203165
587.909825419357
587.909825419357
587.909825419357
587.909825419357
586.240765203165
587.909825419357
587.909825419357
587.909825419357
587.909825419357
587.909825419357
594.1011480283896
587.909825419357
587.909825419357
587.909825419357
594.1011480283896
600.5938777457679
594.1011480283896
587.909825419357
587.909825419357
587.909825419357
587.909825419357
587.909825419357
587.909825419357
587.909825419357
587.909825419357
580.7777881135705
586.2407652031651
586.2407652031651
586.2407652031651
586.2407652031651
582.4468483297627
582.4468483297627
586.2407652031651
586.2407652031651
586.2407652031651
586.2407652031651
586.2407652031651
582.4468483297627
580.7777881135705
580.7777881135708
580.7777881135708
580.7777881135708
580.7777881135708
580.7777881135708
572.5216301868085
580.7777881135708
580.7777881135708
580.7777881135708
580.7777881135708
580.7777881135708
580.7777881135708
580.7777881135708
587.909825419357
580.7777881135708
580.7777881135708
580.7777881135708
580.7777881135708
580.7777881135708
580.7777881135708
572.5216301868085
580.7777881135708
582.4468483297627
580.7777881135708
580.7777881135708
571.9683089875625
563.1035308386308
572.5216301868085
563.1035308386308
580.7777881135708
572.5216301868085
572.5216301868085
572.5216301868085
563.1035308386308
572.5216301868085
563.1035308386308
572.5216301868085
572.5216301868085
572.5216301868085
580.7777881135708
572.5216301868085
572.5216301868085
572.5216301868085
572.5216301868085
571.9683089875625
571.9683089875625
571.9683089875625
571.9683089875625
571.9683089875625
571.9683089875625
571.9683089875625
571.9683089875625
587.909825419357
571.9683089875625
571.9683089875625
571.9683089875625
571.9683089875625
571.9683089875625
571.9683089875625
572.5216301868085
571.9683089875625
571.9683089875625
571.9683089875625
571.9683089875625
558.7275849868232
558.7275849868232
551.4622108740504
551.4622108740504
551.4622108740504
551.4622108740504
551.4622108740504
551.4622108740504
551.4622108740504
551.4622108740504
558.7275849868233
551.4622108740504
551.4622108740504
572.5216301868085
551.4622108740504
551.4622108740504
551.4622108740504
551.4622108740504
551.4622108740504
551.4622108740504
551.4622108740504
551.4622108740504
551.4622108740504
551.4622108740504
551.4622108740504
551.4622108740504
571.9683089875625
551.4622108740504
567.592363135755
551.4622108740504
551.4622108740504
551.4622108740504
551.4622108740504
551.4622108740504
551.4622108740504
551.4622108740504
551.4622108740504
551.4622108740504
551.4622108740504
551.4622108740504
551.4622108740504
551.4622108740504
551.4622108740504
544.9934093688629
551.4622108740504
544.9934093688629
551.4622108740504
551.4622108740504
551.4622108740504
551.4622108740504
551.4622108740504
544.9934093688629
551.4622108740504
551.4622108740504
551.4622108740504
551.4622108740504
551.4622108740504
551.4622108740504
551.4622108740504
551.4622108740504
544.9934093688629
551.4622108740504
544.9934093688629
551.4622108740504
551.4622108740504
551.4622108740504
544.9934093688629
551.4622108740504
551.4622108740504
544.9934093688629
551.4622108740504
551.4622108740504
551.4622108740504
544.9934093688629
551.4622108740504
551.4622108740504
551.4622108740504
551.4622108740504
544.9934093688629
544.9934093688629
544.9934093688629
544.9934093688629
544.9934093688629
544.9934093688629
544.9934093688629
544.9934093688629
544.9934093688629
551.4622108740504
544.9934093688629
551.4622108740504
544.9934093688629
544.9934093688629
544.9934093688629
544.9934093688629
544.9934093688629
544.9934093688629
544.9934093688629
544.9934093688629
544.9934093688629
544.9934093688629
544.9934093688629
541.0575363136542
544.9934093688629
544.9934093688629
551.4622108740504
544.9934093688629
544.9934093688629
544.9934093688629
544.9934093688629
544.9934093688629
544.9934093688629
544.9934093688629
544.9934093688629
544.9934093688629
544.9934093688629
544.9934093688629
544.9934093688629
537.1315253870505
541.0575363136543
541.0575363136543
541.0575363136543
541.0575363136543
541.0575363136542
541.0575363136543
541.0575363136543
541.0575363136542
541.0575363136543
544.9934093688629
541.0575363136543
541.0575363136543
541.0575363136543
541.0575363136543
541.0575363136543
541.0575363136543
541.0575363136543
541.0575363136543
541.0575363136543
541.0575363136543
541.0575363136543
541.0575363136543
537.1315253870505
537.1315253870505
537.1315253870505
537.1315253870505
537.1315253870505
537.1315253870505
537.1315253870505
544.9934093688629
537.1315253870505
537.1315253870505
537.1315253870505
537.1315253870505
537.1315253870505
537.1315253870505
537.1315253870505
537.1315253870505
537.1315253870505
537.1315253870505
537.1315253870505
537.1315253870505
537.1315253870505
537.1315253870505
541.0575363136543
537.1315253870505
537.1315253870505
537.1315253870505
544.9934093688629
537.1315253870505
537.1315253870505
537.1315253870505
537.1315253870505
537.1315253870505
537.1315253870505
537.1315253870505
537.1315253870505
537.1315253870505
537.1315253870505
537.1315253870505
537.1315253870505
537.1315253870505
537.1315253870505
537.1315253870505
537.1315253870505
530.49202195331
537.1315253870505
537.1315253870505
537.1315253870505
537.1315253870505
537.1315253870505
537.1315253870505
537.1315253870505
530.49202195331
537.1315253870505
537.1315253870505
537.1315253870505
530.4920219533099
530.4920219533099
537.1315253870505
530.4920219533099
530.4920219533099
530.4920219533099
530.4920219533099
530.4920219533099
530.4920219533099
530.4920219533099
530.4920219533099
530.4920219533099
530.4920219533099
530.4920219533099
530.4920219533099
530.4920219533099
530.4920219533099
530.4920219533099
530.4920219533099
530.4920219533099
530.4920219533099
530.4920219533099
530.4920219533099
530.4920219533099
530.4920219533099
530.4920219533099
530.4920219533099
530.4920219533099
529.7080723739742
529.7080723739742
529.7080723739742
529.7080723739742
529.7080723739742
529.7080723739742
529.7080723739742
529.5589808131567
529.7080723739742
529.7080723739742
529.7080723739742
518.7332193403984
516.8051267499418
523.3256593948195
516.8051267499418
530.4920219533099
518.7332193403984
512.6983649670142
516.8051267499418
518.7332193403984
525.4522190302291
512.6983649670142
518.7332193403984
518.7332193403984
516.8051267499418
530.4920219533099
530.4920219533099
516.8051267499418
518.7332193403984
516.8051267499418
516.8051267499418
516.8051267499418
512.6983649670142
516.8051267499418
516.8051267499418
518.7332193403984
516.8051267499418
516.8051267499418
516.8051267499418
516.8051267499418
516.8051267499418
516.8051267499418
516.8051267499418
516.8051267499418
516.8051267499418
516.8051267499418
518.7332193403984
517.7815097081645
516.8051267499418
517.7815097081645
512.6983649670142
512.6983649670142
512.6983649670142
512.6983649670142
512.6983649670142
512.6983649670142
512.6983649670142
512.6983649670142
512.6983649670142
512.6983649670142
502.7907320385032
512.6983649670142
512.6983649670142
512.6983649670142
512.6983649670142
512.6983649670142
512.6983649670142
512.6983649670142
512.6983649670142
512.6983649670142
512.6983649670142
512.6983649670142
512.6983649670142
512.6983649670142
512.6983649670142
512.6983649670142
512.6983649670142
512.6983649670142
512.6983649670142
512.6983649670142
512.6983649670142
512.6983649670142
512.6983649670142
512.6983649670142
512.6983649670142
518.7332193403984
512.6983649670142
512.6983649670142
512.6983649670142
502.7907320385032
502.7907320385032
502.7907320385032
502.7907320385032
502.7907320385032
512.6983649670142
502.7907320385032
502.7907320385032
502.7907320385032
502.7907320385032
502.7907320385032
502.7907320385032
512.6983649670142
502.7907320385032
502.7907320385032
502.7907320385032
502.7907320385032
502.7907320385032
502.7907320385032
502.7907320385032
502.7907320385032
502.7907320385032
502.7907320385032
502.7907320385032
502.7907320385032
502.7907320385032
502.7907320385032
502.7907320385032
502.7907320385032
502.7907320385032
512.6983649670142
502.7907320385032
502.7907320385032
502.7907320385032
502.7907320385032
502.7907320385032
502.7907320385032
502.7907320385032
502.7907320385032
502.7907320385032
497.4050034734566
502.7907320385032
502.7907320385032
502.7907320385032
502.7907320385032
502.7907320385032
502.7907320385032
502.7907320385032
502.7907320385032
502.7907320385032
502.7907320385032
502.7907320385032
502.7907320385032
502.7907320385032
502.7907320385032
502.7907320385032
502.7907320385032
497.4050034734566
502.7907320385032
502.7907320385032
502.7907320385032
502.7907320385032
502.7907320385032
502.7907320385032
502.7907320385032
502.7907320385032
497.4050034734566
502.7907320385032
502.7907320385032
502.7907320385032
502.7907320385032
502.7907320385032
502.7907320385032
502.7907320385032
502.7907320385032
502.7907320385032
502.7907320385032
497.4050034734566
497.4050034734566
497.4050034734566
497.4050034734566
497.4050034734566
497.4050034734566
497.4050034734566
497.4050034734566
497.4050034734566
497.4050034734566
497.4050034734566
497.4050034734566
497.4050034734566
497.4050034734566
497.4050034734566
497.4050034734566
497.4050034734566
502.7907320385032
497.4050034734566
497.4050034734566
497.4050034734566
502.7907320385032
497.4050034734566
497.4050034734566
497.4050034734566
497.4050034734566
497.4050034734566
497.4050034734566
497.4050034734566
497.4050034734566
497.4050034734566
497.4050034734566
497.4050034734566
497.4050034734566
497.4050034734566
497.4050034734566
497.4050034734566
497.4050034734566
497.4050034734566
497.4050034734566
497.4050034734566
497.4050034734566
497.4050034734566
497.4050034734566
497.4050034734566
497.4050034734566
497.4050034734566
497.4050034734566
497.4050034734566
495.60684836850197
497.4050034734566
497.4050034734566
497.4050034734566
497.4050034734566
497.4050034734566
497.4050034734566
497.4050034734566
495.60684836850197
497.4050034734566
497.4050034734566
497.4050034734566
497.4050034734566
497.4050034734566
497.4050034734566
497.4050034734566
497.4050034734566
495.60684836850197
497.4050034734566
495.60684836850197
495.60684836850197
497.4050034734566
497.4050034734566
497.4050034734566
497.4050034734566
497.4050034734566
497.4050034734566
497.4050034734566
497.4050034734566
495.60684836850197
495.60684836850197
495.60684836850197
497.4050034734566
495.60684836850197
495.60684836850197
497.4050034734566
495.60684836850197
495.60684836850197
495.60684836850197
495.60684836850197
495.60684836850197
495.60684836850197
495.60684836850197
495.60684836850197
495.60684836850197
495.60684836850197
495.60684836850197
495.60684836850197
495.60684836850197
495.60684836850197
495.60684836850197
495.60684836850197
495.60684836850197
495.60684836850197
495.60684836850197
497.4050034734566
495.60684836850197
495.60684836850197
495.60684836850197
495.60684836850197
495.60684836850197
495.60684836850197
495.60684836850197
495.60684836850197
495.60684836850197
495.60684836850197
495.60684836850197
495.60684836850197
495.60684836850197
495.60684836850197
495.60684836850197
495.60684836850197
495.60684836850197
495.60684836850197
495.60684836850197
495.60684836850197
495.60684836850197
495.60684836850197
495.60684836850197
495.60684836850197
495.60684836850197
495.60684836850197
495.60684836850197
495.60684836850197
495.60684836850197
495.60684836850197
495.60684836850197
495.60684836850197
495.60684836850197
495.60684836850197
495.60684836850197
495.60684836850197
495.60684836850197
495.60684836850197
495.60684836850197
495.60684836850197
495.60684836850197
495.60684836850197
495.60684836850197
495.60684836850197
495.60684836850197
495.60684836850197
495.60684836850197
495.60684836850197
495.60684836850197
495.60684836850197
495.60684836850197
495.60684836850197
495.60684836850197
495.60684836850197
495.60684836850197
495.60684836850197
495.60684836850197
495.60684836850197
495.60684836850197
495.60684836850197
495.60684836850197
495.60684836850197
495.60684836850197
495.60684836850197
495.60684836850197
495.60684836850197
495.60684836850197
495.60684836850197
495.60684836850197
495.60684836850197
495.60684836850197
495.60684836850197
495.60684836850197
495.60684836850197
495.60684836850197
495.60684836850197
495.60684836850197
495.60684836850197
495.60684836850197
495.60684836850197
495.60684836850197
495.60684836850197
495.60684836850197
495.60684836850197
495.60684836850197
495.60684836850197
495.60684836850197
495.60684836850197
495.60684836850197
495.60684836850197
495.60684836850197
495.60684836850197
495.60684836850197
495.60684836850197
495.60684836850197
495.60684836850197
495.60684836850197
495.60684836850197
495.60684836850197
495.60684836850197
495.60684836850197
495.60684836850197
495.60684836850197
495.60684836850197
495.60684836850197
495.60684836850197
495.60684836850197
495.60684836850197
495.60684836850197
495.60684836850197
495.60684836850197
495.60684836850197
495.60684836850197
495.60684836850197
495.60684836850197
495.60684836850197
495.60684836850197
495.60684836850197
495.60684836850197
495.60684836850197
495.60684836850197
495.60684836850197
495.60684836850197
495.60684836850197
495.60684836850197
495.60684836850197
495.60684836850197
495.60684836850197
495.60684836850197
495.60684836850197
495.60684836850197
495.60684836850197
495.60684836850197
495.60684836850197
495.60684836850197
495.60684836850197
495.60684836850197
495.60684836850197
495.60684836850197
495.60684836850197
495.60684836850197
495.60684836850197
495.60684836850197
495.60684836850197
495.60684836850197
495.60684836850197
495.60684836850197
495.60684836850197
495.60684836850197
495.60684836850197
495.60684836850197
495.60684836850197
495.60684836850197
495.60684836850197
495.60684836850197
495.60684836850197
495.60684836850197
495.60684836850197
495.60684836850197
495.60684836850197
495.60684836850197
495.60684836850197
495.60684836850197
495.60684836850197
495.60684836850197
495.60684836850197
495.60684836850197
495.60684836850197
495.60684836850197
495.60684836850197
495.60684836850197
495.60684836850197
495.60684836850197
495.60684836850197
495.60684836850197
495.60684836850197
495.60684836850197
495.60684836850197
495.60684836850197
495.60684836850197
495.60684836850197
495.60684836850197
495.60684836850197
495.60684836850197
495.60684836850197
495.60684836850197
495.60684836850197
495.60684836850197
495.60684836850197
495.60684836850197
495.60684836850197
495.60684836850197
495.60684836850197
495.60684836850197
495.60684836850197
495.60684836850197
495.60684836850197
495.60684836850197
495.60684836850197
495.60684836850197
495.60684836850197
495.60684836850197
495.60684836850197
495.60684836850197
495.60684836850197
495.60684836850197
495.60684836850197
495.60684836850197
495.60684836850197
495.60684836850197
495.60684836850197
495.60684836850197
495.60684836850197
495.60684836850197
495.60684836850197
495.60684836850197
495.60684836850197
495.60684836850197
495.60684836850197
495.60684836850197
495.60684836850197
495.60684836850197
495.60684836850197
495.60684836850197
495.60684836850197
495.60684836850197
495.60684836850197
495.60684836850197
495.60684836850197
495.60684836850197
495.60684836850197
495.60684836850197
495.60684836850197
495.60684836850197
495.60684836850197
495.60684836850197
495.60684836850197
495.60684836850197
495.60684836850197
495.60684836850197
495.60684836850197
495.60684836850197
495.60684836850197
495.60684836850197
495.60684836850197
495.60684836850197
495.60684836850197
495.60684836850197
495.60684836850197
495.60684836850197
495.60684836850197
495.60684836850197
495.60684836850197
495.60684836850197
495.60684836850197
495.60684836850197
495.60684836850197
495.60684836850197
495.60684836850197
495.60684836850197
495.60684836850197
495.60684836850197
495.60684836850197
495.60684836850197
495.60684836850197
495.60684836850197
495.60684836850197
495.60684836850197
495.60684836850197
495.60684836850197
495.60684836850197
495.60684836850197
495.60684836850197
495.60684836850197
495.60684836850197
495.60684836850197
495.60684836850197
495.60684836850197
495.60684836850197
495.60684836850197
495.60684836850197
495.60684836850197
495.60684836850197
495.60684836850197
495.60684836850197
495.60684836850197
495.60684836850197
495.60684836850197
495.60684836850197
495.60684836850197
495.60684836850197
495.60684836850197
495.60684836850197
495.60684836850197
495.60684836850197
495.60684836850197
495.60684836850197
495.60684836850197
495.60684836850197
495.60684836850197
495.60684836850197
495.60684836850197
495.60684836850197
495.60684836850197
495.60684836850197
495.60684836850197
495.60684836850197
495.60684836850197
495.60684836850197
495.60684836850197
495.60684836850197
495.60684836850197
495.60684836850197
495.60684836850197
495.60684836850197
495.60684836850197
495.60684836850197
495.60684836850197
495.60684836850197
495.60684836850197
495.60684836850197
495.60684836850197
495.60684836850197
495.60684836850197
495.60684836850197
495.60684836850197
495.60684836850197
495.60684836850197
495.60684836850197
495.60684836850197
495.60684836850197
495.60684836850197
495.60684836850197
495.60684836850197
495.60684836850197
495.60684836850197
495.60684836850197
495.60684836850197
495.60684836850197
495.60684836850197
495.60684836850197
495.60684836850197
495.60684836850197
495.60684836850197
495.60684836850197
495.60684836850197
495.60684836850197
495.60684836850197
495.60684836850197
495.60684836850197
495.60684836850197
495.60684836850197
495.60684836850197
495.60684836850197
495.60684836850197
495.60684836850197
495.60684836850197
495.60684836850197
495.60684836850197
495.60684836850197
495.60684836850197
495.60684836850197
495.60684836850197
495.60684836850197
495.60684836850197
495.60684836850197
495.60684836850197
495.60684836850197
495.60684836850197
495.60684836850197
495.60684836850197
495.60684836850197
495.60684836850197
495.60684836850197
495.60684836850197
495.60684836850197
495.60684836850197
495.60684836850197
495.60684836850197
495.60684836850197
495.60684836850197
495.60684836850197
495.60684836850197
495.60684836850197
495.60684836850197
495.60684836850197
495.60684836850197
495.60684836850197
495.60684836850197
495.60684836850197
495.60684836850197
495.60684836850197
495.60684836850197
495.60684836850197
495.60684836850197
495.60684836850197
495.60684836850197
495.60684836850197
495.60684836850197
495.60684836850197
495.60684836850197
495.60684836850197
495.60684836850197
495.60684836850197
495.60684836850197
495.60684836850197
495.60684836850197
495.60684836850197
495.60684836850197
495.60684836850197
495.60684836850197
495.60684836850197
495.60684836850197
495.60684836850197
495.60684836850197
495.60684836850197
495.60684836850197
495.60684836850197
495.60684836850197
495.60684836850197
495.60684836850197
495.60684836850197
495.60684836850197
495.60684836850197
495.60684836850197
495.60684836850197
495.60684836850197
495.60684836850197
495.60684836850197
495.60684836850197
495.60684836850197
495.60684836850197
495.60684836850197
495.60684836850197
495.60684836850197
495.60684836850197
495.60684836850197
495.60684836850197
495.60684836850197
495.60684836850197
495.60684836850197
495.60684836850197
495.60684836850197
495.60684836850197
495.60684836850197
495.60684836850197
495.60684836850197
495.60684836850197
495.60684836850197
495.60684836850197
495.60684836850197
495.60684836850197
495.60684836850197
495.60684836850197
495.60684836850197
495.60684836850197
495.60684836850197
495.60684836850197
495.60684836850197
495.60684836850197
495.60684836850197
495.60684836850197
495.60684836850197
495.60684836850197
495.60684836850197
495.60684836850197
495.60684836850197
495.60684836850197
495.60684836850197
495.60684836850197
495.60684836850197
495.60684836850197
495.60684836850197
495.60684836850197
495.60684836850197
495.60684836850197
495.60684836850197
495.60684836850197
495.60684836850197
495.60684836850197
495.60684836850197
495.60684836850197
495.60684836850197
495.60684836850197
495.60684836850197
495.60684836850197
495.60684836850197
495.60684836850197
495.60684836850197
495.60684836850197
495.60684836850197
495.60684836850197
495.60684836850197
495.60684836850197
495.60684836850197
495.60684836850197
495.60684836850197
495.60684836850197
495.60684836850197
495.60684836850197
495.60684836850197
495.60684836850197
495.60684836850197
495.60684836850197
495.60684836850197
495.60684836850197
495.60684836850197
495.60684836850197
495.60684836850197
495.60684836850197
495.60684836850197
495.60684836850197
495.60684836850197
495.60684836850197
495.60684836850197
495.60684836850197
495.60684836850197
495.60684836850197
495.60684836850197
495.60684836850197
495.60684836850197
495.60684836850197
495.60684836850197
495.60684836850197
495.60684836850197
495.60684836850197
495.60684836850197
495.60684836850197
495.60684836850197
495.60684836850197
495.60684836850197
495.60684836850197
495.60684836850197
495.60684836850197
495.60684836850197
495.60684836850197
495.60684836850197
495.60684836850197
495.60684836850197
495.60684836850197
495.60684836850197
495.60684836850197
495.60684836850197
495.60684836850197
495.60684836850197
495.60684836850197
495.60684836850197
495.60684836850197
495.60684836850197
495.60684836850197
495.60684836850197
495.60684836850197
495.60684836850197
495.60684836850197
495.60684836850197
495.60684836850197
495.60684836850197
495.60684836850197
495.60684836850197
495.60684836850197
495.60684836850197
495.60684836850197
495.60684836850197
495.60684836850197
495.60684836850197
495.60684836850197
495.60684836850197
495.60684836850197
495.60684836850197
495.60684836850197
495.60684836850197
495.60684836850197
495.60684836850197
495.60684836850197
495.60684836850197
495.60684836850197
495.60684836850197
495.60684836850197
495.60684836850197
495.60684836850197
495.60684836850197
495.60684836850197
495.60684836850197
495.60684836850197
495.60684836850197
495.60684836850197
495.60684836850197
495.60684836850197
495.60684836850197
495.60684836850197
495.60684836850197
495.60684836850197
495.60684836850197
495.60684836850197
495.60684836850197
495.60684836850197
495.60684836850197
495.60684836850197
495.60684836850197
495.60684836850197
495.60684836850197
495.60684836850197
495.60684836850197
495.60684836850197
495.60684836850197
495.60684836850197
495.60684836850197
495.60684836850197
495.60684836850197
495.60684836850197
495.60684836850197
495.60684836850197
495.60684836850197
495.60684836850197
495.60684836850197
495.60684836850197
495.60684836850197
495.60684836850197
495.60684836850197
495.60684836850197
495.60684836850197
495.60684836850197
495.60684836850197
495.60684836850197
495.60684836850197
495.60684836850197
495.60684836850197
495.60684836850197
495.60684836850197
495.60684836850197
495.60684836850197
495.60684836850197
495.60684836850197
495.60684836850197
495.60684836850197
495.60684836850197
495.60684836850197
495.60684836850197
495.60684836850197
495.60684836850197
495.60684836850197
495.60684836850197
495.60684836850197
495.60684836850197
495.60684836850197
495.60684836850197
495.60684836850197
495.60684836850197
495.60684836850197
495.60684836850197
495.60684836850197
495.60684836850197
495.60684836850197
495.60684836850197
495.60684836850197
495.60684836850197
495.60684836850197
495.60684836850197
495.60684836850197
495.60684836850197
495.60684836850197
495.60684836850197
495.60684836850197
495.60684836850197
495.60684836850197
495.60684836850197
495.60684836850197
495.60684836850197
495.60684836850197
495.60684836850197
495.60684836850197
495.60684836850197
495.60684836850197
495.60684836850197
495.60684836850197
495.60684836850197
495.60684836850197
495.60684836850197
495.60684836850197
495.60684836850197
495.60684836850197
495.60684836850197
495.60684836850197
495.60684836850197
495.60684836850197
495.60684836850197
495.60684836850197
495.60684836850197
495.60684836850197
495.60684836850197
495.60684836850197
495.60684836850197
495.60684836850197
495.60684836850197
495.60684836850197
495.60684836850197
495.60684836850197
495.60684836850197
495.60684836850197
495.60684836850197
495.60684836850197
495.60684836850197
495.60684836850197
495.60684836850197
495.60684836850197
495.60684836850197
495.60684836850197
495.60684836850197
495.60684836850197
495.60684836850197
495.60684836850197
495.60684836850197
495.60684836850197
495.60684836850197
495.60684836850197
495.60684836850197
495.60684836850197
495.60684836850197
495.60684836850197
495.60684836850197
495.60684836850197
495.60684836850197
495.60684836850197
495.60684836850197
495.60684836850197
495.60684836850197
495.60684836850197
495.60684836850197
495.60684836850197
495.60684836850197
495.60684836850197
495.60684836850197
495.60684836850197
495.60684836850197
495.60684836850197
495.60684836850197
495.60684836850197
495.60684836850197
495.60684836850197
495.60684836850197
495.60684836850197
495.60684836850197
495.60684836850197
495.60684836850197
495.60684836850197
495.60684836850197
495.60684836850197
495.60684836850197
495.60684836850197
495.60684836850197
495.60684836850197
495.60684836850197
495.60684836850197
495.60684836850197
495.60684836850197
495.60684836850197
495.60684836850197
495.60684836850197
495.60684836850197
495.60684836850197
495.60684836850197
495.60684836850197
495.60684836850197
495.60684836850197
495.60684836850197
495.60684836850197
495.60684836850197
495.60684836850197
495.60684836850197
495.60684836850197
495.60684836850197
495.60684836850197
495.60684836850197
495.60684836850197
495.60684836850197
495.60684836850197
495.60684836850197
495.60684836850197
495.60684836850197
495.60684836850197
495.60684836850197
495.60684836850197
495.60684836850197
495.60684836850197
495.60684836850197
495.60684836850197
495.60684836850197
495.60684836850197
495.60684836850197
495.60684836850197
495.60684836850197
495.60684836850197
495.60684836850197
495.60684836850197
495.60684836850197
495.60684836850197
495.60684836850197
495.60684836850197
495.60684836850197
495.60684836850197
495.60684836850197
495.60684836850197
495.60684836850197
495.60684836850197
495.60684836850197
495.60684836850197
495.60684836850197
495.60684836850197
495.60684836850197
495.60684836850197
495.60684836850197
495.60684836850197
495.60684836850197
495.60684836850197
495.60684836850197
495.60684836850197
495.60684836850197
495.60684836850197
495.60684836850197
495.60684836850197
495.60684836850197
495.60684836850197
495.60684836850197
495.60684836850197
495.60684836850197
495.60684836850197
495.60684836850197
495.60684836850197
495.60684836850197
495.60684836850197
495.60684836850197
495.60684836850197
495.60684836850197
495.60684836850197
495.60684836850197
495.60684836850197
495.60684836850197
495.60684836850197
495.60684836850197
495.60684836850197
495.60684836850197
495.60684836850197
495.60684836850197
495.60684836850197
495.60684836850197
495.60684836850197
495.60684836850197
495.60684836850197
495.60684836850197
495.60684836850197
495.60684836850197
495.60684836850197
495.60684836850197
495.60684836850197
495.60684836850197
495.60684836850197
495.60684836850197
495.60684836850197
495.60684836850197
495.60684836850197
495.60684836850197
495.60684836850197
495.60684836850197
495.60684836850197
495.60684836850197
495.60684836850197
495.60684836850197
495.60684836850197
495.60684836850197
495.60684836850197
495.60684836850197
495.60684836850197
495.60684836850197
495.60684836850197
495.60684836850197
495.60684836850197
495.60684836850197
495.60684836850197
495.60684836850197
495.60684836850197
495.60684836850197
495.60684836850197
495.60684836850197
495.60684836850197
495.60684836850197
495.60684836850197
495.60684836850197
495.60684836850197
495.60684836850197
495.60684836850197
495.60684836850197
495.60684836850197
495.60684836850197
495.60684836850197
495.60684836850197
495.60684836850197
495.60684836850197
495.60684836850197
495.60684836850197
495.60684836850197
495.60684836850197
495.60684836850197
495.60684836850197
495.60684836850197
495.60684836850197
495.60684836850197
495.60684836850197
495.60684836850197
495.60684836850197
495.60684836850197
495.60684836850197
495.60684836850197
495.60684836850197
495.60684836850197
495.60684836850197
495.60684836850197
495.60684836850197
495.60684836850197
495.60684836850197
495.60684836850197
495.60684836850197
495.60684836850197
495.60684836850197
495.60684836850197
495.60684836850197
495.60684836850197
495.60684836850197
495.60684836850197
495.60684836850197
495.60684836850197
495.60684836850197
495.60684836850197
495.60684836850197
495.60684836850197
495.60684836850197
495.60684836850197
495.60684836850197
495.60684836850197
495.60684836850197
495.60684836850197
495.60684836850197
495.60684836850197
495.60684836850197
495.60684836850197
495.60684836850197
495.60684836850197
495.60684836850197
495.60684836850197
495.60684836850197
687.2549933560633
495.60684836850197
495.60684836850197
495.60684836850197
495.60684836850197
495.60684836850197
495.60684836850197
495.60684836850197
495.60684836850197
495.60684836850197
495.60684836850197
495.60684836850197
495.60684836850197
495.60684836850197
495.60684836850197
495.60684836850197
495.60684836850197
495.60684836850197
495.60684836850197
495.60684836850197
495.60684836850197
495.60684836850197
495.60684836850197
495.60684836850197
495.60684836850197
495.60684836850197
495.60684836850197
495.60684836850197
495.60684836850197
495.60684836850197
495.60684836850197
495.60684836850197
495.60684836850197
495.60684836850197
495.60684836850197
495.60684836850197
495.60684836850197
495.60684836850197
495.60684836850197
495.60684836850197
495.60684836850197
495.60684836850197
495.60684836850197
495.60684836850197
495.60684836850197
495.60684836850197
495.60684836850197
495.60684836850197
495.60684836850197
495.60684836850197
495.60684836850197
495.60684836850197
495.60684836850197
495.60684836850197
495.60684836850197
495.60684836850197
495.60684836850197
495.60684836850197
495.60684836850197
495.60684836850197
495.60684836850197
495.60684836850197
495.60684836850197
495.60684836850197
495.60684836850197
495.60684836850197
495.60684836850197
495.60684836850197
495.60684836850197
495.60684836850197
495.60684836850197
495.60684836850197
495.60684836850197
495.60684836850197
495.60684836850197
495.60684836850197
495.60684836850197
495.60684836850197
495.60684836850197
495.60684836850197
495.60684836850197
495.60684836850197
495.60684836850197
495.60684836850197
495.60684836850197
495.60684836850197
495.60684836850197
495.60684836850197
495.60684836850197
495.60684836850197
495.60684836850197
495.60684836850197
495.60684836850197
495.60684836850197
495.60684836850197
495.60684836850197
495.60684836850197
495.60684836850197
495.60684836850197
495.60684836850197
495.60684836850197
495.60684836850197
495.60684836850197
495.60684836850197
495.60684836850197
495.60684836850197
495.60684836850197
495.60684836850197
495.60684836850197
495.60684836850197
495.60684836850197
495.60684836850197
495.60684836850197
495.60684836850197
495.60684836850197
495.60684836850197
495.60684836850197
496.0852341538787
495.60684836850197
495.60684836850197
495.60684836850197
495.60684836850197
495.60684836850197
495.60684836850197
495.60684836850197
495.60684836850197
495.60684836850197
495.60684836850197
495.60684836850197
495.60684836850197
495.60684836850197
495.60684836850197
495.60684836850197
495.60684836850197
495.60684836850197
495.60684836850197
495.60684836850197
495.60684836850197
495.60684836850197
495.60684836850197
495.60684836850197
495.60684836850197
495.60684836850197
495.60684836850197
495.60684836850197
495.60684836850197
495.60684836850197
495.60684836850197
495.60684836850197
495.60684836850197
495.60684836850197
495.60684836850197
495.60684836850197
495.60684836850197
495.60684836850197
495.60684836850197
495.60684836850197
495.60684836850197
495.60684836850197
495.60684836850197
495.60684836850197
495.60684836850197
495.60684836850197
495.60684836850197
495.60684836850197
495.60684836850197
495.60684836850197
495.60684836850197
495.60684836850197
495.60684836850197
495.60684836850197
495.60684836850197
495.60684836850197
495.60684836850197
495.60684836850197
495.60684836850197
495.60684836850197
495.60684836850197
495.60684836850197
495.60684836850197
495.60684836850197
495.60684836850197
495.60684836850197
495.60684836850197
495.60684836850197
495.60684836850197
495.60684836850197
495.60684836850197
495.60684836850197
495.60684836850197
495.60684836850197
495.60684836850197
495.60684836850197
495.60684836850197
495.60684836850197
495.60684836850197
495.60684836850197
495.60684836850197
495.60684836850197
495.60684836850197
495.60684836850197
495.60684836850197
495.60684836850197
495.60684836850197
495.60684836850197
495.60684836850197
495.60684836850197
495.60684836850197
495.60684836850197
495.60684836850197
495.60684836850197
495.60684836850197
495.60684836850197
495.60684836850197
495.60684836850197
495.60684836850197
495.60684836850197
495.60684836850197
495.60684836850197
495.60684836850197
495.60684836850197
495.60684836850197
495.60684836850197
495.60684836850197
495.60684836850197
495.60684836850197
495.60684836850197
495.60684836850197
495.60684836850197
495.60684836850197
495.60684836850197
495.60684836850197
495.60684836850197
495.60684836850197
495.60684836850197
495.60684836850197
495.60684836850197
495.60684836850197
495.60684836850197
495.60684836850197
495.60684836850197
495.60684836850197
495.60684836850197
495.60684836850197
495.60684836850197
495.60684836850197
495.60684836850197
495.60684836850197
495.60684836850197
495.60684836850197
495.60684836850197
495.60684836850197
495.60684836850197
495.60684836850197
495.60684836850197
495.60684836850197
495.60684836850197
495.60684836850197
495.60684836850197
495.60684836850197
495.60684836850197
495.60684836850197
495.60684836850197
495.60684836850197
495.60684836850197
495.60684836850197
495.60684836850197
495.60684836850197
495.60684836850197
495.60684836850197
495.60684836850197
495.60684836850197
495.60684836850197
495.60684836850197
495.60684836850197
495.60684836850197
495.60684836850197
495.60684836850197
495.60684836850197
495.60684836850197
495.60684836850197
495.60684836850197
495.60684836850197
495.60684836850197
495.60684836850197
495.60684836850197
495.60684836850197
495.60684836850197
495.60684836850197
495.60684836850197
495.60684836850197
495.60684836850197
495.60684836850197
495.60684836850197
495.60684836850197
495.60684836850197
495.60684836850197
495.60684836850197
495.60684836850197
495.60684836850197
495.60684836850197
495.60684836850197
495.60684836850197
495.60684836850197
495.60684836850197
495.60684836850197
495.60684836850197
495.60684836850197
495.60684836850197
495.60684836850197
495.60684836850197
495.60684836850197
495.60684836850197
495.60684836850197
495.60684836850197
495.60684836850197
495.60684836850197
495.60684836850197
495.60684836850197
495.60684836850197
495.60684836850197
495.60684836850197
495.60684836850197
495.60684836850197
495.60684836850197
495.60684836850197
495.60684836850197
495.60684836850197
495.60684836850197
495.60684836850197
495.60684836850197
495.60684836850197
495.60684836850197
495.60684836850197
495.60684836850197
495.60684836850197
495.60684836850197
495.60684836850197
495.60684836850197
495.60684836850197
495.60684836850197
495.60684836850197
495.60684836850197
495.60684836850197
495.60684836850197
495.60684836850197
495.60684836850197
495.60684836850197
495.60684836850197
495.60684836850197
495.60684836850197
495.60684836850197
495.60684836850197
495.60684836850197
495.60684836850197
495.60684836850197
495.60684836850197
495.60684836850197
495.60684836850197
495.60684836850197
495.60684836850197
495.60684836850197
495.60684836850197
495.60684836850197
495.60684836850197
495.60684836850197
495.60684836850197
495.60684836850197
495.60684836850197
495.60684836850197
495.60684836850197
495.60684836850197
495.60684836850197
495.60684836850197
495.60684836850197
495.60684836850197
495.60684836850197
495.60684836850197
495.60684836850197
495.60684836850197
495.60684836850197
495.60684836850197
495.60684836850197
495.60684836850197
495.60684836850197
495.60684836850197
495.60684836850197
495.60684836850197
495.60684836850197
495.60684836850197
495.60684836850197
495.60684836850197
495.60684836850197
495.60684836850197
495.60684836850197
495.60684836850197
495.60684836850197
495.60684836850197
495.60684836850197
495.60684836850197
495.60684836850197
495.60684836850197
495.60684836850197
495.60684836850197
495.60684836850197
495.60684836850197
495.60684836850197
495.60684836850197
495.60684836850197
495.60684836850197
495.60684836850197
495.60684836850197
495.60684836850197
495.60684836850197
495.60684836850197
495.60684836850197
495.60684836850197
495.60684836850197
495.60684836850197
495.60684836850197
495.60684836850197
495.60684836850197
495.60684836850197
495.60684836850197
495.60684836850197
495.60684836850197
495.60684836850197
495.60684836850197
495.60684836850197
495.60684836850197
495.60684836850197
495.60684836850197
495.60684836850197
495.60684836850197
495.60684836850197
495.60684836850197
495.60684836850197
495.60684836850197
495.60684836850197
495.60684836850197
495.60684836850197
495.60684836850197
495.60684836850197
495.60684836850197
495.60684836850197
495.60684836850197
495.60684836850197
495.60684836850197
495.60684836850197
495.60684836850197
495.60684836850197
495.60684836850197
495.60684836850197
495.60684836850197
495.60684836850197
495.60684836850197
495.60684836850197
495.60684836850197
495.60684836850197
495.60684836850197
495.60684836850197
495.60684836850197
495.60684836850197
495.60684836850197
495.60684836850197
495.60684836850197
495.60684836850197
495.60684836850197
496.0852341538787
495.60684836850197
495.60684836850197
495.60684836850197
495.60684836850197
495.60684836850197
495.60684836850197
495.60684836850197
495.60684836850197
495.60684836850197
495.60684836850197
495.60684836850197
495.60684836850197
495.60684836850197
495.60684836850197
495.60684836850197
495.60684836850197
495.60684836850197
495.60684836850197
495.60684836850197
495.60684836850197
495.60684836850197
495.60684836850197
495.60684836850197
495.60684836850197
495.60684836850197
495.60684836850197
495.60684836850197
495.60684836850197
495.60684836850197
495.60684836850197
495.60684836850197
495.60684836850197
495.60684836850197
495.60684836850197
495.60684836850197
495.60684836850197
495.60684836850197
495.60684836850197
495.6068483685019
495.6068483685019
495.6068483685019
495.6068483685019
495.6068483685019
495.6068483685019
495.6068483685019
495.6068483685019
495.6068483685019
495.6068483685019
495.6068483685019
495.6068483685019
495.6068483685019
495.6068483685019
495.6068483685019
495.6068483685019
495.6068483685019
495.6068483685019
495.6068483685019
495.6068483685019
495.6068483685019
495.6068483685019
495.6068483685019
495.6068483685019
495.6068483685019
495.6068483685019
495.6068483685019
495.6068483685019
495.6068483685019
495.6068483685019
495.6068483685019
495.6068483685019
495.6068483685019
495.6068483685019
495.6068483685019
495.6068483685019
495.6068483685019
495.6068483685019
495.6068483685019
495.6068483685019
495.6068483685019
495.6068483685019
495.6068483685019
495.6068483685019
495.6068483685019
495.6068483685019
495.6068483685019
495.6068483685019
495.6068483685019
495.6068483685019
495.6068483685019
495.6068483685019
495.6068483685019
495.6068483685019
495.6068483685019
495.6068483685019
495.6068483685019
495.6068483685019
495.6068483685019
495.6068483685019
495.6068483685019
495.6068483685019
495.6068483685019
495.6068483685019
495.6068483685019
495.6068483685019
495.6068483685019
495.6068483685019
495.6068483685019
495.6068483685019
495.6068483685019
495.6068483685019
495.6068483685019
495.6068483685019
495.6068483685019
495.6068483685019
495.6068483685019
495.6068483685019
592.6749034191008
495.6068483685019
495.6068483685019
495.6068483685019
495.6068483685019
495.6068483685019
495.6068483685019
495.6068483685019
495.6068483685019
495.6068483685019
495.6068483685019
495.6068483685019
495.6068483685019
495.6068483685019
495.6068483685019
495.6068483685019
495.6068483685019
495.6068483685019
495.6068483685019
495.6068483685019
495.6068483685019
495.6068483685019
495.6068483685019
495.6068483685019
495.6068483685019
495.6068483685019
495.6068483685019
495.6068483685019
495.6068483685019
495.6068483685019
495.6068483685019
495.6068483685019
495.6068483685019
495.6068483685019
495.6068483685019
495.6068483685019
495.6068483685019
495.6068483685019
495.6068483685019
495.6068483685019
495.6068483685019
495.6068483685019
495.6068483685019
495.6068483685019
495.6068483685019
495.6068483685019
495.6068483685019
495.6068483685019
495.6068483685019
495.6068483685019
495.6068483685019
495.6068483685019
495.6068483685019
495.6068483685019
495.6068483685019
495.6068483685019
495.6068483685019
495.6068483685019
495.6068483685019
495.6068483685019
495.6068483685019
495.6068483685019
495.6068483685019
495.6068483685019
495.6068483685019
495.6068483685019
495.6068483685019
495.6068483685019
495.6068483685019
495.6068483685019
495.6068483685019
495.6068483685019
495.6068483685019
495.6068483685019
495.6068483685019
495.6068483685019
495.6068483685019
495.6068483685019
495.6068483685019
495.6068483685019
495.6068483685019
495.6068483685019
495.6068483685019
495.6068483685019
495.6068483685019
495.6068483685019
495.6068483685019
495.6068483685019
495.6068483685019
495.6068483685019
495.6068483685019
495.6068483685019
495.6068483685019
495.6068483685019
495.6068483685019
495.6068483685019
495.6068483685019
495.6068483685019
495.6068483685019
495.6068483685019
495.6068483685019
495.6068483685019
495.6068483685019
495.6068483685019
495.6068483685019
495.6068483685019
495.6068483685019
495.6068483685019
495.6068483685019
495.6068483685019
495.6068483685019
495.6068483685019
495.6068483685019
495.6068483685019
495.6068483685019
495.6068483685019
495.6068483685019
495.6068483685019
495.6068483685019
495.6068483685019
495.6068483685019
495.6068483685019
495.6068483685019
495.6068483685019
495.6068483685019
495.6068483685019
495.6068483685019
495.6068483685019
495.6068483685019
495.6068483685019
495.6068483685019
495.6068483685019
495.6068483685019
495.6068483685019
495.6068483685019
495.6068483685019
495.6068483685019
495.6068483685019
495.6068483685019
495.6068483685019
495.6068483685019
495.6068483685019
495.6068483685019
495.6068483685019
495.6068483685019
495.6068483685019
495.6068483685019
495.6068483685019
495.6068483685019
495.6068483685019
495.6068483685019
495.6068483685019
495.6068483685019
495.6068483685019
495.6068483685019
495.6068483685019
495.6068483685019
495.6068483685019
495.6068483685019
495.6068483685019
495.6068483685019
495.6068483685019
495.6068483685019
495.6068483685019
495.6068483685019
495.6068483685019
495.6068483685019
495.6068483685019
495.6068483685019
495.6068483685019
495.6068483685019
495.6068483685019
495.6068483685019
495.6068483685019
495.6068483685019
495.6068483685019
495.6068483685019
495.6068483685019
495.6068483685019
495.6068483685019
495.6068483685019
495.6068483685019
495.6068483685019
495.6068483685019
495.6068483685019
495.6068483685019
495.6068483685019
495.6068483685019
495.6068483685019
495.6068483685019
495.6068483685019
495.6068483685019
495.6068483685019
495.6068483685019
495.6068483685019
495.6068483685019
495.6068483685019
495.6068483685019
495.6068483685019
495.6068483685019
495.6068483685019
495.6068483685019
495.6068483685019
495.6068483685019
495.6068483685019
495.6068483685019
495.6068483685019
495.6068483685019
495.6068483685019
495.6068483685019
495.6068483685019
495.6068483685019
495.6068483685019
495.6068483685019
495.6068483685019
495.6068483685019
495.6068483685019
495.6068483685019
495.6068483685019
495.6068483685019
495.6068483685019
495.6068483685019
495.6068483685019
495.6068483685019
495.6068483685019
495.6068483685019
495.6068483685019
495.6068483685019
495.6068483685019
495.6068483685019
495.6068483685019
495.6068483685019
495.6068483685019
495.6068483685019
495.6068483685019
495.6068483685019
495.6068483685019
495.6068483685019
495.6068483685019
495.6068483685019
495.6068483685019
495.6068483685019
495.6068483685019
495.6068483685019
495.6068483685019
495.6068483685019
495.6068483685019
495.6068483685019
495.6068483685019
495.6068483685019
495.6068483685019
495.6068483685019
495.6068483685019
495.6068483685019
495.6068483685019
495.6068483685019
495.6068483685019
495.6068483685019
495.6068483685019
495.6068483685019
495.6068483685019
495.6068483685019
495.6068483685019
495.6068483685019
495.6068483685019
495.6068483685019
495.6068483685019
495.6068483685019
495.6068483685019
495.6068483685019
495.6068483685019
495.6068483685019
495.6068483685019
495.6068483685019
495.6068483685019
495.6068483685019
495.6068483685019
495.6068483685019
495.6068483685019
495.6068483685019
495.6068483685019
495.6068483685019
495.6068483685019
495.6068483685019
495.6068483685019
495.6068483685019
495.6068483685019
495.6068483685019
495.6068483685019
495.6068483685019
495.6068483685019
495.6068483685019
495.6068483685019
495.6068483685019
495.6068483685019
495.6068483685019
495.6068483685019
495.6068483685019
495.6068483685019
495.6068483685019
495.6068483685019
495.6068483685019
495.6068483685019
495.6068483685019
495.6068483685019
495.6068483685019
495.6068483685019
495.6068483685019
495.6068483685019
495.6068483685019
495.6068483685019
495.6068483685019
495.6068483685019
495.6068483685019
495.6068483685019
495.6068483685019
495.6068483685019
495.6068483685019
495.6068483685019
495.6068483685019
495.6068483685019
495.6068483685019
495.6068483685019
495.6068483685019
495.6068483685019
495.6068483685019
495.6068483685019
495.6068483685019
495.6068483685019
495.6068483685019
495.6068483685019
495.6068483685019
495.6068483685019
495.6068483685019
495.6068483685019
495.6068483685019
495.6068483685019
495.6068483685019
495.6068483685019
495.6068483685019
495.6068483685019
495.6068483685019
495.6068483685019
495.6068483685019
495.6068483685019
495.6068483685019
495.6068483685019
495.6068483685019
495.6068483685019
495.6068483685019
495.6068483685019
495.6068483685019
495.6068483685019
495.6068483685019
495.6068483685019
495.6068483685019
495.6068483685019
495.6068483685019
495.6068483685019
495.6068483685019
495.6068483685019
495.6068483685019
495.6068483685019
495.6068483685019
495.6068483685019
495.6068483685019
495.6068483685019
495.6068483685019
495.6068483685019
495.6068483685019
495.6068483685019
495.6068483685019
495.6068483685019
495.6068483685019
495.6068483685019
495.6068483685019
495.6068483685019
495.6068483685019
495.6068483685019
495.6068483685019
495.6068483685019
495.6068483685019
495.6068483685019
495.6068483685019
495.6068483685019
495.6068483685019
495.6068483685019
495.6068483685019
495.6068483685019
495.6068483685019
495.6068483685019
495.6068483685019
495.6068483685019
495.6068483685019
495.6068483685019
495.6068483685019
495.6068483685019
495.6068483685019
495.6068483685019
495.6068483685019
495.6068483685019
495.6068483685019
495.6068483685019
495.6068483685019
495.6068483685019
495.6068483685019
495.6068483685019
495.6068483685019
495.6068483685019
495.6068483685019
495.6068483685019
495.6068483685019
495.6068483685019
495.6068483685019
495.6068483685019
495.6068483685019
495.6068483685019
495.6068483685019
495.6068483685019
495.6068483685019
495.6068483685019
495.6068483685019
495.6068483685019
495.6068483685019
495.6068483685019
495.6068483685019
495.6068483685019
495.6068483685019
495.6068483685019
495.6068483685019
495.6068483685019
495.6068483685019
495.6068483685019
495.6068483685019
495.6068483685019
495.6068483685019
495.6068483685019
495.6068483685019
495.6068483685019
495.6068483685019
495.6068483685019
495.6068483685019
495.6068483685019
495.6068483685019
495.6068483685019
495.6068483685019
495.6068483685019
495.6068483685019
495.6068483685019
495.6068483685019
495.6068483685019
495.6068483685019
495.6068483685019
495.6068483685019
495.6068483685019
495.6068483685019
495.6068483685019
495.6068483685019
495.6068483685019
495.6068483685019
495.6068483685019
495.6068483685019
495.6068483685019
495.6068483685019
495.6068483685019
495.6068483685019
495.6068483685019
495.6068483685019
495.6068483685019
495.6068483685019
495.6068483685019
495.6068483685019
495.6068483685019
495.6068483685019
495.6068483685019
495.6068483685019
495.6068483685019
495.6068483685019
495.6068483685019
495.6068483685019
495.6068483685019
495.6068483685019
495.6068483685019
495.6068483685019
495.6068483685019
495.6068483685019
495.6068483685019
495.6068483685019
495.6068483685019
495.6068483685019
495.6068483685019
495.6068483685019
495.6068483685019
495.6068483685019
495.6068483685019
495.6068483685019
495.6068483685019
495.6068483685019
495.6068483685019
495.6068483685019
495.6068483685019
495.6068483685019
495.6068483685019
495.6068483685019
495.6068483685019
495.6068483685019
495.6068483685019
495.6068483685019
495.6068483685019
495.6068483685019
495.6068483685019
495.6068483685019
495.6068483685019
495.6068483685019
495.6068483685019
495.6068483685019
495.6068483685019
495.6068483685019
495.6068483685019
495.6068483685019
495.6068483685019
495.6068483685019
495.6068483685019
495.6068483685019
495.6068483685019
495.6068483685019
495.6068483685019
495.6068483685019
495.6068483685019
495.6068483685019
495.6068483685019
495.6068483685019
495.6068483685019
495.6068483685019
495.6068483685019
495.6068483685019
495.6068483685019
495.6068483685019
495.6068483685019
495.6068483685019
495.6068483685019
495.6068483685019
495.6068483685019
495.6068483685019
495.6068483685019
495.6068483685019
495.6068483685019
495.6068483685019
495.6068483685019
495.6068483685019
495.6068483685019
495.6068483685019
495.6068483685019
495.6068483685019
495.6068483685019
495.6068483685019
495.6068483685019
495.6068483685019
495.6068483685019
495.6068483685019
495.6068483685019
495.6068483685019
495.6068483685019
495.6068483685019
495.6068483685019
495.6068483685019
495.6068483685019
495.6068483685019
495.6068483685019
495.6068483685019
495.6068483685019
495.6068483685019
495.6068483685019
495.6068483685019
495.6068483685019
495.6068483685019
495.6068483685019
495.6068483685019
495.6068483685019
495.6068483685019
495.6068483685019
495.6068483685019
495.6068483685019
495.6068483685019
495.6068483685019
495.6068483685019
495.6068483685019
495.6068483685019
495.6068483685019
495.6068483685019
495.6068483685019
495.6068483685019
495.6068483685019
495.6068483685019
495.6068483685019
495.6068483685019
495.6068483685019
495.6068483685019
495.6068483685019
495.6068483685019
495.6068483685019
495.6068483685019
495.6068483685019
495.6068483685019
495.6068483685019
495.6068483685019
495.6068483685019
495.6068483685019
495.6068483685019
495.6068483685019
495.6068483685019
495.6068483685019
495.6068483685019
495.6068483685019
495.6068483685019
495.6068483685019
495.6068483685019
495.6068483685019
495.6068483685019
495.6068483685019
495.6068483685019
495.6068483685019
495.6068483685019
495.6068483685019
495.6068483685019
495.6068483685019
495.6068483685019
495.6068483685019
495.6068483685019
495.6068483685019
495.6068483685019
495.6068483685019
495.6068483685019
495.6068483685019
495.6068483685019
495.6068483685019
495.6068483685019
495.6068483685019
495.6068483685019
495.6068483685019
495.6068483685019
495.6068483685019
495.6068483685019
495.6068483685019
495.6068483685019
495.6068483685019
495.6068483685019
495.6068483685019
495.6068483685019
495.6068483685019
495.6068483685019
495.6068483685019
495.6068483685019
495.6068483685019
495.6068483685019
495.6068483685019
495.6068483685019
495.6068483685019
495.6068483685019
495.6068483685019
495.6068483685019
495.6068483685019
495.6068483685019
495.6068483685019
495.6068483685019
495.6068483685019
495.6068483685019
495.6068483685019
495.6068483685019
495.6068483685019
495.6068483685019
495.6068483685019
495.6068483685019
495.6068483685019
495.6068483685019
495.6068483685019
495.6068483685019
495.6068483685019
495.6068483685019
495.6068483685019
495.6068483685019
495.6068483685019
495.6068483685019
495.6068483685019
495.6068483685019
495.6068483685019
495.6068483685019
495.6068483685019
495.6068483685019
495.6068483685019
495.6068483685019
495.6068483685019
495.6068483685019
495.6068483685019
495.6068483685019
495.6068483685019
495.6068483685019
495.6068483685019
495.6068483685019
495.6068483685019
495.6068483685019
495.6068483685019
495.6068483685019
495.6068483685019
495.6068483685019
495.6068483685019
495.6068483685019
495.6068483685019
495.6068483685019
495.6068483685019
495.6068483685019
495.6068483685019
495.6068483685019
495.6068483685019
495.6068483685019
495.6068483685019
495.6068483685019
495.6068483685019
495.6068483685019
495.6068483685019
495.6068483685019
495.6068483685019
495.6068483685019
495.6068483685019
495.6068483685019
495.6068483685019
495.6068483685019
495.6068483685019
495.6068483685019
495.6068483685019
495.6068483685019
495.6068483685019
495.6068483685019
495.6068483685019
495.6068483685019
495.6068483685019
495.6068483685019
495.6068483685019
495.6068483685019
495.6068483685019
495.6068483685019
495.6068483685019
495.6068483685019
495.6068483685019
495.6068483685019
495.6068483685019
495.6068483685019
495.6068483685019
495.6068483685019
495.6068483685019
495.6068483685019
495.6068483685019
495.6068483685019
495.6068483685019
495.6068483685019
495.6068483685019
495.6068483685019
495.6068483685019
495.6068483685019
495.6068483685019
495.6068483685019
495.6068483685019
495.6068483685019
495.6068483685019
495.6068483685019
495.6068483685019
495.6068483685019
495.6068483685019
495.6068483685019
495.6068483685019
495.6068483685019
495.6068483685019
495.6068483685019
495.6068483685019
495.6068483685019
495.6068483685019
495.6068483685019
495.6068483685019
495.6068483685019
495.6068483685019
495.6068483685019
495.6068483685019
495.6068483685019
495.6068483685019
495.6068483685019
495.6068483685019
495.6068483685019
495.6068483685019
495.6068483685019
495.6068483685019
495.6068483685019
495.6068483685019
495.6068483685019
495.6068483685019
495.6068483685019
495.6068483685019
495.6068483685019
495.6068483685019
495.6068483685019
495.6068483685019
495.6068483685019
495.6068483685019
495.6068483685019
495.6068483685019
495.6068483685019
495.6068483685019
495.6068483685019
495.6068483685019
495.6068483685019
495.6068483685019
495.6068483685019
495.6068483685019
495.6068483685019
495.6068483685019
495.6068483685019
495.6068483685019
495.6068483685019
495.6068483685019
495.6068483685019
495.6068483685019
