479.35
50
168046.59886472355
160387.88164746584
148840.4714341138
173369.79194373722
168932.93149716323
176276.40347362147
170187.08632275107
161049.73394575028
185453.29145216223
164452.107957741
180173.48210660758
168697.09694562666
182210.07650074258
180067.32961338983
185257.02798893346
159031.40622228177
175642.27164068577
180896.4855006673
165487.3228855529
175758.51320774463
169270.56561808244
181383.97144389348
165518.65252046514
176843.01412143072
147963.08204642628
180570.31334474133
185278.78335952325
169560.04888749245
184396.2905961763
166740.51913624728
165915.09817791736
177050.08674286967
177697.54987418166
165880.56542616163
172151.44028988702
160313.30141728956
167942.49662043803
168524.10631028106
177764.26647079625
173667.89759126137
175325.58019050927
153930.11330593177
163401.74859286865
176075.43251129217
175612.05646294908
166934.7033324472
189837.72185437364
156060.94302248544
161061.66322445436
171027.7614629919
139467.7945415113
156595.34769450244
149559.27374166044
139756.97981619163
163626.1359238805
144432.94882151962
164104.1730010686
142462.05390722604
152268.3531009033
143226.046211626
145652.0327940996
171401.32693447996
135074.70477708423
172021.94830075352
145566.0426964193
175140.3807838944
144155.3672029976
142356.37867403237
170594.47502235402
145980.63120570526
163397.8131506641
159695.25161186347
145286.80102356995
153860.57529354587
132653.72989352525
139467.7945415113
136100.9185926939
173525.96468998305
157336.21107679463
172879.1546541208
158588.98001606896
156844.44920895027
166489.0424638625
136199.7474055624
155269.48708991858
163341.65634729364
135573.2423772286
155365.94286612616
158562.32073108
164820.93744338813
164035.08446550253
164738.86107991592
136204.07353451193
154666.10592863886
165887.16906433803
165523.77436796878
157743.40050061687
178206.65841714985
145742.22066035037
151350.36266080374
162046.7295549415
125872.78354079311
148143.8347271149
141047.73562754798
132167.67648688858
156390.66670322587
135937.66131660464
151610.01140392307
133966.7664023111
144819.10996937752
134152.71266768972
137156.74528918465
163168.86916525348
128913.41403014972
162523.65067813682
133909.37995054087
166734.287904325
136581.74454311433
134713.24744636434
132025.2811132544
137485.34370079028
152295.71044627775
150976.16501577682
136791.51351865497
132025.2811132544
125872.78354079311
124684.68925295881
124684.68925295881
163568.87110235056
147975.24671723467
164829.50504504185
122052.24831220678
125284.87171531213
157372.08409599095
129544.42405624782
146383.298348989
155622.8443127934
129376.83027735745
144291.06015032795
149922.9377184976
154909.0525743586
155428.32031030022
155530.7674613623
126869.38312472103
146003.49783215512
157204.2076465274
125028.86817616143
147888.56342604084
168288.41421235498
137168.9144412171
143577.5954093152
153395.2993337624
117186.2813730745
140684.0641762566
135023.16453499658
125766.84320052588
148064.61908838095
129741.24921673346
141905.26977168568
127770.35430243991
138762.46946296783
121862.37860223034
130960.33318931347
155371.4000132028
123574.74052225673
153616.76776874292
126773.55576079081
121905.03603380054
129014.78370351174
127248.04913397908
125028.86817616143
130949.27789998833
143598.65195228322
140521.01866849876
121994.34839661645
121994.34839661645
120252.46869452385
119818.7223138265
119818.7223138265
153916.85238791016
121994.34839661645
156312.57868944824
117186.2813730745
120093.79159413002
149424.70314171317
123711.81169540538
117128.38145748415
148135.5239276873
117128.38145748415
117128.38145748415
141587.8759491476
116736.53596436062
147224.79793399313
146340.54800302524
117128.38145748415
137800.18867162502
148538.4825433577
117128.38145748415
117128.38145748415
158755.62550826353
116287.57416905042
117128.38145748415
117128.38145748415
112079.84490080015
115761.193434493
114782.07524214273
120869.91239552032
142454.43883796068
123908.63685589103
115819.24174608184
121937.74194159747
133038.6387319223
121862.37860223034
128052.90385387168
148068.78275280693
118399.74516151588
116253.08802172566
121909.52435424224
117039.06909466824
123142.66303838654
122269.26034440543
116287.57416905044
125116.6655391459
135916.62560173558
116253.08802172566
117128.38145748415
116287.57416905044
120252.46869452385
116287.57416905044
115610.99304557624
145514.5734018186
115244.35479075888
148767.06700293612
113345.55945458003
115227.82465499772
116287.57416905044
118506.70318477521
112920.65218923388
115461.72036844901
112920.65218923388
113596.90034948837
115907.75296357792
112528.80669611036
140375.04447765395
116138.57494487101
112920.65218923388
116287.57416905044
116138.57494487101
112920.65218923388
112920.65218923388
149837.31578909946
112079.84490080015
112920.65218923388
109389.17108123809
102753.92580579936
111553.46416624273
110574.34597389246
116685.52701631973
111004.07184737394
116790.31785920647
106347.50546507353
117073.7105350489
127800.8770044004
116790.27855501833
108766.3688593026
141434.9250471898
107793.39083698609
113961.94441331996
117637.04645207585
107335.96649953547
117415.86711365178
108766.3688593026
112079.84490080015
108766.3688593026
129349.20112862674
106698.9846507723
112920.65218923388
112079.84490080015
116287.57416905044
106584.47157391765
111458.8450996037
137396.3687723225
106827.95086715108
141719.62553375703
109193.41150860749
106671.38681344505
112079.84490080015
113640.73624564293
108768.50424326136
105665.7038073995
108768.50424326136
105330.49650359416
111700.02369532765
108041.48453792953
108766.3688593026
106584.47157391765
108768.50424326136
112079.84490080015
106584.47157391765
108433.33003105305
108768.50424326136
142523.51283575926
106584.47157391765
108768.50424326136
102753.92580579936
99035.17289692616
107401.31622027021
106422.19802791993
111435.18312629998
102275.3404712347
102753.92580579936
102691.86657816086
102753.92580579936
123303.2161514243
112002.38104955816
102984.95715786549
134729.97095962134
101186.13398314583
106664.95213470992
102753.92580579936
103367.32802978094
112952.6616782935
102409.0467349894
107927.69695482762
102984.95715786549
123583.57427544353
102730.34618101778
102753.92580579936
102232.71083071484
102232.71083071484
102615.83310416313
102753.92580579936
102753.92580579936
101046.53916571397
102753.92580579936
103163.95705405854
102095.28297295615
102232.71083071484
102753.92580579936
102753.92580579936
102857.86113546843
102753.92580579936
102108.85346744437
102753.92580579936
102753.92580579936
102984.95715786549
102753.92580579936
102753.92580579936
107315.3431630578
106584.47157391765
104632.80841304144
105319.91505955067
135893.90089296259
102424.76478650968
102753.92580579936
99035.17289692616
96130.2667708931
99035.17289692615
102973.60884420924
99035.17289692615
102275.3404712347
99035.17289692615
99035.17289692615
98788.11257640268
119088.57895226554
99035.17289692615
99035.17289692615
126978.117468671
98173.54373890121
99035.17289692615
98788.11257640268
100327.82856934729
108913.06877160315
99187.40369883961
99035.17289692615
98812.80884511891
99035.17289692615
99035.17289692615
98788.11257640268
99351.51845623401
99035.17289692615
99035.17289692615
99035.17289692615
99532.28276964957
99035.17289692615
99035.17289692615
99942.31401790875
99210.3198505129
98975.53718598938
99532.28276964957
99035.17289692615
100536.23594914265
98788.11257640268
99203.9473414113
99035.17289692615
99532.28276964957
99266.20424899229
98788.11257640268
99035.17289692615
99035.17289692615
102753.92580579936
101411.16537689166
99035.17289692615
99035.17289692615
98202.11819875742
99035.17289692615
96130.2667708931
94017.99880628075
96130.26677089308
100303.82880236607
95880.5074138518
98621.81682476055
96130.26677089308
95880.5074138518
95518.8364543037
96130.26677089308
95880.5074138518
95880.5074138518
96130.26677089308
95863.28560884926
96130.26677089308
95518.8364543037
96122.26327383352
96130.26677089308
97075.13573422727
95518.8364543037
95096.23843287435
99035.17289692615
95880.5074138518
95518.8364543037
96130.26677089308
96130.26677089308
96130.26677089308
95880.5074138518
95518.8364543037
95880.5074138518
95518.8364543037
97037.40789187569
96130.26677089308
96653.91199966359
95897.49877570217
95518.8364543037
98373.94055586914
95881.10860103535
96482.03129685638
95880.5074138518
95897.49877570217
95749.86780636983
95518.8364543037
95880.5074138518
96130.26677089308
99532.28276964957
95725.03424059648
95240.64758622731
95518.8364543037
95661.12748203652
95518.8364543037
94017.99880628075
92156.71825323695
94017.99880628074
94017.99880628074
95880.5074138518
93006.61811119958
93795.6347544735
93795.6347544735
91022.4887795181
93795.6347544735
95880.5074138518
93768.23944923945
93795.6347544735
93189.36403155931
94017.99880628074
93321.62998732967
92101.62456553896
94017.99880628074
93084.05269196966
91022.4887795181
91412.41411462297
94011.83594112574
93795.6347544735
91022.4887795181
94017.99880628074
93795.6347544735
94017.99880628074
93768.23944923945
93321.62998732967
93768.23944923945
91022.4887795181
94925.13992726334
93795.6347544735
94494.26171855204
93645.2470183896
93321.62998732967
94017.99880628074
93406.56848969136
94369.76333224404
93768.23944923945
93785.23081108983
93504.9611021816
93406.56848969136
93795.6347544735
94017.99880628074
96627.3766436165
91350.76732191819
92347.21396098458
91022.4887795181
93548.85951742418
95518.8364543037
92156.71825323695
88494.2010095677
87375.412413421
92156.71825323692
89236.69296646482
86628.32798803343
87375.412413421
89236.69296646482
88494.2010095677
87118.26700816561
87118.26700816561
91906.95889619563
87665.27970447505
90521.74406148087
87665.27970447505
88380.19142473453
87256.77832706114
87118.26700816561
91261.76304383455
88380.19142473453
87314.50925815682
88380.19142473453
91934.3542014297
88380.19142473453
87665.27970447505
87665.27970447505
87118.26700816561
91125.79323556524
91368.89471283206
87665.27970447505
88380.19142473453
87118.26700816561
87118.26700816561
87210.75888671963
86113.4374122919
91368.89471283206
87665.27970447505
90763.80955605127
87530.0079876794
91906.95889619563
87665.27970447505
91552.225827684
87665.27970447505
87118.26700816561
87665.27970447505
87118.26700816561
88299.15406074162
90485.93340794077
88380.19142473453
86606.57644850916
93321.62998732967
87665.27970447505
84719.26861760553
85566.06315181278
90347.3689916287
86113.43741229191
83641.18847938554
84462.33114233511
86113.43741229191
84807.12700489777
87118.26700816561
86103.80558997908
90084.66924806053
84064.3584507399
85770.05885186349
86113.43741229191
84802.50535898021
86113.43741229191
83544.04705880335
86113.43741229191
83376.19196611422
83661.61348056314
86113.43741229191
86113.43741229191
86113.43741229191
86113.43741229191
83848.99254524412
84534.92501297334
89316.44397395702
86113.43741229191
85081.93770928279
84802.50535898021
83544.04705880335
86103.80558997908
84098.43302652749
84719.26861760553
84719.26861760554
84719.26861760554
88954.46029444305
84719.26861760554
84719.26861760554
85081.93770928279
88571.74543459616
84719.26861760554
84212.71675373166
84719.26861760554
84719.26861760554
85715.81206554935
84719.26861760554
85796.84942954226
84023.2344533169
84719.26861760554
84719.26861760554
81108.2998831832
83376.19196611423
88837.44962554426
86113.43741229191
83641.18847938554
83376.19196611423
83376.19196611423
82997.77774328954
82576.0765642936
83147.74509016845
83376.19196611423
83376.19196611423
83376.19196611423
83376.19196611423
83376.19196611423
83530.09541709964
80018.03758971495
83530.09541709964
81108.2998831832
81108.2998831832
81108.2998831832
83530.09541709964
81108.2998831832
81108.2998831832
81108.2998831832
81108.2998831832
81108.2998831832
81108.2998831832
83112.12662817998
82993.15609737198
81108.2998831832
83520.46359478682
81108.2998831832
81108.2998831832
81108.2998831832
81108.2998831832
81108.2998831832
81108.2998831832
81108.2998831832
83825.40908122758
81108.2998831832
81108.2998831832
81108.2998831832
81108.2998831832
81108.2998831832
81108.2998831832
81108.2998831832
81108.2998831832
80778.14304219441
81108.2998831832
82135.92662241329
77734.27700832095
80018.03758971495
80018.03758971495
80018.03758971495
80018.03758971495
80725.56230094681
80018.03758971495
80018.03758971495
80018.03758971495
80018.03758971495
80018.03758971495
80018.03758971495
80018.03758971495
80018.03758971495
80018.03758971495
80018.03758971495
77734.27700832095
77734.27700832092
77734.27700832092
77734.27700832092
77734.27700832092
77734.27700832092
77734.27700832092
77734.27700832092
79263.22479752732
81108.2998831832
77734.27700832092
79298.95062157497
82072.28366772209
77734.27700832092
77734.27700832092
77734.27700832092
77734.27700832092
79298.95062157497
77734.27700832092
77734.27700832092
77734.27700832092
77734.27700832092
77734.27700832092
77734.27700832092
77734.27700832092
79298.95062157497
77734.27700832092
77734.27700832092
79298.95062157497
77734.27700832092
77734.27700832092
81056.35289409982
78805.64068406635
79298.95062157497
82083.9796333299
75752.4103757257
77775.13971140838
77561.75963733393
77561.75963733393
77775.13971140838
77734.27700832095
77561.75963733393
77561.75963733393
75321.45397922087
77561.75963733393
75321.45397922087
77561.75963733393
77561.75963733393
79181.67654815804
77775.13971140838
80018.03758971495
75924.9277467127
75752.4103757257
75752.4103757257
75752.4103757257
75752.4103757257
75752.4103757257
75924.9277467127
75752.4103757257
79263.22479752732
75752.4103757257
75752.4103757257
77569.77856838
75752.4103757257
75752.4103757257
75752.4103757257
75752.4103757257
75752.4103757257
75752.4103757257
75752.4103757257
75924.9277467127
75924.9277467127
75752.4103757257
75924.9277467127
75752.4103757257
75752.4103757257
75752.4103757257
75752.4103757257
75752.4103757257
75752.4103757257
75752.4103757257
75752.4103757257
75752.4103757257
75752.4103757257
79298.95062157497
75752.4103757257
73499.65750209618
75321.45397922085
75321.45397922085
75321.45397922085
75321.45397922085
75321.45397922085
75321.45397922085
75321.45397922085
73499.65750209618
73499.65750209618
73499.65750209618
73499.65750209618
73499.65750209618
73499.65750209618
73499.65750209618
73499.65750209618
73499.65750209618
73499.65750209618
73499.65750209618
73543.28713158648
73499.65750209618
73543.28713158648
73499.65750209618
73499.65750209618
73499.65750209618
73499.65750209618
73499.65750209618
73499.65750209618
73543.28713158648
73499.65750209618
73499.65750209618
73499.65750209618
73499.65750209618
73499.65750209618
73499.65750209618
73499.65750209618
73499.65750209618
73499.65750209618
73499.65750209618
73499.65750209618
73499.65750209618
75752.4103757257
73499.65750209618
73499.65750209618
73499.65750209618
73499.65750209618
73499.65750209618
73499.65750209618
73543.28713158648
73499.65750209618
73499.65750209618
71855.16643116604
73499.65750209618
73512.10471761263
73499.65750209618
73499.65750209618
73499.65750209618
73512.10471761263
73499.65750209618
71855.16643116604
71855.16643116604
71855.16643116604
71855.16643116604
71855.16643116604
71855.16643116604
71855.16643116604
71855.16643116604
71855.16643116604
71855.16643116604
71855.16643116604
71855.16643116604
71855.16643116604
71855.16643116604
71855.16643116604
71855.16643116604
71855.16643116604
71855.16643116604
71855.16643116604
73499.65750209618
71898.79606065634
71855.16643116604
71855.16643116604
71855.16643116604
71855.16643116604
71855.16643116604
71855.16643116604
71855.16643116604
71855.16643116604
71855.16643116604
71855.16643116604
71855.16643116604
71855.16643116604
71855.16643116604
71855.16643116604
71855.16643116604
71855.16643116604
71855.16643116604
71855.16643116604
71855.16643116604
71855.16643116604
71855.16643116604
71855.16643116604
77153.64212948193
71855.16643116604
71855.16643116604
71855.16643116604
71855.16643116604
71855.16643116604
71867.6136466825
71855.16643116604
71855.16643116604
70276.64990581662
71855.16643116604
71855.16643116604
71855.16643116604
71855.16643116603
71855.16643116604
71855.16643116604
71855.16643116603
71855.16643116603
71855.16643116604
71855.16643116603
71855.16643116604
71855.16643116604
70276.64990581662
70276.64990581662
70276.64990581662
71855.16643116604
71855.16643116604
72528.69130171766
71872.49650099901
70276.64990581662
71855.16643116603
71855.16643116604
70276.64990581662
71855.16643116604
70276.64990581662
71855.16643116604
70276.64990581662
70276.64990581662
71855.16643116604
70276.64990581662
70276.64990581662
71855.16643116603
71855.16643116604
70276.64990581662
70276.64990581662
71855.16643116604
71855.16643116603
70276.64990581662
70276.64990581662
71855.16643116604
71855.16643116603
70276.64990581662
70276.64990581662
70276.64990581662
71855.16643116604
70276.64990581662
70276.64990581662
70276.64990581662
71855.16643116604
70276.64990581662
70276.64990581662
70276.64990581662
70276.64990581662
70276.64990581662
70276.64990581662
70416.71276760337
70276.64990581662
70276.64990581662
70276.64990581662
70276.64990581662
70276.64990581662
70276.64990581662
70276.64990581662
70276.64990581662
70276.64990581662
70276.64990581662
70276.64990581662
70276.64990581662
70276.64990581662
70276.64990581662
68895.67741010636
70276.64990581662
70276.64990581662
70276.64990581662
70276.64990581662
70276.64990581662
70276.64990581662
70276.64990581662
70276.64990581662
70276.64990581662
68895.67741010636
70276.64990581662
70276.64990581662
70059.76213071171
68895.67741010636
70276.64990581662
70276.64990581662
70276.64990581662
70276.64990581662
70276.64990581662
70276.64990581662
70276.64990581662
68895.67741010636
68895.67741010636
68876.3970192655
70276.64990581662
68895.67741010636
68895.67741010636
68895.67741010636
68895.67741010636
68895.67741010636
68895.67741010636
68895.67741010636
68895.67741010636
68895.67741010636
68895.67741010636
68895.67741010636
68895.67741010636
68895.67741010636
68895.67741010636
68895.67741010636
68895.67741010636
68745.90487421166
68895.67741010636
70276.64990581662
68895.67741010636
68895.67741010636
68895.67741010636
68895.67741010636
68895.67741010636
68895.67741010636
68895.67741010636
68895.67741010636
68895.67741010636
68895.67741010636
68895.67741010636
70276.64990581662
68895.67741010636
68895.67741010636
68895.67741010636
68895.67741010636
68895.67741010636
68895.67741010636
69775.43669288246
67313.65483496859
68895.67741010636
68895.67741010636
68895.67741010636
68895.67741010636
68895.67741010636
68895.67741010636
68895.67741010636
68895.67741010636
66873.34951767442
65585.63106829263
67141.62525426252
66873.34951767442
66873.34951767442
67607.95896072459
66873.34951767442
66873.34951767442
66873.34951767442
66873.34951767442
66873.34951767442
66873.34951767442
66873.34951767442
68895.67741010636
66873.34951767442
65585.63106829263
68895.67741010636
65585.63106829263
67607.95896072459
65585.63106829263
65585.63106829263
66873.34951767442
66873.34951767442
66873.34951767442
65585.63106829263
65585.63106829263
68895.67741010636
66873.34951767442
66873.34951767442
65585.63106829263
66873.34951767442
68895.67741010636
66873.34951767442
65585.63106829263
66873.34951767442
66873.34951767442
66873.34951767442
66873.34951767442
65585.63106829263
65585.63106829263
66873.34951767442
67313.6548349686
66873.34951767442
66788.30424568709
66788.30424568709
66788.30424568709
67607.95896072459
65500.585796305306
66788.30424568709
66788.30424568709
66788.30424568709
65103.51287142439
65585.63106829263
65084.232480583516
65144.633734804076
65098.0982925582
65103.51287142439
65144.633734804076
65350.8132604106
65098.0982925582
65144.633734804076
65144.633734804076
65144.633734804076
65144.633734804076
65144.633734804076
65144.633734804076
63826.20692631446
65103.51287142439
65098.0982925582
65103.51287142439
65098.0982925582
65098.0982925582
65098.0982925582
66873.34951767442
65098.0982925582
63826.20692631446
64313.739702048864
65139.80154023035
65144.633734804076
65144.633734804076
64313.739702048864
65098.0982925582
65144.633734804076
65144.633734804076
65098.0982925582
65098.0982925582
65144.633734804076
65144.633734804076
65144.633734804076
65098.0982925582
63826.20692631446
65144.633734804076
65144.633734804076
65144.633734804076
65144.633734804076
65103.51287142439
65103.51287142439
64221.487388412905
65103.51287142439
65103.512871424384
65103.512871424384
65756.71628708874
63761.8083531304
63826.206926314444
63812.34111433977
63826.206926314444
63826.20692631446
63826.206926314444
63036.85923197591
64078.92189416686
63826.206926314444
63036.85923197591
63826.206926314444
63036.85923197591
63826.206926314444
63826.206926314444
63826.206926314444
63761.8083531304
63761.8083531304
63742.81238663429
63761.8083531304
63742.81238663429
63171.08925451118
63742.81238663429
63761.8083531304
63742.81238663429
62669.970559277004
63171.08925451118
63761.8083531304
63761.8083531304
63872.74236856033
63082.54582941936
63742.81238663429
63761.8083531304
63761.8083531304
63742.81238663429
63742.81238663429
63761.8083531304
63761.8083531304
63761.8083531304
63171.08925451118
63171.08925451118
63761.8083531304
63872.74236856033
63761.8083531304
63761.8083531304
63761.8083531304
63761.8083531304
63075.8699009543
63761.8083531304
63742.81238663429
63761.8083531304
63761.8083531304
61656.05105839402
62605.57198609295
62669.970559277
62605.57198609295
62605.57198609295
62605.57198609295
62164.03419480625
64078.92189416686
62605.57198609295
62164.03419480625
62605.57198609295
62164.03419480625
62605.57198609295
62605.57198609295
62669.970559277
60812.65329131257
62605.57198609295
61620.93400887848
61620.93400887848
60812.65329131257
61620.93400887848
61620.93400887848
61620.93400887848
61620.93400887848
61656.05105839402
61082.69394892171
61590.2084990295
61590.2084990295
61656.05105839403
61590.2084990295
60983.930303976864
61590.2084990295
61590.2084990295
60983.930303976864
62088.73742249497
61590.2084990295
62605.57198609295
61590.2084990295
61082.69394892171
61082.69394892171
61590.2084990295
61656.05105839403
61590.2084990295
61590.2084990295
61590.2084990295
61590.2084990295
58086.15137178259
61590.2084990295
60983.930303976864
61590.2084990295
61590.2084990295
57869.06451491156
62605.57198609295
57869.06451491156
57869.06451491156
57869.06451491156
57869.06451491156
57869.06451491156
57869.06451491156
57869.06451491156
57869.06451491156
57869.06451491156
57869.06451491156
57869.06451491156
57869.06451491156
57869.06451491156
57869.06451491156
57519.64865010177
57869.06451491156
57869.06451491156
57869.06451491156
58997.41070158066
57869.06451491156
57869.06451491156
57869.06451491156
57869.06451491156
57519.64865010177
61590.2084990295
60732.92284401995
57474.0787238514
61590.2084990295
57869.06451491156
57869.06451491156
56569.13308037265
57869.06451491156
57869.06451491156
56569.13308037265
61656.05105839403
57869.06451491156
57869.06451491156
57869.06451491156
57869.06451491156
57869.06451491156
56569.13308037265
57869.06451491156
57869.06451491156
56569.13308037265
57869.06451491156
57498.79182668791
57498.79182668791
57498.79182668791
57498.79182668791
55904.181140069886
56246.54862346795
55682.59221082777
55275.398874265
55682.59221082777
56082.4269064807
57869.06451491156
55682.59221082777
55682.59221082777
55811.973118655864
57869.06451491156
55275.398874265
55682.59221082777
55811.973118655864
55275.398874265
55811.973118655864
55682.59221082777
55811.973118655864
55275.398874265
55682.59221082777
56246.54862346795
55682.59221082777
55682.59221082777
56082.4269064807
55682.59221082777
56246.54862346795
56246.54862346795
56246.54862346795
57474.0787238514
56246.54862346795
57366.701895350525
55682.59221082777
55904.181140069886
55904.18114006989
55904.18114006989
55810.13173991175
55904.18114006989
55904.18114006989
55904.18114006989
56277.728972015626
56082.4269064807
55904.18114006989
55810.13173991175
55904.18114006989
55904.18114006989
54836.36690923191
55904.18114006989
54579.21602248567
54579.21602248567
54579.21602248567
54579.21602248567
54579.21602248567
54430.4884921226
54579.21602248567
54325.877946566085
53890.77598246331
54579.21602248567
55275.398874265
53890.77598246331
54579.21602248567
53988.935760845765
55682.59221082777
53747.595148397064
54579.21602248567
54360.285611046995
53376.24529819584
54360.285611046995
54579.21602248567
54360.285611046995
53747.595148397064
54733.07128312883
54430.4884921226
54579.21602248567
54579.21602248567
54579.21602248567
54579.21602248567
54579.21602248567
54579.21602248567
54579.21602248567
54579.21602248567
54430.4884921226
54579.21602248567
54579.21602248567
54579.21602248567
54579.21602248567
55904.18114006989
54579.21602248567
54579.21602248567
54579.21602248567
54579.21602248567
54381.06381832321
54579.21602248567
54579.21602248567
55609.9794241459
54088.12100872453
54088.12100872453
54088.12100872453
54579.21602248567
54579.21602248567
52767.52518109724
52767.52518109724
54579.21602248567
51845.92607595872
52767.52518109724
52767.52518109724
52767.52518109724
52767.52518109724
52767.52518109724
55275.398874265
52767.52518109724
52767.52518109724
52767.52518109724
52767.52518109724
52291.24820094324
52767.52518109724
52767.52518109724
51844.545524302135
52767.52518109724
52767.52518109724
52767.52518109724
52735.75183233156
52767.52518109724
52767.52518109724
52767.52518109724
52767.52518109724
52767.52518109724
52767.52518109724
52767.52518109724
52767.52518109724
52767.52518109724
52767.52518109724
52767.52518109724
52767.52518109724
52767.52518109724
52767.52518109724
52767.52518109724
55904.18114006989
52767.52518109724
52767.52518109724
52767.52518109724
52767.52518109724
52767.52518109724
52767.52518109724
52767.52518109724
52767.52518109724
52767.52518109724
52767.52518109724
52767.52518109724
52767.52518109724
52767.52518109724
51845.92607595872
51845.92607595872
51845.92607595872
51844.545524302135
51844.545524302135
52767.52518109724
51844.545524302135
51844.545524302135
51845.92607595872
51844.545524302135
51844.545524302135
51844.545524302135
51844.545524302135
51844.545524302135
51527.539661486255
51844.545524302135
52767.52518109724
51844.545524302135
51844.545524302135
51844.545524302135
51844.545524302135
51844.545524302135
51844.545524302135
51844.545524302135
51844.545524302135
51844.545524302135
51844.545524302135
51845.92607595872
51844.545524302135
51844.545524302135
52767.52518109724
51844.545524302135
51844.545524302135
51844.545524302135
51844.545524302135
51844.545524302135
51844.545524302135
51844.545524302135
51844.545524302135
51844.545524302135
51844.545524302135
51844.545524302135
51844.545524302135
51844.545524302135
51844.545524302135
51844.545524302135
51844.545524302135
51844.545524302135
51844.545524302135
51844.545524302135
51844.545524302135
51844.545524302135
50988.64042094917
50988.64042094917
50988.64042094916
50988.64042094916
50988.64042094916
50988.64042094916
50988.64042094916
50988.64042094916
50988.64042094916
50988.64042094916
50988.64042094916
50988.64042094916
51080.83698484515
51527.539661486255
51844.545524302135
52767.52518109724
50988.64042094916
50988.64042094916
50988.64042094916
50988.64042094916
50988.64042094916
50988.64042094916
50988.64042094916
50988.64042094916
50988.64042094916
50988.64042094916
50988.64042094917
50988.64042094916
50988.64042094916
50988.64042094916
50988.64042094916
50988.64042094916
50988.64042094916
51844.545524302135
50988.64042094916
51844.545524302135
50988.64042094916
51714.530255422076
50988.64042094916
50988.64042094916
51844.545524302135
50988.64042094916
50988.64042094916
50988.64042094916
50988.64042094916
50988.64042094916
51080.83698484515
50988.64042094916
50988.64042094916
50988.64042094916
50988.64042094916
50988.64042094916
50988.64042094917
50988.64042094916
50224.93188149218
50988.64042094916
50988.64042094916
50988.64042094916
50224.93188149218
50988.64042094916
50988.64042094916
50224.93188149218
50224.93188149218
50988.64042094916
50988.64042094916
50988.64042094916
50988.64042094916
50988.64042094916
50988.64042094916
50988.64042094916
50988.64042094916
50988.64042094916
50988.64042094916
50988.64042094916
50988.64042094916
50988.64042094916
50988.64042094916
50988.64042094916
50988.64042094916
50988.64042094916
50988.64042094916
50988.64042094916
50988.64042094916
50224.93188149218
50988.64042094916
50988.64042094916
50988.64042094916
50988.64042094916
50988.64042094916
50224.93188149218
50224.93188149218
50988.64042094916
50988.64042094916
50224.93188149218
50988.64042094916
50988.64042094916
50988.64042094916
50988.64042094916
50988.64042094916
50988.64042094916
50988.64042094916
50988.64042094916
50988.64042094916
50988.64042094916
50224.93188149218
50224.93188149218
50224.93188149218
50224.93188149218
50224.93188149218
50224.93188149218
50224.93188149218
50224.93188149218
50224.93188149218
50224.93188149218
50224.93188149218
50224.93188149218
50224.93188149218
50224.93188149218
50224.93188149218
50224.93188149218
50224.93188149218
50224.93188149218
50224.93188149218
50988.64042094916
50224.93188149218
50224.93188149218
50224.93188149218
50224.93188149218
50224.93188149218
50224.93188149218
50224.93188149218
50224.93188149218
50224.93188149218
50224.93188149218
50224.93188149218
50988.64042094916
50224.93188149218
50224.93188149218
50224.93188149218
50224.93188149218
50224.93188149218
50224.93188149218
50224.93188149218
50224.93188149218
50224.93188149218
50224.93188149218
50224.93188149218
50224.93188149218
50224.93188149218
50224.93188149218
50224.93188149218
50224.93188149218
50224.93188149218
50224.93188149218
50224.93188149218
50224.93188149218
50224.93188149218
49564.033037605936
50224.93188149218
50224.93188149218
50224.93188149218
50224.93188149218
49564.03303760593
50224.93188149218
50224.93188149218
50224.93188149218
50224.93188149218
50224.93188149218
50224.93188149218
50224.93188149218
50224.93188149218
50224.93188149218
50224.93188149218
49564.033037605936
50224.93188149218
50224.93188149218
49564.03303760593
50224.93188149218
50224.93188149218
50224.93188149218
50224.93188149218
50224.93188149218
50224.93188149218
50224.93188149218
50224.93188149218
50224.93188149218
50224.93188149218
50224.93188149218
50224.93188149218
50224.93188149218
50224.93188149218
50224.93188149218
50224.93188149218
50224.93188149218
50224.93188149218
50224.93188149218
50224.93188149218
50224.93188149218
50224.93188149218
50224.93188149218
50224.93188149218
50224.93188149218
50224.93188149218
49564.033037605936
50224.93188149218
50224.93188149218
49564.03303760593
50224.93188149218
48943.811019342014
50224.93188149218
49564.033037605936
49564.03303760593
49564.033037605936
49564.03303760593
49564.033037605936
49564.033037605936
49564.033037605936
49564.033037605936
49564.033037605936
49564.033037605936
49564.033037605936
49564.033037605936
49564.033037605936
49564.033037605936
48943.811019342014
49564.033037605936
49564.033037605936
48943.81101934201
49564.033037605936
49564.033037605936
49564.033037605936
50224.93188149218
49564.033037605936
49564.033037605936
49564.033037605936
49564.033037605936
49564.033037605936
50224.93188149218
49564.033037605936
49564.033037605936
49564.033037605936
49564.033037605936
49564.033037605936
49564.03303760593
49564.033037605936
50224.93188149218
49564.033037605936
49564.033037605936
49564.033037605936
49564.033037605936
49564.033037605936
49564.033037605936
49564.033037605936
49564.033037605936
49564.033037605936
49564.033037605936
49564.033037605936
48943.81101934201
48943.811019342014
48394.262965811824
48943.811019342014
48943.811019342014
48943.811019342014
48943.811019342014
48943.81101934201
48943.811019342014
48943.811019342014
48943.811019342014
48943.811019342014
49564.033037605936
48943.811019342014
48943.811019342014
48943.811019342014
48943.811019342014
48943.811019342014
48943.811019342014
49564.033037605936
48943.811019342014
48943.81101934201
48943.811019342014
48943.811019342014
48943.811019342014
48943.811019342014
49564.033037605936
48943.811019342014
48943.811019342014
48943.811019342014
48943.811019342014
48943.811019342014
48943.811019342014
48943.811019342014
48943.811019342014
48943.811019342014
48943.811019342014
48943.811019342014
48943.811019342014
48943.811019342014
48943.811019342014
49564.033037605936
48943.811019342014
48943.811019342014
48943.811019342014
48943.811019342014
48943.811019342014
48943.811019342014
48943.811019342014
48943.811019342014
48943.811019342014
48394.262965811824
48394.262965811824
48394.262965811824
48394.262965811824
48394.262965811824
48394.262965811824
48394.262965811824
48394.262965811824
48394.262965811824
48394.262965811824
48394.262965811824
48394.262965811824
48394.262965811824
48394.262965811824
48394.262965811824
48394.262965811824
48394.262965811824
48394.262965811824
48394.262965811824
48394.262965811824
48394.262965811824
48394.262965811824
48394.262965811824
48394.262965811824
48943.811019342014
48394.262965811824
48394.262965811824
48394.262965811824
48394.262965811824
48394.262965811824
48394.262965811824
48394.262965811824
48394.262965811824
48394.262965811824
48394.262965811824
48394.262965811824
48394.262965811824
48394.262965811824
48394.262965811824
48394.262965811824
48394.262965811824
48394.262965811824
48394.262965811824
48394.262965811824
48394.262965811824
48394.262965811824
48394.262965811824
48394.262965811824
48394.262965811824
48394.262965811824
48394.262965811824
47841.742354071466
47841.742354071466
47841.742354071466
47841.742354071466
47841.742354071466
47841.742354071466
47841.742354071466
47841.742354071466
47841.742354071466
47841.742354071466
47841.742354071466
47841.742354071466
47841.742354071466
47841.742354071466
47841.742354071466
47841.742354071466
47841.742354071466
47841.742354071466
47841.742354071466
47841.742354071466
47841.742354071466
47841.742354071466
47841.742354071466
47841.742354071466
47841.742354071466
47841.742354071466
47841.742354071466
47841.742354071466
47841.742354071466
47841.742354071466
47841.742354071466
47841.742354071466
47841.742354071466
47841.742354071466
47841.742354071466
47841.742354071466
47841.742354071466
47841.742354071466
47841.742354071466
47841.742354071466
48394.262965811824
47841.742354071466
47841.742354071466
47841.742354071466
47841.742354071466
47841.742354071466
47841.742354071466
47841.742354071466
47841.742354071466
47841.742354071466
47841.742354071466
47841.742354071466
47841.742354071466
47841.742354071466
47284.92027080823
47284.92027080823
47841.742354071466
47841.742354071466
47841.742354071466
47841.742354071466
47841.742354071466
47284.92027080823
47841.742354071466
47284.92027080823
47841.742354071466
47841.742354071466
47841.742354071466
47841.742354071466
47284.92027080823
47841.742354071466
47841.742354071466
47284.92027080823
47841.742354071466
47841.742354071466
47841.742354071466
47841.742354071466
47841.742354071466
47841.742354071466
47284.92027080823
47841.742354071466
47284.92027080823
47841.742354071466
47841.742354071466
47841.742354071466
47841.742354071466
47841.742354071466
47841.742354071466
47841.742354071466
47841.742354071466
47841.742354071466
47841.742354071466
47841.742354071466
47841.742354071466
47841.742354071466
47841.742354071466
47841.742354071466
47841.742354071466
47841.742354071466
47841.742354071466
47841.742354071466
47841.742354071466
47841.742354071466
51506.00802952482
47284.92027080823
47284.92027080823
47284.92027080823
47284.92027080823
47841.742354071466
47841.742354071466
47841.742354071466
47284.92027080823
47841.742354071466
47284.92027080823
47841.742354071466
47284.92027080823
47841.742354071466
47284.92027080823
47841.742354071466
47841.742354071466
47284.92027080823
47841.742354071466
47841.742354071466
47284.92027080823
47841.742354071466
47841.742354071466
47284.92027080823
47841.742354071466
47841.742354071466
47841.742354071466
47284.92027080823
47841.742354071466
47284.92027080823
47841.742354071466
47841.742354071466
47841.742354071466
47284.92027080823
47841.742354071466
47841.742354071466
47841.742354071466
47841.742354071466
47841.742354071466
47841.742354071466
47841.742354071466
47284.92027080823
47841.742354071466
47841.742354071466
47841.742354071466
47841.742354071466
47841.742354071466
47841.742354071466
47841.742354071466
47841.742354071466
47841.742354071466
46669.3980070865
46669.3980070865
46669.3980070865
46669.3980070865
46669.3980070865
46669.3980070865
46669.3980070865
47284.92027080823
46669.3980070865
46669.3980070865
46669.3980070865
46669.3980070865
46669.3980070865
46669.3980070865
46669.39800708649
46669.3980070865
46669.3980070865
46669.3980070865
46669.3980070865
46669.3980070865
46669.39800708649
46669.3980070865
46669.3980070865
46669.3980070865
46669.3980070865
46669.3980070865
46669.3980070865
46669.3980070865
46669.3980070865
46669.3980070865
46669.3980070865
46669.3980070865
46669.3980070865
46669.3980070865
46669.3980070865
46669.3980070865
46669.3980070865
46669.3980070865
46669.3980070865
46669.3980070865
46669.3980070865
46669.3980070865
46669.3980070865
46669.3980070865
46669.3980070865
46669.3980070865
46669.3980070865
46669.3980070865
46669.3980070865
46669.3980070865
46669.3980070865
46169.56382880033
46669.3980070865
46669.3980070865
46669.3980070865
46669.3980070865
46669.3980070865
46669.3980070865
46669.3980070865
46669.3980070865
46169.56382880034
46669.3980070865
46669.3980070865
46669.3980070865
46669.3980070865
46169.56382880033
46169.56382880033
46169.56382880033
46169.56382880033
46169.56382880033
46169.56382880033
46169.56382880033
46169.56382880033
46169.56382880033
46169.56382880033
46169.56382880033
46169.56382880033
46169.56382880033
46169.56382880034
46169.56382880033
46169.56382880033
46169.56382880033
46669.3980070865
46169.56382880033
46169.56382880033
46169.56382880033
46169.56382880033
46169.56382880033
46169.56382880033
46169.56382880033
46169.56382880033
46169.56382880033
46169.56382880033
46169.56382880033
46669.3980070865
46169.56382880033
46169.56382880033
46169.56382880033
46169.56382880033
46169.56382880033
46169.56382880033
46169.56382880033
46169.56382880033
46169.56382880033
46169.56382880033
46169.56382880033
46169.56382880033
46169.56382880033
46169.56382880033
46169.56382880033
46169.56382880033
46169.56382880033
46169.56382880033
46169.56382880033
46169.56382880033
46169.56382880033
46169.56382880033
46169.56382880033
46169.56382880033
46169.56382880033
46169.56382880033
46169.56382880033
46169.56382880033
46169.56382880033
45696.56100623417
45696.56100623417
46169.56382880033
46169.56382880033
46169.56382880033
46169.56382880033
46169.56382880033
45696.56100623417
46169.56382880033
46169.56382880033
46169.56382880033
46169.56382880033
46169.56382880033
46169.56382880033
46169.56382880033
46169.56382880033
46169.56382880033
46169.56382880033
46169.56382880033
46169.56382880033
46169.56382880033
46169.56382880033
46169.56382880033
46169.56382880033
46169.56382880033
45696.56100623417
46169.56382880033
46169.56382880033
45696.56100623417
45696.56100623417
46169.56382880033
45696.56100623417
45696.56100623417
45696.56100623417
46169.56382880033
45696.56100623417
45696.56100623417
45696.56100623417
45696.56100623417
45696.56100623417
45696.56100623417
45696.56100623417
45696.56100623417
45696.56100623417
45696.56100623417
45696.56100623417
45696.56100623417
45696.56100623417
45696.56100623417
45696.56100623417
45696.56100623417
45696.56100623417
45696.56100623417
45696.56100623417
45696.56100623417
45696.56100623417
45696.56100623417
45696.56100623417
45696.56100623417
45696.56100623417
45696.56100623417
45696.56100623417
45696.56100623417
45696.56100623417
45696.56100623417
45696.56100623417
45696.56100623417
45696.56100623417
45696.56100623417
45696.56100623417
45696.56100623417
45696.56100623417
45696.56100623417
45696.56100623417
45696.56100623417
45696.56100623417
45696.56100623417
45696.56100623417
46169.56382880033
45696.56100623417
45696.56100623417
45696.56100623417
45696.56100623417
45696.56100623417
45696.56100623417
45696.56100623417
45696.56100623417
45696.56100623417
45696.56100623417
45696.56100623417
45696.56100623417
45696.56100623417
45696.56100623417
45696.56100623417
45696.56100623417
45696.56100623417
45241.95091658728
45696.56100623417
45696.56100623417
45696.56100623417
45696.56100623417
45696.56100623417
45696.56100623417
45696.56100623417
45696.56100623417
45696.56100623417
45696.56100623417
45696.56100623417
45696.56100623417
45696.56100623417
45696.56100623417
45696.56100623417
45696.56100623417
45696.56100623417
45696.56100623417
45696.56100623417
45696.56100623417
45696.56100623417
45696.56100623417
45696.56100623417
45241.95091658729
45696.56100623417
45696.56100623417
45696.56100623417
45696.56100623417
45696.56100623417
45696.56100623417
45696.56100623417
45696.56100623417
45696.56100623417
45696.56100623417
45241.95091658728
45241.95091658729
45241.95091658729
45696.56100623417
45241.95091658729
45241.95091658729
45241.95091658729
45241.95091658729
45241.95091658729
45241.95091658729
45241.95091658729
45241.95091658729
45241.95091658729
45241.95091658729
45696.56100623417
45241.95091658729
45241.95091658728
45241.95091658729
45241.95091658729
45241.95091658729
45241.95091658729
45241.95091658729
45241.95091658729
45241.95091658728
45241.95091658729
45241.95091658729
45241.95091658729
45241.95091658729
45241.95091658729
45241.95091658729
45241.95091658729
45241.95091658729
45241.95091658729
45241.95091658729
45241.95091658729
45241.95091658729
45241.95091658729
45241.95091658729
45241.95091658729
45241.95091658729
44840.421626057025
45241.95091658729
45241.95091658729
45241.95091658729
45241.95091658729
45241.95091658729
45241.95091658729
45241.95091658729
45241.95091658729
45241.95091658729
45241.95091658729
44840.42162605702
44840.42162605702
44840.42162605702
44840.42162605702
44840.42162605702
44840.42162605702
44840.42162605702
44840.42162605702
44840.42162605702
44840.42162605702
44840.42162605702
44840.42162605702
44840.42162605702
44840.42162605702
44840.42162605702
44840.42162605702
44840.42162605702
44840.42162605702
44840.42162605702
44840.42162605702
44840.42162605702
44840.42162605702
44840.42162605702
44840.42162605702
44840.42162605702
44840.42162605702
44840.42162605702
44840.42162605702
44840.42162605702
44840.42162605702
44840.42162605702
44840.42162605702
44840.42162605702
44840.42162605702
44840.42162605702
44840.42162605702
44840.42162605702
44840.42162605702
44840.42162605702
44840.42162605702
44840.42162605702
44840.42162605702
44840.42162605702
44840.42162605702
44840.42162605702
44834.73321034434
44840.42162605702
44840.42162605702
44840.42162605702
44840.42162605702
44840.42162605702
44834.73321034434
44834.73321034435
44834.73321034435
44834.73321034435
44834.73321034435
44834.73321034435
44834.73321034435
44834.73321034435
44834.73321034434
44834.73321034435
44474.80509971562
44834.73321034435
44834.73321034435
44834.73321034434
44834.73321034435
44834.73321034435
44480.493515428294
44834.73321034435
44834.73321034435
44834.73321034434
44834.73321034434
44834.73321034434
44834.73321034435
44834.73321034434
44834.73321034434
44834.73321034435
44834.73321034434
44834.73321034434
44834.73321034435
44834.73321034434
44480.493515428294
44834.73321034435
44834.73321034435
44834.73321034435
44834.73321034434
44834.73321034435
44834.73321034435
44834.73321034435
44834.73321034434
44834.73321034435
44834.73321034435
44834.73321034435
44834.73321034435
44834.73321034435
44834.73321034435
44834.73321034434
44834.73321034435
44834.73321034435
44834.73321034435
44834.73321034435
44834.73321034435
44474.80509971562
44474.80509971562
44474.80509971562
44474.80509971562
44474.80509971562
44474.80509971562
44474.80509971562
44474.80509971562
44474.80509971562
44474.80509971562
44474.80509971562
44474.80509971562
44474.80509971562
44474.80509971562
44474.80509971562
44474.80509971562
44474.80509971562
44834.73321034435
44474.80509971562
44474.80509971562
44474.80509971562
44474.80509971562
44474.80509971562
44474.80509971562
44474.80509971562
44474.80509971562
44474.80509971562
44474.80509971562
44474.80509971562
44474.80509971562
44474.80509971562
44474.80509971562
44474.80509971562
44474.80509971562
44474.80509971562
44474.80509971562
44474.80509971562
44474.80509971562
44474.80509971562
44474.80509971562
44474.80509971562
44474.80509971562
44474.80509971562
44474.80509971562
44474.80509971562
44474.80509971562
44474.80509971562
44474.80509971562
44834.73321034435
44474.80509971562
44834.73321034434
44139.28956890942
44474.80509971562
44474.80509971562
44474.80509971562
44474.80509971562
44474.80509971562
44474.80509971562
44474.80509971562
44474.80509971562
44474.80509971562
44139.28956890942
44139.28956890942
44139.28956890942
44139.28956890942
44139.28956890942
44139.28956890942
44139.28956890942
44139.28956890942
44139.28956890942
44139.28956890942
44139.28956890942
44474.80509971562
44139.28956890942
44139.28956890942
44139.28956890942
44139.28956890942
44139.28956890942
44139.28956890942
44139.28956890942
44139.28956890942
44139.28956890942
44139.28956890942
44139.28956890942
44139.28956890942
44139.28956890942
44139.28956890942
44139.28956890942
44139.28956890942
44139.28956890942
44139.28956890942
44139.28956890942
44139.28956890942
44139.28956890942
44139.28956890942
44139.28956890942
44139.28956890942
44139.28956890942
44139.28956890942
44139.28956890942
44139.28956890942
44139.28956890942
44139.28956890942
44139.28956890942
44139.28956890942
44474.80509971562
44474.80509971562
44139.28956890942
44139.28956890942
44139.28956890942
44139.28956890942
44139.28956890942
44139.28956890942
44139.28956890942
44139.28956890942
44139.28956890942
44139.28956890942
43817.90711983118
44139.28956890942
44139.28956890942
44139.28956890942
43817.90711983118
44139.28956890942
44474.80509971562
44139.28956890942
44139.28956890942
44139.28956890942
44139.28956890942
43817.90711983118
44139.28956890942
44139.28956890942
44139.28956890942
43817.90711983118
44139.28956890942
44139.28956890942
44139.28956890942
44139.28956890942
44139.28956890942
44139.28956890942
44139.28956890942
44139.28956890942
44139.28956890942
44139.28956890942
43817.90711983118
44139.28956890942
44139.28956890942
44139.28956890942
44139.28956890942
44139.28956890942
44139.28956890942
44139.28956890942
44139.28956890942
44139.28956890942
43817.90711983118
43817.90711983118
43817.90711983118
43817.90711983118
43817.90711983118
43817.90711983118
43817.90711983118
43817.90711983118
43817.90711983118
43817.90711983118
43817.90711983118
43817.90711983118
43817.90711983118
43817.90711983118
43817.90711983118
43817.90711983118
43817.90711983118
43817.90711983118
43817.90711983118
43817.90711983118
43817.90711983118
43817.90711983118
43817.90711983118
43817.90711983118
43817.90711983118
43817.90711983118
43817.90711983118
43817.90711983118
43817.90711983118
44139.28956890942
43817.90711983118
43817.90711983118
43817.90711983118
43817.90711983118
43817.90711983118
43817.90711983118
43817.90711983118
43817.90711983118
43817.90711983118
43817.90711983118
43817.90711983118
43817.90711983118
43817.90711983118
43817.90711983118
43817.90711983118
43817.90711983118
43817.90711983118
43817.90711983118
43817.90711983118
43817.90711983118
43817.90711983118
43817.90711983118
43817.90711983118
43817.90711983118
43817.90711983118
43817.90711983118
43817.90711983118
43817.90711983118
43817.90711983118
43471.22638999313
43817.90711983118
43817.90711983118
43817.90711983118
43817.90711983118
43817.90711983118
43817.90711983118
43817.90711983118
43471.22638999313
43817.90711983118
43817.90711983118
43817.90711983118
43817.90711983118
43817.90711983118
43471.22638999313
43817.90711983118
43817.90711983118
43817.90711983118
43817.90711983118
43817.90711983118
43817.90711983118
43817.90711983118
43817.90711983118
43817.90711983118
43817.90711983118
43817.90711983118
43817.90711983118
43817.90711983118
43817.90711983118
43817.90711983118
43817.90711983118
43817.90711983118
43817.90711983118
43817.90711983118
43817.90711983118
43817.90711983118
43817.90711983118
43817.90711983118
43817.90711983118
43817.90711983118
43817.90711983118
43817.90711983118
43817.90711983118
43471.22638999313
43471.226389993135
43471.226389993135
43471.226389993135
43471.226389993135
43471.226389993135
43471.226389993135
43471.226389993135
43471.22638999313
43471.226389993135
43471.226389993135
43471.226389993135
43471.226389993135
43471.226389993135
43471.226389993135
43471.226389993135
43471.22638999313
43471.226389993135
43471.226389993135
43471.226389993135
43471.22638999313
43471.226389993135
43471.22638999313
43471.226389993135
43471.226389993135
43471.226389993135
43471.226389993135
43471.226389993135
43471.226389993135
43471.226389993135
43471.226389993135
43471.226389993135
43471.226389993135
43471.22638999313
43471.226389993135
43471.226389993135
43471.22638999313
43471.226389993135
43471.226389993135
43471.226389993135
43471.226389993135
43471.226389993135
43471.226389993135
43471.226389993135
43471.226389993135
43471.226389993135
43471.226389993135
43471.226389993135
43471.226389993135
43471.226389993135
43471.226389993135
43471.22638999313
43380.27810075627
43471.226389993135
43471.226389993135
43471.226389993135
43380.27810075627
43380.27810075627
43380.27810075627
43471.22638999313
43471.226389993135
43471.226389993135
43380.27810075627
43471.226389993135
43471.226389993135
43471.226389993135
43241.92013676798
43471.22638999313
43471.226389993135
43471.226389993135
43471.226389993135
43471.22638999313
43380.27810075627
43471.22638999313
43471.226389993135
43380.27810075627
43471.226389993135
43471.226389993135
43471.226389993135
43241.92013676798
43471.226389993135
43471.226389993135
43471.226389993135
43380.27810075627
43471.22638999313
43471.226389993135
43471.226389993135
43471.22638999313
43471.226389993135
43380.27810075627
43380.27810075627
43380.27810075627
43471.226389993135
43471.226389993135
43471.226389993135
43471.226389993135
43380.27810075627
43471.226389993135
43380.27810075627
43380.27810075627
43471.226389993135
43380.27810075627
49725.19892095929
42402.692500199235
43241.92013676797
42402.692500199235
43150.97184753111
42402.692500199235
42402.692500199235
42402.692500199235
43471.22638999313
43241.92013676797
43471.226389993135
42402.692500199235
43241.92013676797
42402.692500199235
43241.92013676797
43241.92013676798
42342.63962821178
42342.63962821178
42342.63962821178
42342.63962821178
42342.63962821178
42342.63962821178
42342.63962821178
42342.63962821178
42342.63962821178
42342.63962821178
42342.63962821178
42342.63962821178
42113.33337498662
42342.63962821178
42342.63962821178
42342.63962821178
43380.27810075627
42342.63962821178
42113.33337498662
42342.63962821178
42342.63962821178
42342.63962821178
42342.63962821178
42342.63962821178
42342.63962821178
42342.63962821178
43471.226389993135
43241.92013676798
42342.63962821178
42342.63962821178
42342.63962821178
42342.63962821178
42342.63962821178
42342.63962821178
42342.63962821178
41751.23565794156
41859.07131469815
41751.23565794156
41859.07131469815
43150.97184753111
42100.36858097202
41859.07131469815
41859.07131469815
41859.07131469815
41751.23565794156
41751.23565794156
42100.36858097202
41751.23565794156
41859.07131469815
41751.23565794156
41994.337009545554
41355.43123090959
41859.07131469815
41859.07131469815
41859.07131469815
41859.07131469815
41859.07131469815
41859.07131469815
41859.07131469815
41355.43123090959
42040.31570898456
41355.43123090959
41355.43123090959
41751.23565794156
41318.89434169769
41318.89434169769
41318.89434169769
41318.89434169769
41318.89434169769
40919.74437406717
41318.89434169769
41318.89434169769
41318.89434169769
41318.89434169769
41318.89434169769
41318.89434169769
42342.63962821178
41318.89434169769
41284.46409062376
41318.89434169769
41318.89434169769
41318.89434169769
41318.89434169769
41318.89434169769
41318.89434169769
41318.89434169769
40060.22582495994
40738.37442073633
40738.37442073633
40738.37442073633
40738.37442073633
40738.37442073633
40738.37442073633
40738.37442073633
40738.37442073633
40738.37442073633
40738.37442073633
40738.37442073633
40738.37442073633
40738.37442073633
40738.37442073633
40738.37442073633
40738.37442073633
40738.37442073633
40738.37442073633
40738.37442073633
40738.37442073633
40738.37442073633
40738.37442073633
40738.37442073633
40738.37442073633
40738.37442073633
40738.37442073633
40738.37442073633
40738.37442073633
40738.37442073633
40738.37442073633
40459.37579259045
40459.37579259045
40738.37442073633
40060.22582495994
39980.12051753848
39980.12051753848
40854.65656812556
39980.12051753848
39980.12051753848
39980.12051753848
39980.12051753848
39980.12051753848
39980.12051753848
39980.12051753848
39980.12051753848
39980.12051753848
39980.12051753848
39980.12051753848
39980.12051753848
39980.12051753848
39980.120517538475
39980.120517538475
39980.120517538475
39980.120517538475
39980.120517538475
39980.120517538475
39980.120517538475
39980.120517538475
39980.120517538475
39980.120517538475
39980.120517538475
39980.120517538475
39980.120517538475
39980.120517538475
39980.120517538475
39980.120517538475
39980.120517538475
40738.37442073633
39980.120517538475
39980.120517538475
39980.120517538475
39980.120517538475
39980.120517538475
39980.120517538475
39980.120517538475
39980.120517538475
39980.120517538475
39980.120517538475
40738.37442073633
39980.120517538475
39980.120517538475
39980.120517538475
39980.120517538475
39980.120517538475
39980.120517538475
39980.120517538475
39781.24913893608
39980.120517538475
39951.53548025343
39951.53548025343
39951.53548025343
39951.53548025343
39951.53548025343
39951.53548025343
39951.53548025343
39951.53548025343
39951.53548025343
39951.53548025343
39951.53548025343
39951.53548025343
39951.53548025343
39781.24913893608
39781.24913893608
39781.24913893608
39781.24913893608
39781.24913893608
39781.24913893608
39781.24913893608
39781.24913893608
39980.120517538475
39781.24913893608
39781.24913893608
39781.24913893608
39781.24913893608
39781.24913893608
39781.24913893608
39781.24913893608
39781.24913893608
40738.37442073633
39781.24913893608
39781.24913893608
39781.24913893608
39781.24913893608
39951.53548025343
39781.24913893608
39781.24913893608
39781.24913893608
39781.24913893608
39781.24913893608
39781.24913893608
39781.24913893608
39781.24913893608
39781.24913893608
39781.24913893608
39781.24913893608
39980.120517538475
39781.24913893608
39781.24913893608
39781.24913893608
39781.24913893608
39756.76953095851
39781.24913893608
39771.55469925869
39781.24913893608
39781.24913893608
39781.24913893608
39781.24913893608
39781.24913893608
39781.24913893608
39781.24913893608
39781.24913893608
39781.24913893608
39756.7695309585
39756.7695309585
39756.7695309585
39756.7695309585
39756.7695309585
39756.7695309585
39564.688255577596
39756.7695309585
39756.7695309585
39756.7695309585
39756.7695309585
39756.7695309585
39756.7695309585
39564.688255577596
39781.24913893608
39756.7695309585
39756.7695309585
39756.7695309585
39756.7695309585
39756.7695309585
39756.7695309585
39756.7695309585
39756.7695309585
39756.7695309585
39756.7695309585
39756.7695309585
39756.7695309585
39756.7695309585
39756.7695309585
39781.24913893608
39756.7695309585
39756.7695309585
39756.7695309585
39756.7695309585
39756.7695309585
39756.7695309585
39756.7695309585
39756.7695309585
39756.7695309585
39756.7695309585
39756.7695309585
39756.7695309585
39756.7695309585
39756.7695309585
39756.7695309585
39756.7695309585
39756.7695309585
39756.7695309585
39756.7695309585
39756.7695309585
39756.7695309585
39564.688255577596
39564.688255577596
39564.688255577596
39756.7695309585
39564.688255577596
39564.688255577596
39564.688255577596
39564.688255577596
39564.688255577596
39564.688255577596
39564.688255577596
39564.688255577596
39564.688255577596
39564.688255577596
39564.688255577596
39564.688255577596
39564.688255577596
39564.688255577596
39564.688255577596
39564.688255577596
39564.688255577596
39564.688255577596
39564.688255577596
39564.688255577596
39564.688255577596
39564.688255577596
39564.688255577596
39564.688255577596
39564.688255577596
39564.688255577596
39540.208647600026
39564.688255577596
39564.688255577596
39564.688255577596
39564.688255577596
39564.688255577596
39564.688255577596
39564.688255577596
39564.688255577596
39564.688255577596
39564.688255577596
39564.688255577596
39756.7695309585
39564.688255577596
39564.688255577596
39564.688255577596
39564.688255577596
39564.688255577596
39564.688255577596
39564.688255577596
39564.688255577596
39540.208647600026
39540.208647600026
39540.208647600026
39540.208647600026
39540.208647600026
39540.208647600026
39540.208647600026
39540.208647600026
39370.15986165083
39370.15986165083
39540.208647600026
39540.208647600026
39540.208647600026
39540.208647600026
39540.208647600026
39564.688255577596
39540.208647600026
39540.208647600026
39540.208647600026
39540.208647600026
39540.208647600026
39540.208647600026
39540.208647600026
39540.208647600026
39540.208647600026
39540.208647600026
39540.208647600026
39540.208647600026
39540.208647600026
39540.208647600026
39540.208647600026
39540.208647600026
39540.208647600026
39540.208647600026
39540.208647600026
39540.208647600026
39540.208647600026
39540.208647600026
39540.208647600026
39540.208647600026
39540.208647600026
39540.208647600026
39540.208647600026
39540.208647600026
39540.208647600026
39370.15986165083
39540.208647600026
39540.208647600026
39540.208647600026
39540.208647600026
39540.208647600026
39370.15986165083
39370.159861650835
39540.208647600026
39370.159861650835
39370.159861650835
39370.159861650835
39540.208647600026
39345.68025367326
39370.15986165083
39370.15986165083
39370.159861650835
39370.159861650835
39370.159861650835
39370.159861650835
39370.159861650835
39370.159861650835
39370.159861650835
39370.159861650835
39370.159861650835
39370.159861650835
39370.159861650835
39370.159861650835
39370.159861650835
39370.159861650835
39370.159861650835
39370.159861650835
39370.159861650835
39370.159861650835
39370.159861650835
39370.159861650835
39370.159861650835
39370.159861650835
39370.159861650835
39370.159861650835
39370.159861650835
39370.159861650835
39370.159861650835
39370.159861650835
39370.159861650835
39370.159861650835
39370.159861650835
39370.159861650835
39370.159861650835
39370.159861650835
39370.159861650835
39370.15986165083
39370.159861650835
39370.159861650835
39370.159861650835
39370.159861650835
39370.159861650835
39345.68025367326
39345.68025367326
39345.68025367326
39345.68025367326
39345.68025367326
39370.159861650835
39345.68025367326
39345.68025367326
39345.68025367326
39345.68025367326
39345.68025367326
39345.68025367326
39345.68025367326
39345.68025367326
39345.68025367326
39345.68025367326
39345.68025367326
39345.68025367326
39345.68025367326
39345.68025367326
39370.159861650835
39345.68025367326
39345.68025367326
39345.68025367326
39345.68025367326
39345.68025367326
39345.68025367326
39345.68025367326
39345.68025367326
39345.68025367326
39345.68025367326
39345.68025367326
39345.68025367326
39345.68025367326
39345.68025367326
39345.68025367326
39345.68025367326
39345.68025367326
39345.68025367326
39345.68025367326
39345.68025367326
39345.68025367326
39345.68025367326
39345.68025367326
39345.68025367326
39345.68025367326
39345.68025367326
39345.68025367326
39345.68025367326
39345.68025367326
39345.68025367326
39345.68025367326
39345.68025367326
39345.68025367326
39345.68025367326
39345.68025367326
39345.68025367326
39345.68025367326
39345.68025367326
39345.68025367326
39345.68025367326
39345.68025367326
39345.68025367326
38475.236589089865
39345.68025367326
39345.68025367326
39345.68025367326
39345.68025367326
39345.68025367326
39345.68025367326
39345.68025367326
39345.68025367326
39345.68025367326
39345.68025367326
39345.68025367326
39345.68025367326
39345.68025367326
39345.68025367326
39345.68025367326
39345.68025367326
39345.68025367326
39345.68025367326
39345.68025367326
39345.68025367326
38475.236589089865
39345.68025367326
39345.68025367326
39345.68025367326
39345.68025367326
39345.68025367326
39345.68025367326
39345.68025367326
39345.68025367326
39345.68025367326
39345.68025367326
39345.68025367326
39345.68025367326
39345.68025367326
39345.68025367326
39345.68025367326
39345.68025367326
39345.68025367326
38475.236589089865
38475.236589089865
38475.236589089865
38475.236589089865
38475.236589089865
38475.236589089865
38622.475871500064
38475.236589089865
38475.236589089865
38475.236589089865
38475.236589089865
38475.236589089865
38475.236589089865
38475.236589089865
38475.236589089865
38475.236589089865
38475.236589089865
38475.236589089865
38475.236589089865
38475.236589089865
38475.236589089865
38475.236589089865
38475.236589089865
39345.68025367326
38475.236589089865
38475.236589089865
38475.236589089865
38475.236589089865
38475.236589089865
38475.236589089865
38475.236589089865
38475.236589089865
38475.236589089865
38475.236589089865
38475.236589089865
38475.236589089865
38475.236589089865
38475.236589089865
38475.236589089865
38475.236589089865
38475.236589089865
38475.236589089865
38475.236589089865
38475.236589089865
38475.236589089865
38475.236589089865
38475.236589089865
38475.236589089865
38475.236589089865
38475.236589089865
38475.236589089865
38475.236589089865
38475.236589089865
38475.236589089865
38475.236589089865
38475.236589089865
38475.236589089865
38475.236589089865
38475.236589089865
38475.236589089865
38475.236589089865
38475.236589089865
38475.236589089865
38475.236589089865
38312.5378052347
38475.236589089865
38475.236589089865
38475.236589089865
38475.236589089865
38475.236589089865
38475.236589089865
38475.236589089865
38475.236589089865
38475.236589089865
38475.236589089865
38475.236589089865
38475.236589089865
38475.236589089865
38475.236589089865
38312.5378052347
38475.236589089865
38475.236589089865
38475.236589089865
38475.236589089865
38475.236589089865
38475.236589089865
38475.236589089865
38475.236589089865
38475.236589089865
38475.236589089865
38475.236589089865
38475.236589089865
38475.236589089865
38475.236589089865
38475.236589089865
38475.236589089865
38475.236589089865
38475.236589089865
38475.236589089865
38475.236589089865
38475.236589089865
38475.236589089865
38312.5378052347
38312.5378052347
38312.5378052347
38312.5378052347
38312.5378052347
38312.5378052347
38312.5378052347
38312.5378052347
38312.5378052347
38312.5378052347
38312.5378052347
38312.5378052347
38312.5378052347
38312.5378052347
38312.5378052347
38312.5378052347
38312.5378052347
38312.5378052347
38312.5378052347
38312.5378052347
38312.5378052347
38312.5378052347
38312.5378052347
38312.5378052347
38312.5378052347
38312.5378052347
38312.5378052347
38312.5378052347
38312.5378052347
38312.5378052347
38475.236589089865
38312.5378052347
38312.5378052347
38312.5378052347
38312.5378052347
38312.5378052347
38312.5378052347
38312.5378052347
38312.5378052347
38312.5378052347
38312.5378052347
38312.5378052347
38312.5378052347
38312.5378052347
38312.5378052347
38312.5378052347
38312.5378052347
38312.5378052347
38312.5378052347
38312.5378052347
38312.5378052347
38312.5378052347
38312.5378052347
38312.5378052347
38312.5378052347
38312.5378052347
38312.5378052347
38312.5378052347
38312.5378052347
38312.5378052347
38312.5378052347
38312.5378052347
38312.5378052347
38312.5378052347
38312.5378052347
38312.5378052347
38312.5378052347
38312.5378052347
38312.5378052347
38312.5378052347
38312.5378052347
38312.5378052347
38312.5378052347
38312.5378052347
38312.5378052347
38312.5378052347
38312.5378052347
38312.5378052347
38158.353738698795
38312.5378052347
38312.5378052347
38312.5378052347
38312.5378052347
38312.5378052347
38312.5378052347
38312.5378052347
38312.5378052347
38312.5378052347
38312.5378052347
38312.5378052347
38312.5378052347
38312.5378052347
38312.5378052347
38312.5378052347
38312.5378052347
38312.5378052347
38312.5378052347
38312.5378052347
38312.5378052347
38312.5378052347
38312.5378052347
38312.5378052347
38158.353738698795
38158.353738698795
38312.5378052347
38158.353738698795
38158.353738698795
38312.5378052347
38158.353738698795
38312.5378052347
38158.353738698795
38158.353738698795
38312.5378052347
38158.353738698795
38158.353738698795
38158.353738698795
38158.353738698795
38158.353738698795
38158.353738698795
38158.353738698795
38158.353738698795
38158.353738698795
38158.353738698795
38158.353738698795
38158.353738698795
38158.353738698795
38312.5378052347
38158.353738698795
38158.353738698795
38158.353738698795
38158.353738698795
38158.353738698795
38158.353738698795
38158.353738698795
38158.353738698795
38158.353738698795
38158.353738698795
38158.353738698795
38158.353738698795
38158.353738698795
38158.353738698795
38158.353738698795
38158.353738698795
38158.353738698795
38158.353738698795
38158.353738698795
38158.353738698795
38158.353738698795
38158.353738698795
38158.353738698795
38158.353738698795
38158.353738698795
38158.353738698795
38158.353738698795
38158.353738698795
38158.353738698795
38158.353738698795
38158.353738698795
38158.353738698795
38158.353738698795
38158.353738698795
38158.353738698795
38158.353738698795
38158.353738698795
38158.353738698795
38158.353738698795
38158.353738698795
38158.353738698795
38158.353738698795
38013.41159801497
38158.353738698795
38158.353738698795
38158.353738698795
38158.353738698795
38158.353738698795
38158.353738698795
38158.353738698795
38158.353738698795
38158.353738698795
38158.353738698795
38158.353738698795
38158.353738698795
38158.353738698795
38158.353738698795
38158.353738698795
38158.353738698795
38158.353738698795
38158.353738698795
38158.353738698795
38158.353738698795
38158.353738698795
38158.353738698795
38158.353738698795
38158.353738698795
38158.353738698795
38158.353738698795
38158.353738698795
38158.353738698795
38158.353738698795
38158.353738698795
38158.353738698795
38013.41159801497
38158.353738698795
38013.41159801497
38013.41159801497
38013.41159801497
38013.41159801497
38013.41159801497
38013.41159801497
38013.41159801497
38013.41159801497
38013.41159801497
38013.41159801497
38013.41159801497
38013.41159801497
38013.41159801497
38013.41159801497
38013.41159801497
38013.41159801497
38013.41159801497
38013.41159801497
38158.353738698795
38013.41159801497
38013.41159801497
38013.41159801497
38013.41159801497
38013.41159801497
38013.41159801497
38013.41159801497
38013.41159801497
38013.41159801497
38013.41159801497
38013.41159801497
38013.41159801497
38013.41159801497
38013.41159801497
38013.41159801497
38013.41159801497
38013.41159801497
38013.41159801497
38013.41159801497
38158.353738698795
38158.353738698795
38013.41159801497
38013.41159801497
38013.41159801497
38013.41159801497
38013.41159801497
38013.41159801497
38013.41159801497
38013.41159801497
38013.41159801497
38013.41159801497
38013.41159801497
38013.41159801497
38013.41159801497
38013.41159801497
38013.41159801497
38013.41159801497
38013.41159801497
38013.41159801497
38013.41159801497
38013.41159801497
38013.41159801497
38013.41159801497
38013.41159801497
38013.41159801497
38013.41159801497
38013.41159801497
38013.41159801497
38013.41159801497
38013.41159801497
38013.41159801497
38013.41159801497
38013.41159801497
38013.41159801497
38013.41159801497
37887.736110068385
38013.41159801497
38013.41159801497
38013.41159801497
38013.41159801497
38013.41159801497
38013.41159801497
38013.41159801497
38013.41159801497
37887.736110068385
38013.41159801497
38013.41159801497
37887.736110068385
38013.41159801497
38013.41159801497
38013.41159801497
38013.41159801497
38013.41159801497
38013.41159801497
38013.41159801497
38013.41159801497
38013.41159801497
38013.41159801497
38013.41159801497
38013.41159801497
38013.41159801497
38013.41159801497
38013.41159801497
38013.41159801497
37887.73611006838
37887.736110068385
37887.73611006838
38013.41159801497
37887.73611006838
37887.73611006838
37887.73611006838
37887.73611006838
37887.73611006838
37887.73611006838
37887.73611006838
37887.73611006838
37887.73611006838
37887.73611006838
37887.73611006838
37887.73611006838
38013.41159801497
37887.73611006838
37887.73611006838
37887.73611006838
37887.73611006838
37887.73611006838
37887.73611006838
37887.73611006838
37887.73611006838
37887.73611006838
37887.73611006838
37887.73611006838
37887.73611006838
37887.73611006838
37869.093474223366
37869.093474223366
37887.73611006838
38013.41159801497
37869.093474223366
37887.73611006838
37887.73611006838
37887.73611006838
37887.73611006838
37887.73611006838
37887.73611006838
37887.73611006838
37887.73611006838
37887.73611006838
37887.73611006838
37887.73611006838
38013.41159801497
37887.73611006838
37887.73611006838
37887.73611006838
37887.73611006838
37764.79168731184
37887.73611006838
37804.77269181227
37869.093474223366
37804.77269181227
37804.77269181227
37804.77269181227
37804.77269181227
37887.73611006838
37804.77269181227
37804.77269181227
37887.73611006838
37804.77269181227
37804.77269181227
37804.77269181227
37804.77269181227
37804.77269181227
37804.77269181227
37804.77269181227
37887.73611006838
37804.77269181227
37804.77269181227
37804.77269181227
37804.77269181227
37887.73611006838
37804.77269181227
37804.77269181227
37804.77269181227
36479.016018244416
36479.016018244416
37764.79168731184
37470.37387466532
37318.695568503594
37268.339019944986
37470.37387466532
37318.695568503594
37470.37387466532
37318.695568503594
37318.695568503594
37318.695568503594
37470.37387466532
37470.37387466532
37318.695568503594
37318.695568503594
37887.73611006838
37470.37387466532
37764.79168731183
37470.37387466532
37318.695568503594
37887.73611006838
37470.37387466532
36390.74005921765
36479.01601824442
36412.70798841964
36479.01601824442
36412.70798841964
36479.01601824442
36479.01601824442
36412.70798841964
36479.01601824442
36479.01601824442
37804.77269181227
36479.01601824442
36479.01601824442
36412.70798841964
36479.01601824442
36479.01601824442
36479.01601824442
36412.70798841964
36479.01601824442
36479.01601824442
36479.01601824442
36412.70798841964
36479.01601824442
36479.01601824442
36479.01601824442
36412.70798841964
36412.70798841964
36412.70798841964
36390.74005921765
36390.74005921765
36390.74005921765
37470.37387466532
36390.74005921765
36317.61923248782
36390.74005921765
36390.74005921765
36390.74005921765
36390.74005921765
36390.74005921765
36390.74005921765
36390.74005921765
36390.74005921765
36390.74005921765
36390.74005921765
36390.74005921765
36390.74005921765
36390.74005921765
36390.74005921765
36390.74005921765
36390.74005921765
36390.74005921765
35988.4430967244
36317.61923248783
36257.465324422046
36317.61923248783
36257.465324422046
36317.61923248783
36317.61923248783
36257.465324422046
36317.61923248783
36317.61923248783
36317.61923248783
36317.61923248783
36317.61923248783
36257.465324422046
36317.61923248783
36317.61923248783
36479.01601824442
36257.465324422046
36317.61923248783
36317.61923248783
36317.61923248783
36257.465324422046
36317.61923248783
36317.61923248783
36317.61923248783
36257.465324422046
36257.465324422046
36257.465324422046
36317.61923248783
36317.61923248783
36317.61923248783
36315.55668478182
36317.61923248783
35988.4430967244
35988.443096724404
35988.443096724404
35988.443096724404
35988.443096724404
35988.443096724404
35988.443096724404
35988.443096724404
35988.443096724404
35988.443096724404
35988.443096724404
35988.443096724404
35988.443096724404
35988.443096724404
35988.443096724404
35988.443096724404
35988.443096724404
35988.443096724404
35864.987305957264
35988.443096724404
35988.443096724404
35988.443096724404
35988.443096724404
35988.443096724404
35988.443096724404
35988.443096724404
35988.443096724404
35988.443096724404
35988.443096724404
35988.443096724404
35988.443096724404
36257.465324422046
35988.443096724404
35988.443096724404
35988.443096724404
35988.443096724404
35988.443096724404
35988.443096724404
35988.443096724404
35988.443096724404
35988.443096724404
35988.443096724404
35988.443096724404
35988.443096724404
35988.443096724404
35988.443096724404
35988.443096724404
35988.443096724404
35988.443096724404
35988.443096724404
35988.443096724404
35864.987305957264
35817.50765222945
35817.50765222945
35817.50765222945
35817.50765222945
35817.50765222945
35817.50765222945
35817.50765222945
35817.50765222945
35817.50765222945
35817.50765222945
35817.50765222945
35817.50765222945
35817.50765222945
35817.50765222945
35817.50765222945
35817.50765222945
35817.50765222945
35817.50765222945
35817.50765222945
35817.50765222945
35817.50765222945
35817.50765222945
35817.50765222945
35817.50765222945
35817.50765222945
35817.50765222945
35817.50765222945
35817.50765222945
35817.50765222945
35817.50765222945
35817.50765222945
35817.50765222945
35817.50765222945
35817.50765222945
35817.50765222945
35817.50765222945
35817.50765222945
35817.50765222945
35817.50765222945
35817.50765222945
35817.50765222945
35817.50765222945
35817.50765222945
35789.25327821318
35817.50765222945
35817.50765222945
35817.50765222945
35817.50765222945
35817.50765222945
35817.50765222945
35817.50765222945
35817.50765222945
35817.50765222945
35817.50765222945
35817.50765222945
35817.50765222945
35817.50765222945
35817.50765222945
35817.50765222945
35817.50765222945
35817.50765222945
35817.50765222945
35817.50765222945
35817.50765222945
35817.50765222945
35817.50765222945
35817.50765222945
35817.50765222945
35789.25327821318
35789.25327821318
35789.25327821318
35789.25327821318
35789.25327821318
35789.25327821318
35789.25327821318
35789.25327821318
35789.25327821318
35789.25327821318
35789.25327821318
35789.25327821318
35789.25327821318
35789.25327821318
35789.25327821318
35789.25327821318
35789.25327821318
35789.25327821318
35789.25327821318
35789.25327821318
35789.25327821318
35789.25327821318
35789.25327821318
35789.25327821318
35789.25327821318
35789.25327821318
35789.25327821318
35789.25327821318
35789.25327821318
35789.25327821318
35789.25327821318
35789.25327821318
35789.25327821318
35789.25327821318
35789.25327821318
35789.25327821318
35789.25327821318
35789.25327821318
35789.25327821318
35789.25327821318
35789.25327821318
35789.25327821318
35817.50765222945
35789.25327821318
35789.25327821318
35789.25327821318
35789.25327821318
35789.25327821318
35789.25327821318
35789.25327821318
35789.25327821318
35789.25327821318
35789.25327821318
35789.25327821318
35789.25327821318
35789.25327821318
35789.25327821318
35789.25327821318
35789.25327821318
35789.25327821318
35789.25327821318
35789.25327821318
35789.25327821318
35789.25327821318
35789.25327821318
35789.25327821318
35789.25327821318
35789.25327821318
35789.25327821318
35789.25327821318
35789.25327821318
35789.25327821318
35789.25327821318
35789.25327821318
35789.25327821318
35789.25327821318
35789.25327821318
35789.25327821318
35789.25327821318
35789.25327821318
35789.25327821318
35789.25327821318
35789.25327821318
35789.25327821318
35789.25327821318
35789.25327821318
35789.25327821318
35789.25327821318
35789.25327821318
35789.25327821318
35789.25327821318
35789.25327821318
35789.25327821318
35789.25327821318
35789.25327821318
35789.25327821318
35789.25327821318
35789.25327821318
35789.25327821318
35789.25327821318
35789.25327821318
35789.25327821318
35789.25327821318
35789.25327821318
35789.25327821318
35789.25327821318
35789.25327821318
35789.25327821318
35663.9752851845
35789.25327821318
35789.25327821318
35789.25327821318
35789.25327821318
35789.25327821318
35789.25327821318
35789.25327821318
35789.25327821318
35789.25327821318
35789.25327821318
35789.25327821318
35789.25327821318
35789.25327821318
35789.25327821318
35789.25327821318
35789.25327821318
35789.25327821318
35789.25327821318
35789.25327821318
35789.25327821318
35789.25327821318
35789.25327821318
35789.25327821318
35663.9752851845
35789.25327821318
35789.25327821318
35789.25327821318
35789.25327821318
35789.25327821318
35789.25327821318
35789.25327821318
35789.25327821318
35789.25327821318
35789.25327821318
35789.25327821318
35789.25327821318
35789.25327821318
35663.9752851845
35789.25327821318
35789.25327821318
35789.25327821318
35789.25327821318
35789.25327821318
35789.25327821318
35663.9752851845
35663.9752851845
35663.9752851845
35663.9752851845
35663.9752851845
35663.9752851845
35663.9752851845
35663.9752851845
35663.9752851845
35663.9752851845
35663.9752851845
35663.9752851845
35663.9752851845
35663.9752851845
35663.9752851845
35663.9752851845
35663.9752851845
35663.9752851845
35663.9752851845
35663.9752851845
35663.9752851845
35663.9752851845
35663.9752851845
35789.25327821318
35789.25327821318
35663.9752851845
35663.9752851845
35663.9752851845
35663.9752851845
35663.9752851845
35663.9752851845
35663.9752851845
35663.9752851845
35789.25327821318
35663.9752851845
35663.9752851845
35663.9752851845
35663.9752851845
35663.9752851845
35663.9752851845
35663.9752851845
35663.9752851845
35663.9752851845
35663.9752851845
35663.9752851845
35663.9752851845
35663.9752851845
35663.9752851845
35663.9752851845
35663.9752851845
35663.9752851845
35663.9752851845
35663.9752851845
35663.9752851845
35663.97528518449
35663.97528518449
35663.97528518449
35663.9752851845
35663.97528518449
35663.97528518449
35663.97528518449
35663.9752851845
35663.9752851845
35663.97528518449
35663.9752851845
35663.97528518449
35663.9752851845
35663.9752851845
35663.9752851845
35663.97528518449
35663.97528518449
35663.9752851845
35663.9752851845
35663.97528518449
35663.9752851845
35663.9752851845
35663.9752851845
35663.97528518449
35663.9752851845
35663.97528518449
35663.9752851845
35663.9752851845
35663.9752851845
35663.9752851845
35663.9752851845
35663.97528518449
35663.9752851845
35663.97528518449
35663.9752851845
35663.97528518449
35663.9752851845
35663.97528518449
35663.9752851845
35663.97528518449
35663.9752851845
35663.9752851845
35663.97528518449
35663.97528518449
35663.9752851845
35663.9752851845
35663.9752851845
35663.9752851845
35663.97528518449
35663.97528518449
35663.9752851845
35663.97528518449
35663.97528518449
35663.97528518449
35663.9752851845
35663.97528518449
35663.97528518449
35663.97528518449
35663.9752851845
35663.97528518449
35663.97528518449
35663.97528518449
35663.97528518449
35663.9752851845
35663.97528518449
35663.97528518449
35663.97528518449
35663.97528518449
35663.9752851845
35663.9752851845
35663.97528518449
35663.9752851845
35663.9752851845
35663.97528518449
35663.97528518449
35663.9752851845
35663.97528518449
35663.9752851845
35663.9752851845
35663.9752851845
35663.9752851845
35663.97528518449
35663.97528518449
35663.97528518449
35663.97528518449
35663.9752851845
35540.83395616753
35663.9752851845
35663.97528518449
35663.9752851845
35663.97528518449
35663.97528518449
35663.9752851845
35663.97528518449
35663.97528518449
35663.97528518449
35663.97528518449
35663.9752851845
35663.9752851845
35540.83395616753
35540.83395616753
35540.83395616753
35540.83395616753
35540.83395616753
35540.83395616753
35540.83395616753
35540.83395616753
35540.83395616753
35540.83395616753
35540.83395616753
35540.83395616753
35540.83395616753
35540.83395616753
35663.97528518449
35540.83395616753
35540.83395616753
35663.97528518449
35540.83395616753
35540.83395616753
35540.83395616753
35540.83395616753
35540.83395616753
35540.83395616753
35540.83395616753
35540.83395616753
35540.83395616753
35540.83395616753
35540.83395616753
35540.83395616753
35540.83395616753
35540.83395616753
35540.83395616753
35540.83395616753
35540.83395616753
35540.83395616753
35540.83395616753
35540.83395616753
35540.83395616753
35540.83395616753
35540.83395616753
35540.83395616753
35540.83395616753
35540.83395616753
35540.83395616753
35540.83395616753
35540.83395616753
35540.83395616753
35540.83395616753
35540.83395616753
35663.9752851845
35540.83395616753
35540.83395616753
35540.83395616753
35540.83395616753
35540.83395616753
35540.83395616753
35540.83395616753
35540.83395616753
35540.83395616753
35540.83395616753
35540.83395616753
35540.83395616753
35540.83395616753
35540.83395616753
35540.83395616753
35540.83395616753
35540.83395616753
35540.83395616753
35540.83395616753
35540.83395616753
35540.83395616753
35540.83395616753
35540.83395616753
35540.83395616753
35540.83395616753
35540.83395616753
35540.83395616753
35540.83395616753
35540.83395616753
35540.83395616753
35540.83395616753
35540.83395616753
35540.83395616753
35540.83395616753
35540.83395616753
35540.83395616753
35540.83395616753
35540.83395616753
35540.83395616753
35540.83395616753
35540.83395616753
35540.83395616753
35540.83395616753
35540.83395616753
35540.83395616753
35540.83395616753
35540.83395616753
35540.83395616753
35540.83395616753
35540.83395616753
35540.83395616753
35540.83395616753
35540.83395616753
35540.83395616753
35540.83395616753
35540.83395616753
35540.83395616753
35540.83395616753
35540.83395616753
35540.83395616753
35540.83395616753
35540.83395616753
35540.83395616753
35540.83395616753
35540.83395616753
35540.83395616753
35540.83395616753
35540.83395616753
35540.83395616753
35540.83395616753
35540.83395616753
35540.83395616753
35540.83395616753
35540.83395616753
35540.83395616753
35540.83395616753
35540.83395616753
35540.83395616753
35540.83395616753
35540.83395616753
35540.83395616753
35540.83395616753
35540.83395616753
35540.83395616753
35540.83395616753
35540.83395616753
35540.83395616753
35540.83395616753
35540.83395616753
35540.83395616753
35540.83395616753
35540.83395616753
35540.83395616753
35540.83395616753
35540.83395616753
35540.83395616753
35540.83395616753
35540.83395616753
35540.83395616753
35540.83395616753
35540.83395616753
35540.83395616753
38280.83118949529
35540.83395616753
35540.83395616753
35540.83395616753
35540.83395616753
35540.83395616753
35540.83395616753
35540.83395616753
35540.83395616753
35540.83395616753
35540.83395616753
35540.83395616753
35540.83395616753
35540.83395616753
35540.83395616753
35540.83395616753
35540.83395616753
35540.83395616753
35540.83395616753
35540.83395616753
35540.83395616753
35540.83395616753
35540.83395616753
35540.83395616753
35540.83395616753
35540.83395616753
35540.83395616753
35540.83395616753
35540.83395616753
35540.83395616753
35540.83395616753
35540.83395616753
35540.83395616753
35540.83395616753
35540.83395616753
35540.83395616753
35540.83395616753
35540.83395616753
35540.83395616753
35540.83395616753
35540.83395616753
35540.83395616753
35540.83395616753
35540.83395616753
35540.83395616753
35540.83395616753
35540.83395616753
35540.83395616753
35540.83395616753
35540.83395616753
35540.83395616753
35540.83395616753
35540.83395616753
35540.83395616753
35540.83395616753
35540.83395616753
35540.83395616753
35540.83395616753
35540.83395616753
35540.83395616753
35540.83395616753
35540.83395616753
35540.83395616753
35540.83395616753
35540.83395616753
35540.83395616753
35540.83395616753
35540.83395616753
35540.83395616753
35540.83395616753
35540.83395616753
35540.83395616753
35540.83395616753
35540.83395616753
35540.83395616753
35540.83395616753
35540.83395616753
35540.83395616753
35540.83395616753
35540.83395616753
35540.83395616753
35540.83395616753
35540.83395616753
35540.83395616753
35540.83395616753
35540.83395616753
35540.83395616753
35540.83395616753
35540.83395616753
35540.83395616753
35453.31612502643
35540.83395616753
35540.83395616753
35540.83395616753
35540.83395616753
35540.83395616753
35540.83395616753
35540.83395616753
35540.83395616753
35540.83395616753
35540.83395616753
35540.83395616753
35453.31612502643
35453.31612502643
35453.31612502643
35453.31612502643
35453.31612502643
35540.83395616753
35453.31612502643
35453.31612502643
35453.31612502643
35453.31612502643
35453.31612502643
35453.31612502643
35453.31612502643
35453.31612502643
35453.31612502643
35453.31612502643
35453.31612502643
35453.31612502643
35453.31612502643
35453.31612502643
35453.31612502643
35540.83395616753
35453.31612502643
35540.83395616753
35453.31612502643
35453.31612502643
35453.31612502643
35453.31612502643
35453.31612502643
35453.31612502643
35453.31612502643
35453.31612502643
35453.31612502643
35453.31612502643
35453.31612502643
35453.31612502643
35453.31612502643
35453.31612502643
35453.31612502643
35453.31612502643
35453.31612502643
35453.31612502643
35453.31612502643
35453.31612502643
35453.31612502643
35453.31612502643
35453.31612502643
35453.31612502643
35453.31612502643
35453.31612502643
35453.31612502643
35453.31612502643
35453.31612502643
35453.31612502643
35453.31612502643
35453.31612502643
35453.31612502643
35453.31612502643
35453.31612502643
35453.31612502643
35453.31612502643
35453.31612502643
35453.31612502643
35453.31612502643
35453.31612502643
35453.31612502643
35453.31612502643
35453.31612502643
35453.31612502643
35453.31612502643
35453.31612502643
35453.31612502643
35453.31612502643
35453.31612502643
35453.31612502643
35453.31612502643
35453.31612502643
35453.31612502643
35453.31612502643
35453.31612502643
35453.31612502643
35453.31612502643
35453.31612502643
35453.31612502643
35453.31612502643
35453.31612502643
35453.31612502643
35453.31612502643
35453.31612502643
35453.31612502643
35453.31612502643
35453.31612502643
35453.31612502643
35453.31612502643
35453.31612502643
35453.31612502643
35453.31612502643
35453.31612502643
35453.31612502643
35453.31612502643
35453.31612502643
35453.31612502643
35453.31612502643
35453.31612502643
35453.31612502643
35453.31612502643
35453.31612502643
35453.31612502643
35453.31612502643
35453.31612502643
35453.31612502643
35453.31612502643
35453.31612502643
35453.31612502643
35453.31612502643
35453.31612502643
35453.31612502643
35453.31612502643
35453.31612502643
35453.31612502643
35453.31612502643
35453.31612502643
35453.31612502643
35453.31612502643
35453.31612502643
35453.31612502643
35453.31612502643
35453.31612502643
35453.31612502643
35453.31612502643
35453.31612502643
35453.31612502643
35453.31612502643
35453.31612502643
35453.31612502643
35453.31612502643
35400.701295938445
35453.31612502643
35453.31612502643
35453.31612502643
35453.31612502643
35453.31612502643
35453.31612502643
35453.31612502643
35453.31612502643
35453.31612502643
35453.31612502643
35453.31612502643
35453.31612502643
35453.31612502643
35453.31612502643
35453.31612502643
35453.31612502643
35400.701295938445
35400.701295938445
35400.701295938445
35400.701295938445
35400.701295938445
35400.701295938445
35400.701295938445
35400.701295938445
35400.701295938445
35400.701295938445
35400.701295938445
35400.701295938445
35400.701295938445
35453.31612502643
35400.701295938445
35400.701295938445
35400.701295938445
35400.701295938445
35400.701295938445
35400.701295938445
35400.701295938445
35400.701295938445
35400.701295938445
35400.701295938445
35400.701295938445
35400.701295938445
35400.701295938445
35400.701295938445
35400.701295938445
35400.701295938445
35400.701295938445
35400.701295938445
35400.701295938445
35400.701295938445
35400.701295938445
35400.701295938445
35400.701295938445
35400.701295938445
35400.701295938445
35400.701295938445
35400.701295938445
35400.701295938445
35400.701295938445
35400.701295938445
35400.701295938445
35400.701295938445
35400.701295938445
35400.701295938445
35453.31612502643
35453.31612502643
35400.701295938445
35400.701295938445
35400.701295938445
35400.701295938445
35400.701295938445
35400.701295938445
35400.701295938445
35400.701295938445
35400.701295938445
35400.701295938445
35400.701295938445
35400.701295938445
35400.701295938445
35400.701295938445
35400.701295938445
35400.701295938445
35400.701295938445
35400.701295938445
35400.701295938445
35400.701295938445
35400.701295938445
35400.701295938445
35400.701295938445
35400.701295938445
35400.701295938445
35400.701295938445
35400.701295938445
35400.701295938445
35400.701295938445
35400.701295938445
35400.701295938445
35400.701295938445
35400.701295938445
35400.701295938445
35400.701295938445
35400.701295938445
35400.701295938445
35400.701295938445
35400.701295938445
35400.701295938445
35400.701295938445
35400.701295938445
35400.701295938445
35400.701295938445
35400.701295938445
35400.701295938445
35400.701295938445
35400.701295938445
35400.701295938445
35400.701295938445
35400.701295938445
35400.701295938445
35400.701295938445
35400.701295938445
35400.701295938445
35400.701295938445
35400.701295938445
35400.701295938445
35400.701295938445
35400.701295938445
35400.701295938445
35400.701295938445
35400.701295938445
35400.701295938445
35400.701295938445
35400.701295938445
35400.701295938445
35400.701295938445
35400.701295938445
35400.701295938445
35400.701295938445
35400.701295938445
35400.701295938445
35400.701295938445
35400.701295938445
35400.701295938445
35400.701295938445
35400.701295938445
35400.701295938445
35400.701295938445
35400.701295938445
35400.701295938445
35400.701295938445
35400.701295938445
35400.701295938445
35400.701295938445
35400.701295938445
35400.701295938445
35400.701295938445
35400.701295938445
35400.701295938445
35400.701295938445
35400.701295938445
35400.701295938445
35400.701295938445
35400.701295938445
35400.701295938445
35400.701295938445
35400.701295938445
35400.701295938445
35400.701295938445
35400.701295938445
35400.701295938445
35400.701295938445
35400.701295938445
35400.701295938445
35400.701295938445
35400.701295938445
35400.701295938445
35400.701295938445
35400.701295938445
35400.701295938445
35400.701295938445
35400.701295938445
35400.701295938445
35400.701295938445
35400.701295938445
35400.701295938445
35400.701295938445
35400.701295938445
35400.701295938445
35400.701295938445
35400.701295938445
35400.701295938445
35400.701295938445
35400.701295938445
35400.701295938445
35400.701295938445
35400.701295938445
35400.701295938445
35400.701295938445
35400.701295938445
35400.701295938445
35400.701295938445
35400.701295938445
35400.701295938445
35400.701295938445
35400.701295938445
35400.701295938445
35400.701295938445
35400.701295938445
35400.701295938445
35400.701295938445
35400.701295938445
35400.701295938445
35400.701295938445
35400.701295938445
35400.701295938445
35400.701295938445
35400.701295938445
35400.701295938445
35400.701295938445
35400.701295938445
35400.701295938445
38521.46435156957
35400.701295938445
35400.701295938445
35400.701295938445
35400.701295938445
35400.701295938445
35400.701295938445
35400.701295938445
35400.701295938445
35400.701295938445
35400.701295938445
35400.701295938445
35400.701295938445
35400.701295938445
35400.701295938445
35400.701295938445
35400.701295938445
35400.701295938445
35400.701295938445
35400.701295938445
35400.701295938445
35400.701295938445
35400.701295938445
35400.701295938445
35400.701295938445
35400.701295938445
35400.701295938445
35400.701295938445
35400.701295938445
35400.701295938445
35400.701295938445
35400.701295938445
35400.701295938445
35400.701295938445
35400.701295938445
35400.701295938445
35400.701295938445
35400.701295938445
35400.701295938445
35400.701295938445
35400.701295938445
35400.701295938445
35400.701295938445
35400.701295938445
35400.701295938445
35400.701295938445
35400.701295938445
35400.701295938445
35400.701295938445
35400.701295938445
35400.701295938445
35400.701295938445
35400.701295938445
35400.701295938445
35400.701295938445
35400.701295938445
35400.701295938445
35400.701295938445
35400.701295938445
35400.701295938445
35400.701295938445
35400.701295938445
35400.701295938445
35349.4137501682
35400.701295938445
35400.701295938445
35400.701295938445
35400.701295938445
35400.701295938445
35400.701295938445
35400.701295938445
35400.701295938445
35400.701295938445
35400.701295938445
35400.701295938445
35400.701295938445
35400.701295938445
35400.701295938445
35400.701295938445
35400.701295938445
35400.701295938445
35400.701295938445
35400.701295938445
35400.701295938445
35400.701295938445
35400.701295938445
35400.701295938445
35400.701295938445
35400.701295938445
35400.701295938445
35400.701295938445
35400.701295938445
35400.701295938445
35400.701295938445
35400.701295938445
35400.701295938445
35400.701295938445
35400.701295938445
35400.701295938445
35400.701295938445
35400.701295938445
35400.701295938445
38046.283087208205
35349.4137501682
35349.4137501682
35349.4137501682
35349.4137501682
35349.4137501682
35349.4137501682
35349.4137501682
35349.4137501682
35349.4137501682
35349.4137501682
35349.4137501682
35349.4137501682
35400.701295938445
35400.701295938445
35400.701295938445
35400.701295938445
35400.701295938445
35400.701295938445
35400.701295938445
35400.701295938445
35400.701295938445
35400.701295938445
35400.701295938445
35400.701295938445
35400.701295938445
35400.701295938445
35400.701295938445
35400.701295938445
35400.701295938445
35400.701295938445
35400.701295938445
35400.701295938445
35400.701295938445
35400.701295938445
35400.701295938445
35400.701295938445
35400.701295938445
35400.701295938445
35400.701295938445
35400.701295938445
35400.701295938445
35400.701295938445
35400.701295938445
35400.701295938445
35400.701295938445
35400.701295938445
35400.701295938445
35400.701295938445
35400.701295938445
35400.701295938445
35315.71571497723
