100
169645.4218381741
182857.1351706816
161774.25716115173
166417.2817819786
164509.75205123
176611.61760333704
165478.3698237709
175456.9009424412
173527.04054132866
152396.8566268947
168783.11645752756
168958.19546885905
189041.5216322837
161360.0185199372
159103.29026323784
168587.39409658161
173066.98528328154
168720.77717472156
165123.52970692658
165028.28859630658
178270.50186628784
170511.8817180149
182733.31073052812
165434.7617003949
157570.60831742425
173445.5462885736
154667.6883187238
153539.25121150442
162541.9748821502
185730.69307797833
172519.74326731116
172400.51189691172
154137.5885234549
179895.54439543828
165431.5423579159
174828.42084264613
170547.54865710405
181640.88312357597
156021.9670950072
179064.24315302089
158128.1966176377
171584.05057216604
172275.2386060512
162880.08813764015
174189.48215757363
169622.82565441867
161192.87189507397
172767.97104757934
174185.68285226772
177095.73200383174
171920.31771250282
178375.33984414663
163351.76568805135
190431.01626881972
176902.65272637282
162386.90501433084
169529.4352555934
171791.35031039047
162971.27375945082
160784.4213541377
164841.97690751706
163380.823499739
185072.49345470517
177924.86636222832
156209.4187678284
167637.10924151496
172774.43364774727
166404.57923943773
176746.0482559696
165710.05360432644
168150.09270645445
166814.55241344433
150352.84306145986
165202.39880899218
154656.06755547778
171487.9454515243
165118.44795876276
179045.54002076
179275.76106947666
172066.7753495087
166292.17852272233
167245.49615893842
161798.249726902
162457.54805605457
164653.46452429675
167010.21192218503
163022.68976079085
176477.284257513
183800.22297677567
171094.44854543405
172545.10126796502
179024.0051617796
171672.7035112181
171495.08352423707
160305.2281327605
170400.87719964053
169236.4125221875
189858.34736045802
180795.86191309663
180767.54647386417
142130.8546902021
159058.90964526538
169737.37476097234
155811.6723768751
155866.92408758067
152709.02066396642
166442.50853804138
152858.77788744657
164234.64838698742
166721.74996219465
142375.00640395467
159907.3357368299
157822.78262522604
144437.57493894998
149038.16032767636
151089.08802811836
156959.87462954698
143778.32581357684
156470.35553351612
152747.86985635533
152746.78714655145
167868.73766634706
159035.40334198356
171162.29734010072
156228.32022749237
146804.01029652427
160653.97811366085
142174.06002843234
142671.72611056556
150241.27366120627
175783.62322117158
162050.83979283622
159690.81207615716
146653.2149387086
170349.60222257543
155794.9702491386
164783.2099259992
159560.11232471635
170626.91934570952
145670.8087994478
166923.69227528176
148127.58883337435
160889.2549855212
162038.65638705943
151692.40194765615
164485.16189636098
157700.96418730757
149572.08054440666
142426.2274103039
145784.31246481626
164262.812247055
147518.50248270427
147192.02316264086
152878.69107442242
180450.82270638054
165643.78503589504
150622.53093071858
158539.51646321066
161014.94766382314
154128.82530394386
148770.30826398425
155182.90976678435
143019.4376515613
145410.01287443048
166027.10659383333
147015.25846410758
157465.09031557196
148389.99829131743
154623.32282614143
166952.82301525964
154480.97109326557
159572.51794231473
157615.2640978831
142130.8546902021
155986.8968854806
145631.01330813425
162304.68371708787
154525.9954603511
169719.47766135717
170584.76029876072
163108.36052515096
156036.14449932636
154898.11446481268
136560.52444797856
151892.37314882153
155847.1114328771
136882.48348522163
152578.67570283727
166535.76409685932
171640.2584087646
135333.59662363993
162716.12043946836
167629.23765842267
161230.1028541385
160859.54194510216
134943.02890889763
159130.05400353658
155326.23902677413
180210.45506383383
167712.9873667754
170048.5811722171
128062.50013614903
130867.08427264636
160396.38141208817
134910.49735867203
147214.09182380274
142669.90041653902
157831.99133738573
145094.91051841213
159339.32652114195
134910.49735867203
135113.89132869284
134910.49735867203
149515.34330164577
136236.68326563845
141439.6677104158
144455.45492493277
147417.6083512656
134859.93650089685
134910.49735867203
143860.91524501258
143043.04074167804
159203.32169874074
134910.49735867203
159572.75173774082
148740.3066165885
134011.38278364408
134910.49735867203
134879.20191959557
132535.60658055605
141353.507108909
167250.99672050172
153627.19916546668
150722.0375581559
139799.6983524831
161938.4113753328
146787.68894679673
156084.03648416398
134910.49735867203
160561.66306884328
137127.12645638856
156058.24504533396
140412.32401292885
151775.58692141768
154833.11180924805
144140.27969581875
155167.70180057414
134859.93650089685
142460.06773814897
133220.2825707438
137120.93830256973
155088.8651285737
139317.6108093927
138991.13148932936
143079.83319331094
170484.61661751094
134943.0289088976
139595.67639996574
148639.71460975695
134910.49735867203
134708.3852938601
138806.0091593345
148147.3202610694
134181.29063714415
135178.3961231244
155791.69296115387
134943.0289088976
134910.49735867203
134910.49735867203
146494.02655768915
157770.92420610617
134371.76800004835
151044.2664505185
148453.23906171642
133854.48072680103
148699.92063662354
137249.6265425509
151505.54816801098
146056.6827048936
160486.0910651937
162477.66979196342
134910.49735867203
147633.3114365898
145547.51404684468
129679.99567522999
143708.84335797408
134910.49735867203
129207.64788163577
134634.9385959223
157036.6203190451
159588.49011934904
131676.9355909031
153198.4711666999
159089.96221790797
151301.74369656382
152504.79454121788
128062.50013614903
148219.13486915655
128029.96858592346
170656.1074889862
158289.99738455168
160249.0977700048
122618.52080734968
123986.55549989779
154656.49748819112
128029.96858592346
128029.96858592347
135053.6462125059
147622.08445199556
128029.96858592347
150058.63027737068
128029.96858592346
128263.57774429159
127934.77140227122
128029.96858592347
129026.12512754975
134464.71906106515
127391.85647611978
139441.3667612316
127286.36932060402
128029.96858592346
136225.8731717033
134944.8449685326
150090.81004398776
128029.96858592346
152093.85453534295
141400.46708302505
126565.63555275643
127934.77140227122
128290.390098684
125167.64534829729
127816.08299907588
158940.8292578823
142488.57162035943
127222.61505053368
127391.85647611978
154474.61504456698
138769.14160688425
148019.80973693673
127934.77140227122
127749.99701258013
129321.06046926529
127910.33066829739
133301.40522130538
125415.66372825397
128029.96858592347
137344.62987812643
147351.31448834154
127286.76459116617
133728.5011565391
126816.81448392093
128879.95300757709
146528.58354915484
132107.05267130397
127391.85647611978
135293.2737842251
161904.6380976987
128062.50013614903
132713.5142984843
140263.7141171979
128029.96858592346
124162.66236749668
130605.11748602292
128029.96858592347
127300.7618643956
125798.90584271231
147009.7941517774
128062.50013614903
127934.77140227122
128029.96858592346
134901.74654027788
148857.37828676228
126170.34399270799
143007.1301986139
140808.91011993357
126637.94995988792
141620.08880396272
131345.25531535863
128029.96858592347
127816.08299907588
127816.08299907588
154723.98309946238
128029.96858592346
139244.49206881432
124864.41138558902
124268.5478966562
136272.80168047207
127934.77140227122
122612.17507664219
126564.03768737603
147986.55259296915
150722.918555972
124796.40681815454
142584.8492783704
149881.55271308115
127510.11837943525
127816.08299907588
122651.05235757523
141270.11479543475
122618.52080734968
161973.8589521809
150283.4921063822
121499.29871701547
115749.02100702519
118033.10899132844
147049.79822546995
122618.52080734968
116512.76706887032
128536.6299084853
121499.29871701547
122618.52080734966
142036.30107328336
127934.77140227122
123488.97707252594
121920.12126216407
122618.52080734966
122722.22806050674
121499.29871701547
121980.408697546
132546.8106468596
122275.7310855314
121499.29871701547
128253.68095435858
121499.29871701547
140835.91790920636
122618.52080734968
121499.29871701547
134856.59123093582
126565.63555275643
122924.1331671986
119813.45682674686
119221.30947414743
122404.63522050207
121456.4308537248
135485.85003279024
121811.1672719599
121980.408697546
121306.09831277168
131393.34664338495
140590.79992544075
122924.1331671986
121499.29871701547
121499.29871701547
121499.29871701547
127371.62603069442
120004.21594968018
122618.52080734966
120866.18457306642
139929.8203538646
121875.31681259237
127424.60408949609
119106.7659753545
122576.05594053406
121499.29871701547
125803.15560426093
121208.72731264922
129363.78325477625
153274.62757154688
121082.48346717967
126499.18501852182
132868.86595076148
121499.29871701547
116868.46011134503
121499.29871701547
122618.52080734966
121156.84161080798
116905.97226277147
137719.41253351743
121499.29871701547
116352.4396031052
121499.29871701547
121499.29871701547
141592.2959842083
118034.1078497941
121499.29871701547
133930.74403398915
121627.3117248153
133421.52002176116
126548.58326010536
116512.76706887032
122404.63522050207
115839.11655101478
147225.77121888055
122618.52080734968
130928.85741109039
119615.79735909142
119661.93107820378
129190.75662687968
119394.65294967208
115004.9121763323
119683.50891462747
140264.69115604006
143211.55428768985
119785.76858308192
135984.09426894799
141912.89063479225
122098.67060086146
122404.63522050207
117537.55643284792
135385.81889137832
118011.90398889725
153705.96319613227
143626.1174784882
115749.02100702519
110935.6984385507
109735.15159894375
115004.9121763323
114909.57016242885
111315.59539074817
115004.9121763323
115749.0210070252
118011.90398889725
135617.1123629336
122924.1331671986
115004.9121763323
115323.46258644803
118011.90398889725
118270.35623054013
115004.9121763323
114402.0538615754
127323.63438734272
115004.9121763323
115749.0210070252
123057.55646349164
113664.72379497756
114776.9377602216
118011.90398889725
115004.9121763323
115004.9121763323
114690.93134488152
115004.9121763323
113596.35219849084
114922.22486485507
117798.01840204965
111185.81425731153
129462.04398285925
117204.55045350747
114402.0538615754
112787.2405754567
125547.7222407275
133906.52536046942
115004.9121763323
115004.9121763323
109684.27064138511
115749.0210070252
121717.53695153029
115397.59913122775
118011.90398889725
114095.46794392729
115004.9121763323
117268.69999413996
122879.29331595439
114500.14915690209
115004.9121763323
115004.9121763323
119836.650351414
116602.1104941968
123637.62671630716
112432.70646441533
116830.54975052564
120888.2906037545
114046.98058334235
115749.0210070252
111671.2884332229
115004.9121763323
114909.57016242885
116146.20337573536
109232.23474125902
130469.83566316501
109684.27064138511
111155.26792498305
115749.0210070252
115749.0210070252
135460.99573798612
118034.1078497941
115127.90886469604
127799.45660014139
115004.9121763323
114701.88121321978
115004.9121763323
111315.59539074817
117061.45664087353
115004.9121763323
115004.9121763323
114909.57016242885
124465.75142647185
114449.14908243573
114841.18234060278
123908.84422623433
115004.9121763323
110935.6984385507
109531.1565346787
132653.21903484088
110510.97025404668
115289.86914858146
111533.92047352836
134984.0456562256
117492.05378240904
110935.6984385507
113085.68460288132
129859.21892966163
110935.6984385507
145505.33081305175
110935.6984385507
111062.52102075281
103188.60898861094
107607.4831421397
110935.6984385507
109232.23474125902
107063.66167409414
109232.23474125902
111062.52102075281
113560.03215893064
109232.23474125902
118640.58612191468
109232.23474125902
109012.43566307017
113912.29062013594
109232.23474125902
109232.23474125902
110118.50681629148
122275.32114466566
109232.23474125902
107390.95783328154
118285.59365359957
106513.2926252158
107068.19551491417
109232.23474125902
109232.23474125902
109232.23474125902
109493.7596667594
110935.6984385507
106625.63313295282
110107.41785050863
111054.68486705917
106499.31427103914
109232.23474125902
109232.23474125902
110118.50681629148
106883.57206675205
120028.06879276234
127737.1505432803
113006.2687470865
110935.6984385507
105085.42670022558
107390.95783328154
109232.23474125902
109232.23474125902
109232.23474125902
108423.60967856906
109232.23474125902
109232.23474125902
109232.23474125902
109232.23474125902
110935.6984385507
110711.0858701808
115862.14091744133
109232.23474125902
109232.23474125902
107400.42017840975
109232.23474125902
109232.23474125902
107869.17103272158
107390.95783328154
109232.23474125902
110935.6984385507
108397.69244843551
109232.23474125902
103188.60898861094
103188.60898861095
102509.64704936527
103025.72053611494
110873.60301271731
111062.52102075281
130578.24548086384
114009.0397030462
110441.40887842367
121669.96004667738
110711.0858701808
103188.60898861095
110763.28259352224
103025.72053611494
112609.5848109069
110935.6984385507
112254.34259461185
103025.72053611494
103188.60898861095
110382.60252995632
110768.48687363988
118796.11334212519
103188.60898861095
108150.97723801246
105229.99025968985
103188.60898861095
102928.26299316241
103188.60898861095
107073.52111341267
103188.60898861095
112349.9770450186
103188.60898861095
103025.72053611494
103188.60898861095
106634.53216356186
137907.79474378866
103188.60898861095
106455.9042023004
98208.48077437642
102260.70495134332
101670.61620227959
105118.61178104099
101673.73371786842
101670.61620227959
102260.70495134332
101673.73371786842
101670.61620227959
101673.73371786842
101670.61620227959
101673.73371786842
109143.18865597124
101670.61620227959
105163.02100347742
105681.45321383476
117463.8968854979
101670.61620227959
103321.74409549995
101707.54275316636
102260.70495134332
102866.5911900255
105163.02100347742
101670.61620227959
105118.61178104099
101602.23938179051
101670.61620227959
101670.61620227959
102730.15888688175
105195.93461883857
102768.72360861862
105163.02100347742
101670.61620227959
101478.62462163823
101026.15637022443
115682.57807764735
101689.64937198567
108083.58663423358
101670.61620227959
99457.90762176146
106231.75791586837
101670.61620227959
105163.02100347742
101670.61620227959
104015.39221473504
101670.61620227959
101670.61620227959
105163.02100347742
106649.91605355876
106634.53216356186
101670.61620227959
110192.73605768563
105118.61178104099
105163.02100347742
98909.05746782711
106360.76733853374
105163.02100347742
98909.05746782711
102260.70495134332
105163.02100347742
106634.53216356186
101673.73371786842
105163.02100347742
101670.61620227959
98887.4427136221
98208.48077437642
95978.15345406931
95978.15345406931
96568.24220313304
126161.5716579895
110283.7243089426
96568.24220313304
96808.66162101313
95978.15345406931
98543.07889722477
95978.15345406931
98724.55426112609
108357.65109425287
95978.15345406931
95978.15345406931
98380.19044472877
95978.15345406931
96808.66162101313
99622.18810253468
96808.66162101313
95978.15345406931
103764.34024836893
96808.66162101313
95978.15345406931
95978.15345406931
95978.15345406931
95978.15345406931
95978.15345406931
96399.72882602067
95978.15345406931
95978.15345406931
95978.15345406931
106634.53216356186
130320.24368567966
98887.4427136221
96568.24220313304
92397.81330442148
95978.1534540693
95978.1534540693
95978.1534540693
95978.1534540693
95978.1534540693
95978.1534540693
96303.3545734212
95978.1534540693
96862.71234506821
95978.1534540693
97393.1446590419
95978.1534540693
96530.71895767692
98113.79041184385
95978.1534540693
112697.16011802966
95978.1534540693
97317.74193549815
95978.1534540693
95978.1534540693
95978.1534540693
95978.1534540693
95447.0318310389
100817.44550605214
95978.1534540693
95489.90496763853
95978.1534540693
98794.3205759252
96824.95082635777
95978.1534540693
95978.1534540693
95978.15345406931
94860.38766542973
94068.48448133023
95978.1534540693
94815.83953782437
103782.42035924474
95978.1534540693
93103.56578885157
101930.59164087952
95978.1534540693
95978.1534540693
95489.90496763853
95978.1534540693
95978.15345406931
95978.1534540693
95978.1534540693
95978.1534540693
102938.9682409542
95978.15345406931
105596.73508261621
100817.44550605214
95978.1534540693
95762.0298613465
102059.60106354489
95978.1534540693
92290.8205116186
96037.12058010262
100861.85472848857
97243.77286001782
95978.1534540693
95978.1534540693
95978.1534540693
95978.1534540693
95978.1534540693
92397.81330442148
95573.0915137099
92397.81330442149
91089.05504052153
91089.05504052153
92397.81330442149
93228.32147136531
92397.81330442149
92397.81330442149
92192.20334172613
92397.81330442149
104411.07590322303
92192.20334172613
92192.20334172613
92397.81330442149
92192.20334172613
93228.32147136531
92192.20334172613
93228.32147136531
92397.81330442149
92397.81330442149
96808.66162101313
92192.20334172613
92397.81330442149
92192.20334172613
92397.81330442149
92192.20334172613
92819.38867637285
92192.20334172613
92192.20334172613
92192.20334172613
92397.81330442149
123714.21724537194
92397.81330442149
92397.81330442149
90825.9226913623
92910.82628344657
90825.9226913623
90825.9226913623
92397.81330442148
90825.9226913623
90825.9226913623
90825.9226913623
90825.9226913623
89591.1295561601
92397.81330442148
93681.34911572059
92397.81330442148
90825.9226913623
93533.24430244676
95978.1534540693
90825.9226913623
90825.9226913623
90825.9226913623
92397.81330442148
90825.9226913623
90825.9226913623
90825.9226913623
91866.69168139108
90825.9226913623
90825.9226913623
89109.99995145758
90825.9226913623
90825.9226913623
93244.61067670996
92397.81330442148
90825.9226913623
90825.9226913623
90825.9226913623
90501.33326857013
90825.9226913623
94815.83953782437
100086.85643663708
90825.9226913623
89728.5082452759
90825.9226913623
92619.4275031001
90825.9226913623
89230.12571526082
92397.81330442148
90825.9226913623
90825.9226913623
90825.9226913623
92397.81330442148
99397.55821825129
90825.9226913623
101878.31381542384
96677.23362505414
90825.9226913623
90825.9226913623
98299.02615282114
92397.81330442148
89501.6725013672
90825.9226913623
97166.29080588091
90825.9226913623
90825.9226913623
90825.9226913623
90825.9226913623
90825.9226913623
90825.9226913623
92397.81330442148
91636.20761620055
88578.27771510046
90825.9226913623
90779.16054268602
88856.40328171861
89686.91144866243
90825.92269136228
90825.92269136228
88650.79331902324
90825.92269136228
90825.92269136228
90825.92269136228
88650.79331902324
90825.92269136228
90825.92269136228
90825.92269136228
88650.79331902324
89686.91144866243
88856.40328171858
90825.92269136228
92397.81330442149
88650.79331902324
88856.40328171858
88650.79331902324
88856.40328171858
90825.92269136228
90825.92269136228
90522.00733745663
90825.92269136228
88650.79331902324
88856.40328171861
118024.9990813691
88856.40328171861
88856.40328171861
84981.2434966531
86270.41305187266
87284.51266865942
87415.42154323577
88377.98090541382
88141.27504552447
87415.42154323577
87284.51266865942
87415.42154323577
86823.29267055092
88571.60900305203
87177.57426310952
88377.98090541382
87415.42154323577
88422.99464427985
88578.27771510044
87284.51266865942
87284.51266865942
87284.51266865942
88377.98090541382
87415.42154323577
87284.51266865942
87284.51266865942
88571.60900305203
87415.42154323577
86409.74460398676
85533.21091634364
87015.3092979799
87415.42154323577
88578.27771510044
88856.4032817186
88169.09121096524
90790.97890458562
87284.51266865942
86186.88260666827
87415.42154323577
88768.76623218531
88578.27771510044
87415.42154323577
86817.18180019358
87284.51266865942
89078.01748039722
87284.51266865942
85653.33668014687
88571.60900305203
87015.3092979799
87415.42154323577
87415.42154323577
88482.17187395516
88578.27771510044
87284.51266865942
88578.27771510044
95948.06204338536
87415.42154323577
87415.42154323577
88578.27771510044
88482.17187395516
86302.08425230336
87284.51266865942
88578.27771510044
88628.79971978282
87284.51266865942
87015.3092979799
87415.42154323577
87284.51266865942
87284.51266865942
88683.52983171467
88578.27771510044
84981.2434966531
87284.51266865942
80288.62163841036
82673.8109627497
83504.31912969353
87284.51266865939
81565.22076872275
85575.71556181875
81600.05198439934
87284.51266865939
81565.22076872275
85357.460064285
87284.51266865939
87284.51266865939
81565.22076872275
81624.82321550779
83504.31912969353
82673.8109627497
87284.51266865939
82873.97903262271
81624.82321550779
82873.97903262271
81624.82321550779
82873.97903262271
81565.22076872275
81565.22076872275
87228.67408271838
87284.51266865939
81624.82321550779
84987.91220870153
84695.935738647
82873.97903262271
82873.97903262271
77033.52548134356
79792.77359875682
83694.14716226049
79792.77359875682
79792.77359875682
79075.65409831215
79792.77359875682
83694.14716226049
79792.77359875682
84064.04455313766
79792.77359875682
79737.77826523695
79792.77359875682
83745.36197569886
85219.08823954726
79792.77359875682
79351.59681434969
79351.59681434969
83694.14716226049
82280.40547285405
79792.77359875682
79351.59681434969
79351.59681434969
79792.77359875682
79792.77359875682
82572.91201314337
79146.29146799393
83424.94379158097
79792.77359875682
79792.77359875682
85266.03777531967
79351.59681434969
84466.64242415475
79351.59681434969
83957.05757457596
79792.77359875682
88575.51939166272
81907.74187980799
79792.77359875682
79792.77359875682
79351.59681434969
85487.65197399829
83694.14716226049
79792.77359875682
79792.77359875682
79792.77359875682
79792.77359875682
79792.77359875682
79792.77359875682
79792.77359875682
79351.59681434969
84987.91220870151
79792.77359875682
83745.36197569886
79792.77359875682
79792.77359875682
84891.80636755623
83868.15758811311
83694.14716226049
79792.77359875682
79351.59681434969
79351.59681434969
79792.77359875682
83578.58895239237
83694.14716226049
79351.59681434969
79792.77359875682
79792.77359875682
79792.77359875682
79351.59681434969
77033.52548134356
79414.12903214557
77033.52548134356
77033.52548134356
77033.52548134356
77033.52548134356
77033.52548134356
77033.52548134356
77033.52548134356
77033.52548134356
77033.52548134356
83694.14716226049
77033.52548134356
77033.52548134356
77033.52548134356
77033.52548134356
77033.52548134356
80114.73091520945
77033.52548134356
77033.52548134356
77033.52548134356
82399.56240046192
81565.22076872275
77033.52548134356
84415.05438842405
77033.52548134356
77033.52548134356
77033.52548134356
77033.52548134356
77033.52548134356
77033.52548134356
73833.93723227971
77033.52548134356
77033.52548134356
77033.52548134356
77033.52548134356
76316.40598089888
77033.52548134356
77033.52548134356
77033.52548134356
80864.45630407381
77033.52548134356
76978.53014782368
77033.52548134356
80154.99646929993
77033.52548134356
77033.52548134356
79351.59681434969
76638.40644041727
77033.52548134356
77033.52548134356
77033.52548134356
76307.69858263535
76638.40644041727
77033.52548134356
77033.52548134356
77033.52548134356
76927.20372542128
77033.52548134356
77033.52548134356
77033.52548134356
77033.52548134356
76638.40644041727
77033.52548134356
76307.69858263535
77033.52548134356
77033.52548134356
76638.40644041727
77033.52548134356
77033.52548134356
77033.52548134356
76307.69858263535
77033.52548134356
80934.89904484723
77033.52548134356
77033.52548134356
77033.52548134356
77033.52548134356
77033.52548134356
77033.52548134356
77033.52548134356
76638.40644041727
76581.25561457375
77033.52548134356
79133.23291370718
77033.52548134356
77033.52548134356
82132.55825014296
77033.52548134356
77033.52548134356
77033.52548134356
76307.69858263535
76592.34869693643
77033.52548134356
77033.52548134356
77033.52548134356
76638.40644041727
77033.52548134356
77033.52548134356
77033.52548134356
76307.69858263535
73833.93723227971
73833.93723227971
73833.93723227971
73833.93723227971
73833.93723227971
73833.93723227971
73833.93723227971
73833.93723227971
73833.93723227971
73833.93723227971
73833.93723227971
73833.93723227971
73833.93723227971
73833.93723227971
73833.93723227971
73833.93723227971
73833.93723227971
76915.1426661456
73833.93723227971
73833.93723227971
73833.93723227971
79640.31428304865
73833.93723227971
73833.93723227971
73833.93723227971
73833.93723227971
73833.93723227971
73833.93723227971
73833.93723227971
73833.93723227971
73833.93723227971
71930.82808144996
73833.93723227971
73833.93723227971
73833.93723227971
73833.93723227971
73185.47216695073
73833.93723227971
73833.93723227971
73833.93723227971
78430.52963988356
73833.93723227971
73553.3184407002
73833.93723227971
73833.93723227971
73833.93723227971
73833.93723227971
76638.40644041727
71563.09943335826
73833.93723227971
73833.93723227971
73833.93723227971
70255.84761288186
70888.77975297693
77033.52548134356
73833.93723227971
